"Energy (MeV/nuc)"	"Flux (particles/m2-s-sr-MeV/nuc)"
""	Z=1	Z=2	Z=3	Z=4	Z=5	Z=6	Z=7	Z=8	Z=9	Z=10	Z=11	Z=12	Z=13	Z=14	Z=15	Z=16	Z=17	Z=18	Z=19	Z=20	Z=21	Z=22	Z=23	Z=24	Z=25	Z=26	Z=27	Z=28	Z=29	Z=30	Z=31	Z=32	Z=33	Z=34	Z=35	Z=36	Z=37	Z=38	Z=39	Z=40	Z=41	Z=42	Z=43	Z=44	Z=45	Z=46	Z=47	Z=48	Z=49	Z=50	Z=51	Z=52	Z=53	Z=54	Z=55	Z=56	Z=57	Z=58	Z=59	Z=60	Z=61	Z=62	Z=63	Z=64	Z=65	Z=66	Z=67	Z=68	Z=69	Z=70	Z=71	Z=72	Z=73	Z=74	Z=75	Z=76	Z=77	Z=78	Z=79	Z=80	Z=81	Z=82	Z=83	Z=90	Z=92
1.0023	19.21	1.2876	0.0013405	7.0525e-05	0.001916	0.02593	0.0031748	0.029475	0.00019089	0.0054356	0.00060775	0.0057467	0.00082817	0.00345	2.633e-05	0.00025676	7.545e-06	0.00015499	2.9289e-05	0.00051648	5.1995e-05	0.00020689	0.00020367	0.00034732	0.00029761	0.0015747	1.3105e-06	5.8324e-05	1.0767e-06	1.3913e-06	1.0367e-07	2.2385e-07	1.4232e-08	8.3691e-08	1.5536e-08	4.3483e-08	1.4142e-08	4.6581e-08	1.0407e-08	2.5619e-08	4.635e-09	1.2976e-08	1.5209e-09	4.9739e-09	2.5639e-09	7.3958e-09	2.4061e-09	6.4525e-09	1.4198e-09	7.6103e-09	1.6055e-09	9.3151e-09	1.7853e-09	4.4009e-09	1.0577e-09	1.0947e-08	9.7862e-10	2.9287e-09	6.974e-10	2.5997e-09	3.0775e-10	2.9319e-09	5.0417e-10	2.2887e-09	5.7139e-10	2.2901e-09	8.6692e-10	1.4391e-09	2.9397e-10	1.4575e-09	2.1271e-10	1.3276e-09	1.1964e-10	1.3284e-09	4.5911e-10	1.9721e-09	1.2974e-09	2.4647e-09	4.5966e-10	8.0571e-10	2.4709e-10	2.3072e-09	1.2018e-10	1.3427e-10	8.1308e-11
1.01623	19.732	1.3124	0.0013687	7.2475e-05	0.0019603	0.026448	0.0032443	0.030044	0.00019521	0.0055361	0.00062027	0.0058588	0.0008447	0.003519	2.6977e-05	0.00026252	7.7534e-06	0.00015724	3.0041e-05	0.00052716	5.3127e-05	0.00021129	0.00020761	0.00035424	0.00030319	0.0016068	1.3439e-06	5.9566e-05	1.0986e-06	1.4197e-06	1.0579e-07	2.2842e-07	1.4524e-08	8.5396e-08	1.5854e-08	4.4368e-08	1.443e-08	4.7532e-08	1.0619e-08	2.6143e-08	4.7298e-09	1.3241e-08	1.552e-09	5.0757e-09	2.6164e-09	7.5464e-09	2.4554e-09	6.584e-09	1.4487e-09	7.7655e-09	1.6382e-09	9.5055e-09	1.8218e-09	4.4908e-09	1.0793e-09	1.1171e-08	9.9862e-10	2.9885e-09	7.1163e-10	2.6528e-09	3.1403e-10	2.9918e-09	5.1447e-10	2.3355e-09	5.8307e-10	2.3369e-09	8.8464e-10	1.4685e-09	2.9998e-10	1.4873e-09	2.1705e-10	1.3547e-09	1.2209e-10	1.3556e-09	4.685e-10	2.0125e-09	1.3239e-09	2.5151e-09	4.6907e-10	8.222e-10	2.5216e-10	2.3544e-09	1.2264e-10	1.3702e-10	8.2977e-11
1.03036	20.273	1.338	0.0013977	7.4493e-05	0.0020059	0.026981	0.0033159	0.030629	0.00019966	0.0056395	0.00063316	0.0059742	0.00086172	0.0035899	2.7645e-05	0.00026846	7.9692e-06	0.00015957	3.0819e-05	0.00053816	5.4294e-05	0.00021582	0.00021167	0.00036136	0.00030893	0.0016398	1.3784e-06	6.0845e-05	1.1212e-06	1.4489e-06	1.0797e-07	2.3314e-07	1.4823e-08	8.715e-08	1.6181e-08	4.528e-08	1.4727e-08	4.8508e-08	1.0839e-08	2.6683e-08	4.8274e-09	1.3514e-08	1.584e-09	5.18e-09	2.6703e-09	7.7014e-09	2.5058e-09	6.7194e-09	1.4785e-09	7.9253e-09	1.6719e-09	9.7015e-09	1.8593e-09	4.5834e-09	1.1015e-09	1.1401e-08	1.0192e-09	3.0501e-09	7.2628e-10	2.7074e-09	3.2049e-10	3.0534e-09	5.2507e-10	2.3837e-09	5.9509e-10	2.3851e-09	9.0289e-10	1.4988e-09	3.0617e-10	1.518e-09	2.2153e-10	1.3827e-09	1.2461e-10	1.3836e-09	4.7817e-10	2.054e-09	1.3513e-09	2.5671e-09	4.7875e-10	8.3919e-10	2.5737e-10	2.4031e-09	1.2517e-10	1.3986e-10	8.4695e-11
1.04467	20.838	1.3644	0.0014278	7.6594e-05	0.0020533	0.027534	0.0033901	0.031234	0.00020428	0.0057463	0.00064653	0.0060937	0.00087936	0.0036634	2.8339e-05	0.00027462	8.194e-06	0.00016193	3.1628e-05	0.00054956	5.5504e-05	0.00022052	0.00021588	0.00036874	0.00031488	0.001674	1.4142e-06	6.217e-05	1.1447e-06	1.4791e-06	1.1023e-07	2.3801e-07	1.5133e-08	8.8968e-08	1.6518e-08	4.6225e-08	1.5034e-08	4.9519e-08	1.1065e-08	2.7239e-08	4.9284e-09	1.3796e-08	1.617e-09	5.2879e-09	2.7259e-09	7.8619e-09	2.5581e-09	6.8596e-09	1.5093e-09	8.0908e-09	1.7069e-09	9.9046e-09	1.8981e-09	4.6793e-09	1.1245e-09	1.164e-08	1.0405e-09	3.1138e-09	7.4146e-10	2.764e-09	3.2719e-10	3.1173e-09	5.3604e-10	2.4336e-09	6.0755e-10	2.4351e-09	9.2179e-10	1.5302e-09	3.1257e-10	1.5498e-09	2.2617e-10	1.4116e-09	1.2722e-10	1.4125e-09	4.8819e-10	2.0971e-09	1.3796e-09	2.6209e-09	4.8878e-10	8.5678e-10	2.6276e-10	2.4535e-09	1.278e-10	1.428e-10	8.6474e-11
1.05919	21.419	1.3913	0.0014584	7.8748e-05	0.0021018	0.028097	0.0034659	0.03185	0.00020899	0.005855	0.00066015	0.0062155	0.00089733	0.0037384	2.9049e-05	0.00028091	8.4245e-06	0.00016429	3.2456e-05	0.00056119	5.6738e-05	0.00022532	0.00022016	0.00037626	0.00032092	0.0017089	1.451e-06	6.3523e-05	1.1685e-06	1.51e-06	1.1253e-07	2.4296e-07	1.5448e-08	9.0821e-08	1.6862e-08	4.7187e-08	1.5347e-08	5.055e-08	1.1295e-08	2.7805e-08	5.0309e-09	1.4083e-08	1.6506e-09	5.3979e-09	2.7826e-09	8.0256e-09	2.6113e-09	7.0025e-09	1.5408e-09	8.2596e-09	1.7425e-09	1.0112e-08	1.9377e-09	4.777e-09	1.148e-09	1.1883e-08	1.0623e-09	3.1789e-09	7.5693e-10	2.8217e-09	3.3401e-10	3.1824e-09	5.4724e-10	2.4845e-09	6.2025e-10	2.486e-09	9.4107e-10	1.5622e-09	3.1911e-10	1.5822e-09	2.309e-10	1.4412e-09	1.2988e-10	1.4421e-09	4.984e-10	2.141e-09	1.4084e-09	2.6757e-09	4.9901e-10	8.7472e-10	2.6827e-10	2.5049e-09	1.3047e-10	1.4579e-10	8.8288e-11
1.07391	22.023	1.4191	0.0014901	8.0974e-05	0.0021518	0.028678	0.0035442	0.032485	0.00021387	0.0059671	0.00067422	0.0063411	0.00091587	0.0038157	2.9784e-05	0.00028742	8.6638e-06	0.00016677	3.3314e-05	0.00057319	5.8014e-05	0.00023027	0.00022458	0.00038402	0.00032716	0.0017448	1.489e-06	6.492e-05	1.1932e-06	1.5418e-06	1.149e-07	2.4807e-07	1.5772e-08	9.2732e-08	1.7216e-08	4.8181e-08	1.567e-08	5.1613e-08	1.1532e-08	2.839e-08	5.1366e-09	1.4379e-08	1.6854e-09	5.5115e-09	2.8411e-09	8.1945e-09	2.6662e-09	7.15e-09	1.5733e-09	8.4337e-09	1.7792e-09	1.0325e-08	1.9786e-09	4.8779e-09	1.1722e-09	1.2135e-08	1.0847e-09	3.246e-09	7.7289e-10	2.8813e-09	3.4105e-10	3.2496e-09	5.5879e-10	2.537e-09	6.3335e-10	2.5385e-09	9.6096e-10	1.5952e-09	3.2585e-10	1.6157e-09	2.3578e-10	1.4716e-09	1.3263e-10	1.4726e-09	5.0894e-10	2.1863e-09	1.4382e-09	2.7323e-09	5.0957e-10	8.9323e-10	2.7395e-10	2.5579e-09	1.3324e-10	1.4888e-10	9.0161e-11
1.08884	22.642	1.4472	0.0015221	8.3244e-05	0.0022026	0.029267	0.0036237	0.033129	0.00021882	0.0060811	0.00068847	0.0064683	0.00093466	0.0038941	3.0532e-05	0.00029402	8.9077e-06	0.00016932	3.4188e-05	0.00058536	5.9308e-05	0.00023529	0.00022904	0.00039187	0.00033347	0.0017813	1.5277e-06	6.6337e-05	1.2182e-06	1.5741e-06	1.1729e-07	2.5324e-07	1.6102e-08	9.467e-08	1.7576e-08	4.9188e-08	1.5997e-08	5.2691e-08	1.1773e-08	2.8983e-08	5.2438e-09	1.4679e-08	1.7205e-09	5.6266e-09	2.9004e-09	8.3657e-09	2.7219e-09	7.2995e-09	1.6061e-09	8.6102e-09	1.8165e-09	1.0542e-08	2.02e-09	4.9801e-09	1.1968e-09	1.2389e-08	1.1074e-09	3.314e-09	7.8907e-10	2.9416e-09	3.4819e-10	3.3177e-09	5.7049e-10	2.5902e-09	6.4663e-10	2.5918e-09	9.8112e-10	1.6286e-09	3.3268e-10	1.6496e-09	2.4073e-10	1.5025e-09	1.3541e-10	1.5035e-09	5.1962e-10	2.2322e-09	1.4684e-09	2.7897e-09	5.2027e-10	9.1199e-10	2.797e-10	2.6117e-09	1.3604e-10	1.5202e-10	9.2059e-11
1.10397	22.402	1.4349	0.0015145	8.3333e-05	0.0021943	0.029036	0.0036092	0.032913	0.00021782	0.0060698	0.00068387	0.0064154	0.00092774	0.0038634	3.0442e-05	0.00029241	8.9094e-06	0.00017134	3.4121e-05	0.00058115	5.8998e-05	0.000234	0.00022739	0.00038917	0.00033085	0.0017696	1.5256e-06	6.594e-05	1.2102e-06	1.5637e-06	1.1652e-07	2.5157e-07	1.5995e-08	9.4047e-08	1.746e-08	4.8864e-08	1.5892e-08	5.2344e-08	1.1695e-08	2.8791e-08	5.2091e-09	1.4582e-08	1.7092e-09	5.5895e-09	2.8813e-09	8.3106e-09	2.7039e-09	7.2515e-09	1.5956e-09	8.5538e-09	1.8046e-09	1.0473e-08	2.0068e-09	4.9477e-09	1.189e-09	1.2308e-08	1.1002e-09	3.2923e-09	7.8391e-10	2.9224e-09	3.4591e-10	3.296e-09	5.6677e-10	2.5734e-09	6.4242e-10	2.5749e-09	9.7474e-10	1.6181e-09	3.3052e-10	1.6388e-09	2.3916e-10	1.4928e-09	1.3453e-10	1.4937e-09	5.1625e-10	2.2177e-09	1.4589e-09	2.7716e-09	5.169e-10	9.0609e-10	2.779e-10	2.5948e-09	1.3516e-10	1.5104e-10	9.1467e-11
1.11931	21.637	1.3978	0.0014822	8.2046e-05	0.0021491	0.028303	0.0035367	0.032171	0.00021312	0.0059816	0.00066766	0.0062521	0.00090505	0.0037658	2.9829e-05	0.00028571	8.7584e-06	0.00017317	3.3466e-05	0.00056685	5.7697e-05	0.0002288	0.00022198	0.00037999	0.00032274	0.0017282	1.498e-06	6.4423e-05	1.1819e-06	1.5272e-06	1.1379e-07	2.4568e-07	1.562e-08	9.1847e-08	1.7051e-08	4.7722e-08	1.552e-08	5.1119e-08	1.1421e-08	2.8117e-08	5.0871e-09	1.4241e-08	1.6691e-09	5.4586e-09	2.8138e-09	8.1162e-09	2.6406e-09	7.082e-09	1.5583e-09	8.354e-09	1.7625e-09	1.0229e-08	1.96e-09	4.8323e-09	1.1613e-09	1.2021e-08	1.0746e-09	3.2155e-09	7.6561e-10	2.8542e-09	3.3783e-10	3.2191e-09	5.5354e-10	2.5134e-09	6.2744e-10	2.5149e-09	9.5202e-10	1.5803e-09	3.2281e-10	1.6007e-09	2.3359e-10	1.458e-09	1.314e-10	1.459e-09	5.0423e-10	2.1661e-09	1.425e-09	2.7071e-09	5.0486e-10	8.8499e-10	2.7143e-10	2.5344e-09	1.3201e-10	1.4753e-10	8.9341e-11
1.13487	20.896	1.3615	0.0014504	8.0761e-05	0.0021044	0.027584	0.0034654	0.031445	0.00020849	0.005895	0.00065172	0.0060921	0.00088276	0.0036701	2.9223e-05	0.00027912	8.6081e-06	0.00017504	3.2817e-05	0.00055282	5.6415e-05	0.00022368	0.00021667	0.00037096	0.00031477	0.0016876	1.4705e-06	6.2931e-05	1.154e-06	1.4912e-06	1.111e-07	2.3989e-07	1.5252e-08	8.9685e-08	1.6649e-08	4.6598e-08	1.5154e-08	4.9915e-08	1.1152e-08	2.7454e-08	4.9672e-09	1.3905e-08	1.6298e-09	5.3301e-09	2.7475e-09	7.9251e-09	2.5784e-09	6.9154e-09	1.5216e-09	8.1576e-09	1.721e-09	9.9891e-09	1.9139e-09	4.7188e-09	1.134e-09	1.1739e-08	1.0493e-09	3.14e-09	7.4761e-10	2.7871e-09	3.2989e-10	3.1436e-09	5.4054e-10	2.4544e-09	6.1272e-10	2.4559e-09	9.2969e-10	1.5433e-09	3.1524e-10	1.5631e-09	2.2811e-10	1.4238e-09	1.2831e-10	1.4247e-09	4.924e-10	2.1153e-09	1.3916e-09	2.6437e-09	4.9302e-10	8.6425e-10	2.6507e-10	2.475e-09	1.2892e-10	1.4408e-10	8.7252e-11
1.15064	20.176	1.3261	0.0014193	7.9499e-05	0.0020607	0.026882	0.0033959	0.030738	0.00020396	0.0058113	0.00063615	0.0059359	0.00086101	0.0035767	2.8629e-05	0.00027267	8.4606e-06	0.0001769	3.2181e-05	0.00053912	5.5161e-05	0.00021866	0.00021148	0.00036212	0.00030698	0.0016478	1.4434e-06	6.1473e-05	1.1267e-06	1.456e-06	1.0848e-07	2.3423e-07	1.4892e-08	8.7572e-08	1.6256e-08	4.55e-08	1.4797e-08	4.8739e-08	1.0889e-08	2.6807e-08	4.85e-09	1.3577e-08	1.5914e-09	5.2044e-09	2.6827e-09	7.7383e-09	2.5176e-09	6.7525e-09	1.4858e-09	7.9656e-09	1.6805e-09	9.7545e-09	1.8689e-09	4.6079e-09	1.1073e-09	1.1464e-08	1.0247e-09	3.0662e-09	7.3003e-10	2.7216e-09	3.2213e-10	3.0697e-09	5.2783e-10	2.3968e-09	5.9832e-10	2.3982e-09	9.0786e-10	1.507e-09	3.0783e-10	1.5264e-09	2.2275e-10	1.3904e-09	1.253e-10	1.3913e-09	4.8085e-10	2.0657e-09	1.3589e-09	2.5816e-09	4.8145e-10	8.4398e-10	2.5885e-10	2.417e-09	1.2589e-10	1.407e-10	8.5209e-11
1.16663	19.478	1.2914	0.0013887	7.8243e-05	0.0020173	0.026195	0.0033276	0.030047	0.00019949	0.0057303	0.00062086	0.0057829	0.00083967	0.0034851	2.8043e-05	0.00026633	8.314e-06	0.00017875	3.1551e-05	0.00052569	5.3927e-05	0.00021371	0.00020638	0.00035342	0.00029935	0.0016087	1.4167e-06	6.0039e-05	1.0999e-06	1.4213e-06	1.059e-07	2.2867e-07	1.4539e-08	8.5497e-08	1.5871e-08	4.4422e-08	1.4446e-08	4.7583e-08	1.0631e-08	2.6171e-08	4.7349e-09	1.3255e-08	1.5536e-09	5.081e-09	2.6191e-09	7.5549e-09	2.4579e-09	6.5926e-09	1.4506e-09	7.7771e-09	1.6408e-09	9.5241e-09	1.8247e-09	4.499e-09	1.0811e-09	1.1193e-08	1.0005e-09	2.9937e-09	7.1275e-10	2.6572e-09	3.145e-10	2.9971e-09	5.1535e-10	2.3402e-09	5.8418e-10	2.3416e-09	8.8641e-10	1.4714e-09	3.0056e-10	1.4904e-09	2.1749e-10	1.3576e-09	1.2234e-10	1.3585e-09	4.695e-10	2.017e-09	1.3268e-09	2.5207e-09	4.7009e-10	8.2407e-10	2.5275e-10	2.36e-09	1.2292e-10	1.3737e-10	8.3166e-11
1.18284	18.8	1.2575	0.0013587	7.7005e-05	0.0019748	0.025523	0.003261	0.029373	0.00019511	0.0056528	0.00060592	0.0056335	0.00081881	0.0033957	2.7467e-05	0.00026013	8.1699e-06	0.00018059	3.0933e-05	0.00051255	5.2713e-05	0.00020886	0.0002014	0.00034491	0.00029189	0.0015703	1.3903e-06	5.8636e-05	1.0737e-06	1.3875e-06	1.0338e-07	2.2323e-07	1.4193e-08	8.3466e-08	1.5494e-08	4.3367e-08	1.4103e-08	4.6453e-08	1.0378e-08	2.5549e-08	4.6223e-09	1.294e-08	1.5167e-09	4.9602e-09	2.5568e-09	7.3754e-09	2.3995e-09	6.4361e-09	1.4162e-09	7.5927e-09	1.6019e-09	9.2987e-09	1.7814e-09	4.3925e-09	1.0555e-09	1.0928e-08	9.7678e-10	2.9228e-09	6.9585e-10	2.5942e-09	3.0705e-10	2.9261e-09	5.0314e-10	2.2848e-09	5.7035e-10	2.2862e-09	8.6544e-10	1.4366e-09	2.9344e-10	1.4551e-09	2.1235e-10	1.3255e-09	1.1945e-10	1.3263e-09	4.5839e-10	1.9693e-09	1.2955e-09	2.4611e-09	4.5898e-10	8.0459e-10	2.4678e-10	2.3043e-09	1.2002e-10	1.3405e-10	8.1158e-11
1.19928	18.143	1.2244	0.0013291	7.5776e-05	0.0019329	0.024866	0.0031956	0.028716	0.00019081	0.0055779	0.00059125	0.0054873	0.00079838	0.0033082	2.69e-05	0.00025403	8.027e-06	0.00018249	3.0323e-05	0.00049969	5.1519e-05	0.0002041	0.00019651	0.00033656	0.00028459	0.0015327	1.3643e-06	5.7259e-05	1.048e-06	1.3542e-06	1.0091e-07	2.179e-07	1.3854e-08	8.1474e-08	1.5123e-08	4.2333e-08	1.3767e-08	4.5344e-08	1.013e-08	2.4938e-08	4.5118e-09	1.2631e-08	1.4804e-09	4.8418e-09	2.4958e-09	7.1994e-09	2.3422e-09	6.2826e-09	1.3824e-09	7.4117e-09	1.5637e-09	9.0775e-09	1.739e-09	4.2879e-09	1.0304e-09	1.0668e-08	9.5354e-10	2.8532e-09	6.7928e-10	2.5325e-09	2.9973e-10	2.8565e-09	4.9116e-10	2.2304e-09	5.5678e-10	2.2318e-09	8.4485e-10	1.4024e-09	2.8646e-10	1.4205e-09	2.073e-10	1.2939e-09	1.1661e-10	1.2948e-09	4.4749e-10	1.9225e-09	1.2647e-09	2.4027e-09	4.4807e-10	7.8547e-10	2.4092e-10	2.2495e-09	1.1717e-10	1.308e-10	7.9189e-11
1.21595	17.505	1.1921	0.0013001	7.456e-05	0.0018917	0.024223	0.0031316	0.028075	0.00018657	0.0055055	0.00057689	0.0053444	0.00077838	0.0032227	2.6342e-05	0.00024806	7.8858e-06	0.00018442	2.9722e-05	0.00048709	5.0347e-05	0.00019944	0.00019173	0.00032839	0.00027744	0.0014958	1.3387e-06	5.5909e-05	1.0228e-06	1.3217e-06	9.8491e-08	2.1267e-07	1.3522e-08	7.9523e-08	1.4761e-08	4.1319e-08	1.3437e-08	4.4257e-08	9.8871e-09	2.4341e-08	4.4036e-09	1.2328e-08	1.4449e-09	4.7258e-09	2.436e-09	7.0269e-09	2.2861e-09	6.1322e-09	1.3493e-09	7.2344e-09	1.5263e-09	8.8608e-09	1.6974e-09	4.1855e-09	1.0058e-09	1.0413e-08	9.3077e-10	2.785e-09	6.6303e-10	2.4719e-09	2.9256e-10	2.7882e-09	4.7942e-10	2.1772e-09	5.4349e-10	2.1786e-09	8.2469e-10	1.369e-09	2.7962e-10	1.3866e-09	2.0235e-10	1.2631e-09	1.1383e-10	1.2639e-09	4.3682e-10	1.8767e-09	1.2345e-09	2.3454e-09	4.3738e-10	7.6675e-10	2.3515e-10	2.1955e-09	1.1438e-10	1.2761e-10	7.7262e-11
1.23285	16.888	1.1605	0.0012717	7.3362e-05	0.0018513	0.023596	0.0030691	0.027451	0.0001824	0.0054352	0.00056283	0.0052049	0.00075884	0.0031391	2.5794e-05	0.00024221	7.7469e-06	0.0001863	2.9131e-05	0.00047479	4.92e-05	0.00019486	0.00018705	0.0003204	0.00027046	0.0014598	1.3134e-06	5.4583e-05	9.9818e-07	1.2898e-06	9.6122e-08	2.0756e-07	1.3197e-08	7.7614e-08	1.4406e-08	4.0327e-08	1.3114e-08	4.3195e-08	9.6495e-09	2.3756e-08	4.2977e-09	1.2032e-08	1.4102e-09	4.6122e-09	2.3774e-09	6.8582e-09	2.2312e-09	5.985e-09	1.3169e-09	7.061e-09	1.4897e-09	8.6488e-09	1.6568e-09	4.0853e-09	9.8169e-10	1.0164e-08	9.0849e-10	2.7183e-09	6.4714e-10	2.4127e-09	2.8555e-10	2.7215e-09	4.6794e-10	2.1251e-09	5.3048e-10	2.1264e-09	8.0496e-10	1.3362e-09	2.7293e-10	1.3535e-09	1.9751e-10	1.2329e-09	1.1111e-10	1.2337e-09	4.2637e-10	1.8318e-09	1.205e-09	2.2893e-09	4.2693e-10	7.4832e-10	2.2941e-10	2.1418e-09	1.1159e-10	1.245e-10	7.5376e-11
1.24998	16.289	1.1297	0.0012438	7.2178e-05	0.0018117	0.022982	0.003008	0.026844	0.00017832	0.0053675	0.00054902	0.0050686	0.00073971	0.0030575	2.5256e-05	0.00023648	7.6091e-06	0.00018819	2.8551e-05	0.00046276	4.8075e-05	0.00019038	0.00018248	0.00031259	0.00026364	0.0014245	1.2886e-06	5.3283e-05	9.7407e-07	1.2587e-06	9.3804e-08	2.0255e-07	1.2879e-08	7.5746e-08	1.4059e-08	3.9356e-08	1.2798e-08	4.2154e-08	9.417e-09	2.3183e-08	4.1941e-09	1.1742e-08	1.3762e-09	4.5011e-09	2.3201e-09	6.693e-09	2.1774e-09	5.841e-09	1.2852e-09	6.8912e-09	1.4539e-09	8.4412e-09	1.6169e-09	3.9872e-09	9.5811e-10	9.9202e-09	8.8667e-10	2.653e-09	6.3159e-10	2.3547e-09	2.7868e-10	2.6561e-09	4.567e-10	2.0741e-09	5.1775e-10	2.0754e-09	7.8565e-10	1.3042e-09	2.6638e-10	1.321e-09	1.9277e-10	1.2033e-09	1.0844e-10	1.2041e-09	4.1615e-10	1.7869e-09	1.1757e-09	2.2333e-09	4.1659e-10	7.2998e-10	2.2379e-10	2.0894e-09	1.0886e-10	1.2145e-10	7.3531e-11
1.26735	15.709	1.0996	0.0012164	7.1005e-05	0.0017727	0.022383	0.0029483	0.026251	0.00017431	0.0053019	0.00053549	0.0049354	0.00072092	0.0029776	2.4724e-05	0.00023086	7.4727e-06	0.00019009	2.7978e-05	0.00045098	4.697e-05	0.00018599	0.00017799	0.00030493	0.00025696	0.0013899	1.2641e-06	5.2008e-05	9.5043e-07	1.2281e-06	9.1531e-08	1.9765e-07	1.2567e-08	7.3914e-08	1.3719e-08	3.8405e-08	1.2489e-08	4.1134e-08	9.189e-09	2.2622e-08	4.0926e-09	1.1458e-08	1.3429e-09	4.3922e-09	2.264e-09	6.5312e-09	2.1247e-09	5.6998e-09	1.2542e-09	6.7248e-09	1.4188e-09	8.2377e-09	1.5779e-09	3.8911e-09	9.3499e-10	9.681e-09	8.6529e-10	2.589e-09	6.1634e-10	2.2979e-09	2.7195e-10	2.592e-09	4.4568e-10	2.0241e-09	5.0527e-10	2.0254e-09	7.6671e-10	1.2727e-09	2.5996e-10	1.289e-09	1.8812e-10	1.1739e-09	1.058e-10	1.1745e-09	4.0594e-10	1.7429e-09	1.1468e-09	2.1783e-09	4.0633e-10	7.1201e-10	2.1828e-10	2.0379e-09	1.0618e-10	1.1847e-10	7.1724e-11
1.28496	15.147	1.0702	0.0011895	6.9846e-05	0.0017344	0.021797	0.0028899	0.025674	0.00017037	0.0052368	0.00052225	0.0048052	0.00070255	0.0028996	2.4201e-05	0.00022535	7.3381e-06	0.00019199	2.7411e-05	0.00043947	4.5888e-05	0.00018168	0.00017361	0.00029743	0.00025043	0.001356	1.2399e-06	5.076e-05	9.273e-07	1.1982e-06	8.9307e-08	1.9285e-07	1.2262e-08	7.2121e-08	1.3386e-08	3.7473e-08	1.2186e-08	4.0136e-08	8.9659e-09	2.2073e-08	3.9931e-09	1.118e-08	1.3103e-09	4.2856e-09	2.209e-09	6.3727e-09	2.0732e-09	5.5616e-09	1.2238e-09	6.5619e-09	1.3845e-09	8.038e-09	1.5397e-09	3.7969e-09	9.1237e-10	9.4468e-09	8.4436e-10	2.5263e-09	6.0141e-10	2.2423e-09	2.6536e-10	2.5293e-09	4.3489e-10	1.9748e-09	4.9305e-10	1.9758e-09	7.4794e-10	1.2416e-09	2.5367e-10	1.2572e-09	1.835e-10	1.1449e-09	1.0318e-10	1.1455e-09	3.9591e-10	1.6999e-09	1.1184e-09	2.1245e-09	3.963e-10	6.9442e-10	2.1289e-10	1.9876e-09	1.0356e-10	1.1554e-10	6.9955e-11
1.30282	14.602	1.0415	0.0011632	6.8701e-05	0.0016969	0.021224	0.0028329	0.025113	0.00016651	0.005174	0.0005093	0.0046781	0.0006846	0.0028234	2.3686e-05	0.00021996	7.2055e-06	0.00019396	2.6854e-05	0.00042821	4.4827e-05	0.00017745	0.00016932	0.0002901	0.00024405	0.0013229	1.2162e-06	4.9537e-05	9.0466e-07	1.169e-06	8.713e-08	1.8815e-07	1.1963e-08	7.0366e-08	1.306e-08	3.6562e-08	1.1889e-08	3.9159e-08	8.7475e-09	2.1535e-08	3.8958e-09	1.0907e-08	1.2784e-09	4.1813e-09	2.1552e-09	6.2176e-09	2.0227e-09	5.4264e-09	1.194e-09	6.4024e-09	1.3508e-09	7.8387e-09	1.5023e-09	3.7048e-09	8.9022e-10	9.2125e-09	8.2382e-10	2.465e-09	5.868e-10	2.1878e-09	2.5891e-10	2.4679e-09	4.2433e-10	1.9259e-09	4.8092e-10	1.9268e-09	7.2939e-10	1.2108e-09	2.4741e-10	1.226e-09	1.7895e-10	1.1165e-09	1.0062e-10	1.1171e-09	3.861e-10	1.6578e-09	1.0907e-09	2.0719e-09	3.8647e-10	6.7722e-10	2.0762e-10	1.9384e-09	1.0099e-10	1.1269e-10	6.8225e-11
1.32093	14.075	1.0136	0.0011373	6.757e-05	0.00166	0.020665	0.0027772	0.024566	0.00016273	0.0051141	0.00049663	0.0045535	0.00066704	0.0027489	2.3181e-05	0.00021468	7.0746e-06	0.00019595	2.6305e-05	0.00041721	4.3786e-05	0.00017331	0.00016512	0.00028292	0.00023782	0.0012904	1.1927e-06	4.834e-05	8.825e-07	1.1403e-06	8.4999e-08	1.8355e-07	1.167e-08	6.8648e-08	1.274e-08	3.5669e-08	1.1599e-08	3.8203e-08	8.5337e-09	2.1009e-08	3.8006e-09	1.0641e-08	1.2471e-09	4.0791e-09	2.1026e-09	6.0658e-09	1.9733e-09	5.294e-09	1.1649e-09	6.2463e-09	1.3179e-09	7.6436e-09	1.4657e-09	3.613e-09	8.6854e-10	8.9833e-09	8.0332e-10	2.405e-09	5.725e-10	2.1345e-09	2.526e-10	2.4073e-09	4.14e-10	1.8779e-09	4.6896e-10	1.8788e-09	7.1125e-10	1.1807e-09	2.4125e-10	1.1955e-09	1.745e-10	1.0888e-09	9.8121e-11	1.0893e-09	3.765e-10	1.6166e-09	1.0636e-09	2.0204e-09	3.7687e-10	6.6039e-10	2.0246e-10	1.8903e-09	9.8481e-11	1.0989e-10	6.6532e-11
1.33929	13.564	0.9862	0.0011119	6.6447e-05	0.0016236	0.020118	0.0027228	0.024033	0.00015901	0.0050593	0.00048421	0.0044316	0.00064986	0.002676	2.2683e-05	0.00020949	6.945e-06	0.00019791	2.5764e-05	0.00040642	4.2765e-05	0.00016925	0.00016101	0.00027589	0.00023171	0.0012586	1.1696e-06	4.7166e-05	8.6078e-07	1.1123e-06	8.291e-08	1.7904e-07	1.1384e-08	6.6964e-08	1.2428e-08	3.4794e-08	1.1314e-08	3.7265e-08	8.3241e-09	2.0493e-08	3.7072e-09	1.0379e-08	1.2165e-09	3.979e-09	2.0509e-09	5.9169e-09	1.9248e-09	5.1642e-09	1.1363e-09	6.0933e-09	1.2856e-09	7.4526e-09	1.4298e-09	3.5226e-09	8.4685e-10	8.7587e-09	7.8323e-10	2.345e-09	5.5848e-10	2.0821e-09	2.4641e-10	2.3471e-09	4.0372e-10	1.831e-09	4.5723e-10	1.8319e-09	6.9347e-10	1.1512e-09	2.3522e-10	1.1656e-09	1.7014e-10	1.0616e-09	9.5669e-11	1.0621e-09	3.6709e-10	1.5762e-09	1.037e-09	1.9699e-09	3.6745e-10	6.439e-10	1.974e-10	1.8431e-09	9.6022e-11	1.0715e-10	6.4873e-11
1.3579	13.07	0.95944	0.001087	6.5346e-05	0.0015881	0.019583	0.0026695	0.023513	0.00015537	0.005007	0.0004721	0.0043129	0.00063311	0.0026048	2.2196e-05	0.0002044	6.8181e-06	0.00019996	2.5235e-05	0.00039587	4.1767e-05	0.00016528	0.000157	0.00026903	0.00022576	0.0012276	1.147e-06	4.6019e-05	8.3959e-07	1.0849e-06	8.0871e-08	1.7464e-07	1.1104e-08	6.5321e-08	1.2122e-08	3.3941e-08	1.1036e-08	3.635e-08	8.1196e-09	1.9989e-08	3.6161e-09	1.0124e-08	1.1866e-09	3.8813e-09	2.0005e-09	5.7717e-09	1.8775e-09	5.0375e-09	1.1084e-09	5.9439e-09	1.254e-09	7.2661e-09	1.3943e-09	3.4345e-09	8.2565e-10	8.5396e-09	7.6363e-10	2.2863e-09	5.4473e-10	2.03e-09	2.4037e-10	2.2883e-09	3.9361e-10	1.7852e-09	4.4579e-10	1.7861e-09	6.7612e-10	1.1224e-09	2.2934e-10	1.1365e-09	1.6588e-10	1.035e-09	9.3277e-11	1.0356e-09	3.5791e-10	1.5368e-09	1.0111e-09	1.9207e-09	3.5827e-10	6.2781e-10	1.9247e-10	1.797e-09	9.3623e-11	1.0447e-10	6.3254e-11
1.37677	12.592	0.93332	0.0010626	6.4255e-05	0.0015532	0.01906	0.0026174	0.023006	0.0001518	0.0049566	0.00046024	0.0041968	0.00061671	0.0025351	2.1717e-05	0.00019941	6.6926e-06	0.00020199	2.4714e-05	0.00038555	4.0788e-05	0.00016139	0.00015307	0.00026231	0.00021994	0.0011972	1.1246e-06	4.4896e-05	8.1882e-07	1.058e-06	7.8874e-08	1.7033e-07	1.083e-08	6.3711e-08	1.1823e-08	3.3104e-08	1.0764e-08	3.5454e-08	7.9192e-09	1.9496e-08	3.5268e-09	9.8746e-09	1.1573e-09	3.7855e-09	1.9512e-09	5.6294e-09	1.8312e-09	4.9134e-09	1.0811e-09	5.7965e-09	1.2225e-09	7.0836e-09	1.3593e-09	3.3482e-09	8.049e-10	8.3251e-09	7.4444e-10	2.2288e-09	5.3103e-10	1.9789e-09	2.3439e-10	2.2308e-09	3.8371e-10	1.7404e-09	4.3459e-10	1.7412e-09	6.5914e-10	1.0942e-09	2.2357e-10	1.1079e-09	1.6172e-10	1.009e-09	9.0935e-11	1.0096e-09	3.4893e-10	1.4982e-09	9.8574e-10	1.8725e-09	3.4927e-10	6.1205e-10	1.8764e-10	1.7519e-09	9.1273e-11	1.0186e-10	6.1669e-11
1.3959	12.129	0.90782	0.0010386	6.3175e-05	0.0015189	0.018549	0.0025665	0.022513	0.0001483	0.0049078	0.00044863	0.0040835	0.00060069	0.0024671	2.1245e-05	0.00019453	6.5686e-06	0.0002039	2.42e-05	0.00037546	3.9827e-05	0.00015757	0.00014923	0.00025574	0.00021424	0.0011674	1.1026e-06	4.3795e-05	7.9849e-07	1.0317e-06	7.6919e-08	1.6611e-07	1.0562e-08	6.2134e-08	1.153e-08	3.2285e-08	1.0498e-08	3.4576e-08	7.7231e-09	1.9013e-08	3.4395e-09	9.63e-09	1.1287e-09	3.6918e-09	1.9029e-09	5.49e-09	1.7859e-09	4.7918e-09	1.0544e-09	5.65e-09	1.1916e-09	6.9049e-09	1.3249e-09	3.2637e-09	7.8458e-10	8.1151e-09	7.2566e-10	2.1725e-09	5.1762e-10	1.929e-09	2.2847e-10	2.1745e-09	3.7403e-10	1.6965e-09	4.2363e-10	1.6973e-09	6.4252e-10	1.0666e-09	2.1794e-10	1.08e-09	1.5764e-10	9.836e-10	8.8643e-11	9.8411e-10	3.4013e-10	1.4605e-09	9.609e-10	1.8253e-09	3.4047e-10	5.9663e-10	1.8292e-10	1.7078e-09	8.8974e-11	9.9293e-11	6.0118e-11
1.4153	11.681	0.88297	0.0010152	6.2111e-05	0.0014852	0.01805	0.0025169	0.022033	0.00014487	0.0048612	0.00043728	0.0039729	0.00058504	0.0024007	2.0783e-05	0.00018975	6.4466e-06	0.00020585	2.3696e-05	0.00036561	3.8887e-05	0.00015383	0.00014547	0.00024931	0.00020869	0.0011384	1.0809e-06	4.2719e-05	7.7862e-07	1.0061e-06	7.5007e-08	1.6198e-07	1.0299e-08	6.0593e-08	1.1244e-08	3.1484e-08	1.0237e-08	3.3718e-08	7.5313e-09	1.8541e-08	3.354e-09	9.391e-09	1.1006e-09	3.6002e-09	1.8556e-09	5.3538e-09	1.7416e-09	4.6721e-09	1.028e-09	5.507e-09	1.1615e-09	6.7304e-09	1.2914e-09	3.1811e-09	7.6473e-10	7.91e-09	7.0731e-10	2.1176e-09	5.0452e-10	1.8802e-09	2.2269e-10	2.1195e-09	3.6457e-10	1.6536e-09	4.1292e-10	1.6544e-09	6.2628e-10	1.0397e-09	2.1243e-10	1.0527e-09	1.5366e-10	9.5875e-10	8.6403e-11	9.5925e-10	3.3154e-10	1.4236e-09	9.3663e-10	1.7792e-09	3.3187e-10	5.8156e-10	1.783e-10	1.6647e-09	8.6728e-11	9.6789e-11	5.8602e-11
1.43497	11.248	0.85873	0.00099214	6.1061e-05	0.0014523	0.017564	0.0024687	0.021568	0.0001415	0.0048166	0.00042619	0.0038651	0.00056976	0.0023359	2.033e-05	0.00018508	6.3264e-06	0.00020783	2.32e-05	0.00035598	3.7967e-05	0.00015017	0.0001418	0.00024303	0.00020326	0.0011099	1.0596e-06	4.1667e-05	7.5919e-07	9.8094e-07	7.3138e-08	1.5795e-07	1.0043e-08	5.9081e-08	1.0964e-08	3.0693e-08	9.9826e-09	3.2879e-08	7.3438e-09	1.8079e-08	3.2705e-09	9.1571e-09	1.0732e-09	3.5106e-09	1.8094e-09	5.2206e-09	1.6982e-09	4.5534e-09	1.0019e-09	5.3672e-09	1.132e-09	6.5598e-09	1.2586e-09	3.1005e-09	7.4533e-10	7.7094e-09	6.8937e-10	2.0639e-09	4.9171e-10	1.8324e-09	2.1703e-10	2.0657e-09	3.5532e-10	1.6117e-09	4.0245e-10	1.6125e-09	6.1041e-10	1.0133e-09	2.0704e-10	1.026e-09	1.4976e-10	9.3445e-10	8.4214e-11	9.3495e-10	3.2314e-10	1.3875e-09	9.1291e-10	1.7342e-09	3.2347e-10	5.6684e-10	1.7379e-10	1.6226e-09	8.4532e-11	9.4342e-11	5.712e-11
1.45491	10.829	0.83509	0.00096925	6.0024e-05	0.0014199	0.017089	0.0024218	0.021116	0.00013821	0.0047737	0.00041535	0.0037598	0.00055482	0.0022726	1.9884e-05	0.0001805	6.2078e-06	0.00020983	2.2713e-05	0.00034658	3.7065e-05	0.00014659	0.00013821	0.00023689	0.00019796	0.0010821	1.0387e-06	4.0636e-05	7.4018e-07	9.5637e-07	7.1309e-08	1.54e-07	9.7919e-09	5.7574e-08	1.069e-08	2.991e-08	9.7314e-09	3.2056e-08	7.1603e-09	1.7628e-08	3.1887e-09	8.9284e-09	1.0464e-09	3.4229e-09	1.7642e-09	5.0886e-09	1.6558e-09	4.4373e-09	9.7634e-10	5.2304e-09	1.1031e-09	6.3929e-09	1.2266e-09	3.0216e-09	7.2636e-10	7.5133e-09	6.7183e-10	2.0113e-09	4.7919e-10	1.7858e-09	2.115e-10	2.0132e-09	3.4627e-10	1.5707e-09	3.9221e-10	1.5715e-09	5.9488e-10	9.8754e-10	2.0177e-10	9.9996e-10	1.4595e-10	9.107e-10	8.2073e-11	9.1118e-10	3.1492e-10	1.3523e-09	8.8971e-10	1.6901e-09	3.1524e-10	5.5243e-10	1.6937e-10	1.5814e-09	8.2385e-11	9.1948e-11	5.5671e-11
1.47513	10.424	0.81205	0.00094662	5.9001e-05	0.0013881	0.016626	0.002376	0.020677	0.00013498	0.004733	0.00040475	0.0036571	0.00054024	0.0022109	1.9447e-05	0.00017602	6.0912e-06	0.00021183	2.2235e-05	0.0003374	3.6182e-05	0.00014308	0.00013471	0.00023089	0.00019278	0.0010549	1.018e-06	3.9628e-05	7.216e-07	9.3236e-07	6.9522e-08	1.5014e-07	9.5465e-09	5.6102e-08	1.0422e-08	2.9146e-08	9.4825e-09	3.1236e-08	6.9809e-09	1.7186e-08	3.1088e-09	8.7048e-09	1.0202e-09	3.3362e-09	1.72e-09	4.9585e-09	1.6139e-09	4.3239e-09	9.5139e-10	5.0969e-09	1.075e-09	6.2299e-09	1.1953e-09	2.9445e-09	7.0783e-10	7.3217e-09	6.5469e-10	1.96e-09	4.6696e-10	1.7402e-09	2.061e-10	1.9618e-09	3.3744e-10	1.5306e-09	3.8221e-10	1.5314e-09	5.7971e-10	9.6236e-10	1.9663e-10	9.7447e-10	1.4223e-10	8.8749e-10	7.9981e-11	8.8796e-10	3.069e-10	1.3178e-09	8.6704e-10	1.647e-09	3.0721e-10	5.3836e-10	1.6506e-10	1.5411e-09	8.0287e-11	8.9609e-11	5.4255e-11
1.49563	10.033	0.7896	0.00092448	5.7993e-05	0.001357	0.016174	0.0023315	0.020253	0.00013182	0.0046957	0.0003944	0.003557	0.00052601	0.0021508	1.9018e-05	0.00017165	5.9764e-06	0.00021394	2.1765e-05	0.00032845	3.5318e-05	0.00013965	0.00013128	0.00022502	0.00018773	0.0010283	9.9778e-07	3.8643e-05	7.0344e-07	9.0889e-07	6.7775e-08	1.4637e-07	9.3068e-09	5.4664e-08	1.0157e-08	2.8399e-08	9.2394e-09	3.0436e-08	6.8039e-09	1.675e-08	3.0308e-09	8.4827e-09	9.9436e-10	3.2506e-09	1.676e-09	4.8314e-09	1.5726e-09	4.2131e-09	9.2702e-10	4.9664e-09	1.0475e-09	6.0707e-09	1.1647e-09	2.8692e-09	6.8972e-10	7.1346e-09	6.3795e-10	1.9099e-09	4.55e-10	1.6957e-09	2.0083e-10	1.9116e-09	3.288e-10	1.4915e-09	3.7244e-10	1.4923e-09	5.649e-10	9.3777e-10	1.916e-10	9.4957e-10	1.386e-10	8.6481e-10	7.7938e-11	8.6527e-10	2.9906e-10	1.2842e-09	8.449e-10	1.605e-09	2.9937e-10	5.2461e-10	1.6085e-10	1.5018e-09	7.8237e-11	8.7324e-11	5.2872e-11
1.51642	9.6541	0.76769	0.00090273	5.6992e-05	0.0013264	0.015732	0.002288	0.019841	0.00012871	0.0046608	0.00038426	0.0034592	0.00051209	0.002092	1.8596e-05	0.00016735	5.8627e-06	0.00021603	2.1302e-05	0.00031969	3.447e-05	0.00013628	0.00012793	0.00021928	0.00018279	0.0010023	9.7777e-07	3.7678e-05	6.8566e-07	8.859e-07	6.6064e-08	1.4262e-07	9.0676e-09	5.3257e-08	9.8952e-09	2.7668e-08	9.0015e-09	2.9652e-08	6.6286e-09	1.6318e-08	2.9533e-09	8.2641e-09	9.6874e-10	3.1669e-09	1.6328e-09	4.707e-09	1.532e-09	4.1047e-09	9.0316e-10	4.8386e-09	1.0205e-09	5.9148e-09	1.1347e-09	2.7955e-09	6.7199e-10	6.9513e-09	6.2156e-10	1.8608e-09	4.433e-10	1.6521e-09	1.9566e-10	1.8625e-09	3.2035e-10	1.4532e-09	3.6287e-10	1.4539e-09	5.5039e-10	9.1368e-10	1.8668e-10	9.2519e-10	1.3504e-10	8.4261e-10	7.5937e-11	8.4306e-10	2.9138e-10	1.2512e-09	8.2321e-10	1.5638e-09	2.9168e-10	5.1116e-10	1.5672e-10	1.4632e-09	7.623e-11	8.5086e-11	5.1518e-11
1.53749	9.2885	0.74636	0.00088148	5.5987e-05	0.0012965	0.015302	0.0022458	0.019442	0.00012568	0.0046279	0.00037438	0.0033639	0.00049852	0.0020347	1.8183e-05	0.00016316	5.7513e-06	0.00021799	2.0848e-05	0.00031115	3.3642e-05	0.00013299	0.00012466	0.00021368	0.00017797	0.0009769	9.5817e-07	3.6735e-05	6.683e-07	8.6347e-07	6.4376e-08	1.3894e-07	8.8335e-09	5.1884e-08	9.6399e-09	2.6954e-08	8.7693e-09	2.8887e-08	6.4575e-09	1.5897e-08	2.8771e-09	8.0509e-09	9.4374e-10	3.0852e-09	1.5907e-09	4.5856e-09	1.4925e-09	3.9989e-09	8.7988e-10	4.714e-09	9.9425e-10	5.7627e-09	1.1055e-09	2.7236e-09	6.547e-10	6.7726e-09	6.0557e-10	1.8129e-09	4.3189e-10	1.6096e-09	1.9062e-10	1.8146e-09	3.1211e-10	1.4158e-09	3.5354e-10	1.4166e-09	5.3624e-10	8.9019e-10	1.8188e-10	9.0141e-10	1.3157e-10	8.2096e-10	7.3985e-11	8.214e-10	2.8389e-10	1.2191e-09	8.0206e-10	1.5236e-09	2.8419e-10	4.9803e-10	1.527e-10	1.4257e-09	7.4272e-11	8.2904e-11	5.0196e-11
1.55886	8.9353	0.72555	0.0008608	5.4984e-05	0.0012671	0.014882	0.0022046	0.019054	0.0001227	0.0045952	0.00036471	0.003271	0.00048526	0.0019788	1.7778e-05	0.00015906	5.6412e-06	0.00022009	2.0402e-05	0.0003028	3.283e-05	0.00012977	0.00012146	0.0002082	0.00017326	0.00095204	9.3884e-07	3.5813e-05	6.5132e-07	8.4152e-07	6.2707e-08	1.3534e-07	8.6047e-09	5.0541e-08	9.3902e-09	2.6257e-08	8.5423e-09	2.8139e-08	6.2903e-09	1.5485e-08	2.8025e-09	7.8424e-09	9.1929e-10	3.0053e-09	1.5495e-09	4.4669e-09	1.4539e-09	3.8955e-09	8.5712e-10	4.5921e-09	9.6855e-10	5.6139e-09	1.0769e-09	2.6532e-09	6.3779e-10	6.5978e-09	5.8994e-10	1.7661e-09	4.2073e-10	1.568e-09	1.8569e-10	1.7677e-09	3.0404e-10	1.3793e-09	3.4441e-10	1.38e-09	5.224e-10	8.6722e-10	1.7718e-10	8.7815e-10	1.2817e-10	7.9978e-10	7.2076e-11	8.0021e-10	2.7657e-10	1.1876e-09	7.8138e-10	1.4843e-09	2.7686e-10	4.8518e-10	1.4876e-10	1.3889e-09	7.2358e-11	8.0769e-11	4.8904e-11
1.58052	8.5941	0.7053	0.00084044	5.4e-05	0.0012384	0.014474	0.0021647	0.018675	0.00011979	0.0045645	0.00035527	0.0031804	0.00047234	0.0019243	1.7381e-05	0.00015506	5.5333e-06	0.00022213	1.9965e-05	0.00029467	3.2037e-05	0.00012662	0.00011832	0.00020285	0.00016868	0.00092779	9.199e-07	3.4912e-05	6.3474e-07	8.201e-07	6.108e-08	1.3183e-07	8.3815e-09	4.9231e-08	9.1467e-09	2.5576e-08	8.3209e-09	2.7409e-08	6.1271e-09	1.5084e-08	2.7298e-09	7.639e-09	8.9545e-10	2.9274e-09	1.5093e-09	4.3511e-09	1.4162e-09	3.7946e-09	8.3492e-10	4.4732e-09	9.4348e-10	5.4688e-09	1.0491e-09	2.5846e-09	6.2129e-10	6.4272e-09	5.7468e-10	1.7204e-09	4.0984e-10	1.5274e-09	1.8089e-10	1.722e-09	2.9618e-10	1.3436e-09	3.3551e-10	1.3443e-09	5.089e-10	8.448e-10	1.726e-10	8.5546e-10	1.2486e-10	7.7911e-10	7.0214e-11	7.7954e-10	2.6942e-10	1.157e-09	7.612e-10	1.446e-09	2.6971e-10	4.7266e-10	1.4492e-10	1.3531e-09	7.049e-11	7.8686e-11	4.764e-11
1.60249	8.2646	0.68555	0.00082046	5.3024e-05	0.0012101	0.014074	0.0021257	0.018307	0.00011694	0.004536	0.00034604	0.003092	0.0004597	0.0018711	1.699e-05	0.00015113	5.4264e-06	0.00022413	1.9534e-05	0.00028672	3.1259e-05	0.00012353	0.0001152	0.00019762	0.00016418	0.00090405	9.012e-07	3.403e-05	6.1852e-07	7.9913e-07	5.9487e-08	1.2839e-07	8.163e-09	4.795e-08	8.9084e-09	2.4911e-08	8.1042e-09	2.6696e-08	5.9675e-09	1.4691e-08	2.6587e-09	7.4399e-09	8.7212e-10	2.8511e-09	1.47e-09	4.2378e-09	1.3793e-09	3.6958e-09	8.1319e-10	4.3569e-09	9.1895e-10	5.3268e-09	1.0218e-09	2.5175e-09	6.0515e-10	6.2603e-09	5.5976e-10	1.6757e-09	3.9918e-10	1.4877e-09	1.7618e-10	1.6773e-09	2.8848e-10	1.3088e-09	3.2679e-10	1.3094e-09	4.9569e-10	8.2287e-10	1.6812e-10	8.3326e-10	1.2162e-10	7.5889e-10	6.8392e-11	7.5931e-10	2.6243e-10	1.127e-09	7.4145e-10	1.4085e-09	2.6271e-10	4.604e-10	1.4116e-10	1.318e-09	6.8662e-11	7.6637e-11	4.6399e-11
1.62476	7.9465	0.66633	0.00080095	5.2078e-05	0.0011825	0.013685	0.002088	0.017952	0.00011415	0.0045098	0.00033704	0.003006	0.00044739	0.0018193	1.6608e-05	0.00014731	5.3218e-06	0.00022622	1.9113e-05	0.00027897	3.05e-05	0.00012052	0.00011216	0.00019252	0.00015972	0.00088089	8.8281e-07	3.3169e-05	6.0245e-07	7.7868e-07	5.7935e-08	1.2504e-07	7.9501e-09	4.67e-08	8.676e-09	2.4262e-08	7.893e-09	2.6e-08	5.8118e-09	1.4307e-08	2.5893e-09	7.2459e-09	8.4937e-10	2.7768e-09	1.4317e-09	4.1274e-09	1.3433e-09	3.5995e-09	7.9201e-10	4.2435e-09	8.9504e-10	5.1883e-09	9.9522e-10	2.452e-09	5.8941e-10	6.0976e-09	5.452e-10	1.6321e-09	3.8879e-10	1.449e-09	1.716e-10	1.6337e-09	2.8098e-10	1.2747e-09	3.183e-10	1.2754e-09	4.8281e-10	8.0149e-10	1.6375e-10	8.1161e-10	1.1846e-10	7.3918e-10	6.6615e-11	7.3959e-10	2.5562e-10	1.0977e-09	7.2219e-10	1.3719e-09	2.5589e-10	4.4844e-10	1.375e-10	1.2838e-09	6.6879e-11	7.4639e-11	4.519e-11
1.64734	7.6395	0.6476	0.00078184	5.1134e-05	0.0011554	0.013306	0.0020513	0.017608	0.00011142	0.0044855	0.00032824	0.0029221	0.00043537	0.0017688	1.6233e-05	0.00014356	5.2186e-06	0.0002281	1.8699e-05	0.00027142	2.9756e-05	0.00011752	0.00010919	0.00018753	0.00015537	0.00085826	8.6432e-07	3.2327e-05	5.8666e-07	7.5828e-07	5.6418e-08	1.2177e-07	7.742e-09	4.5479e-08	8.449e-09	2.3628e-08	7.6866e-09	2.532e-08	5.6598e-09	1.3933e-08	2.5216e-09	7.0564e-09	8.2715e-10	2.7042e-09	1.3942e-09	4.0195e-09	1.3082e-09	3.5055e-09	7.7132e-10	4.1327e-09	8.7167e-10	5.0531e-09	9.6924e-10	2.3881e-09	5.7403e-10	5.9386e-09	5.3099e-10	1.5895e-09	3.7864e-10	1.4112e-09	1.6712e-10	1.591e-09	2.7365e-10	1.2415e-09	3.1e-10	1.2422e-09	4.7022e-10	7.8059e-10	1.5948e-10	7.9045e-10	1.1537e-10	7.1992e-10	6.488e-11	7.2032e-10	2.4895e-10	1.0691e-09	7.0338e-10	1.3362e-09	2.4922e-10	4.3676e-10	1.3392e-10	1.2504e-09	6.5138e-11	7.2687e-11	4.4008e-11
1.67023	7.3431	0.62936	0.00076312	5.0203e-05	0.0011283	0.012936	0.0020156	0.017276	0.00010874	0.0044627	0.00031965	0.0028403	0.00042364	0.0017196	1.5865e-05	0.0001399	5.117e-06	0.00022998	1.8292e-05	0.00026404	2.9028e-05	0.00011457	0.00010629	0.00018256	0.00015112	0.00083614	8.4613e-07	3.1504e-05	5.7124e-07	7.3834e-07	5.4937e-08	1.1857e-07	7.5389e-09	4.4287e-08	8.2274e-09	2.3008e-08	7.485e-09	2.4656e-08	5.5113e-09	1.3568e-08	2.4554e-09	6.8712e-09	8.0545e-10	2.6332e-09	1.3576e-09	3.9141e-09	1.2739e-09	3.4136e-09	7.511e-10	4.0245e-09	8.4885e-10	4.921e-09	9.4387e-10	2.3256e-09	5.5901e-10	5.7834e-09	5.171e-10	1.5479e-09	3.6873e-10	1.3743e-09	1.6274e-10	1.5494e-09	2.6649e-10	1.2091e-09	3.0189e-10	1.2097e-09	4.5793e-10	7.6019e-10	1.5531e-10	7.6979e-10	1.1235e-10	7.011e-10	6.3184e-11	7.0149e-10	2.4245e-10	1.0412e-09	6.8501e-10	1.3013e-09	2.4271e-10	4.2536e-10	1.3041e-10	1.2175e-09	6.3432e-11	7.0781e-11	4.2854e-11
1.69345	7.0572	0.61161	0.00074482	4.9287e-05	0.0011017	0.012576	0.001981	0.016954	0.00010612	0.0044416	0.00031127	0.0027606	0.0004122	0.0016716	1.5504e-05	0.00013632	5.017e-06	0.00023187	1.7893e-05	0.00025684	2.8311e-05	0.00011169	0.00010349	0.0001777	0.00014699	0.00081417	8.2829e-07	3.0701e-05	5.5619e-07	7.1889e-07	5.3491e-08	1.1545e-07	7.3406e-09	4.3123e-08	8.011e-09	2.2404e-08	7.2883e-09	2.4008e-08	5.3663e-09	1.3211e-08	2.3908e-09	6.6905e-09	7.8426e-10	2.564e-09	1.3219e-09	3.8112e-09	1.2404e-09	3.324e-09	7.3138e-10	3.9188e-09	8.2658e-10	4.792e-09	9.191e-10	2.2646e-09	5.4435e-10	5.6318e-09	5.0354e-10	1.5073e-09	3.5906e-10	1.3382e-09	1.5847e-10	1.5088e-09	2.595e-10	1.1774e-09	2.9398e-10	1.178e-09	4.4593e-10	7.4027e-10	1.5124e-10	7.4963e-10	1.0941e-10	6.8274e-10	6.1529e-11	6.8312e-10	2.361e-10	1.0138e-09	6.6704e-10	1.2671e-09	2.3635e-10	4.1416e-10	1.2697e-10	1.1855e-09	6.1763e-11	6.892e-11	4.1728e-11
1.71698	6.7813	0.59432	0.00072692	4.8384e-05	0.0010756	0.012225	0.0019475	0.016644	0.00010356	0.0044222	0.00030308	0.0026829	0.00040104	0.0016248	1.5151e-05	0.00013283	4.9187e-06	0.00023374	1.7502e-05	0.00024983	2.76e-05	0.00010887	0.00010074	0.00017297	0.00014299	0.00079265	8.1078e-07	2.9915e-05	5.415e-07	6.999e-07	5.208e-08	1.1241e-07	7.1471e-09	4.1988e-08	7.7999e-09	2.1814e-08	7.0963e-09	2.3375e-08	5.2249e-09	1.2863e-08	2.3277e-09	6.5142e-09	7.6359e-10	2.4965e-09	1.2871e-09	3.7108e-09	1.2077e-09	3.2365e-09	7.1212e-10	3.8157e-09	8.0484e-10	4.6661e-09	8.9493e-10	2.2051e-09	5.3004e-10	5.4839e-09	4.9031e-10	1.4677e-09	3.4961e-10	1.303e-09	1.543e-10	1.4691e-09	2.5267e-10	1.1464e-09	2.8625e-10	1.1471e-09	4.3422e-10	7.2082e-10	1.4727e-10	7.2994e-10	1.0654e-10	6.6479e-10	5.9911e-11	6.6513e-10	2.2988e-10	9.8708e-10	6.4944e-10	1.2337e-09	2.3011e-10	4.0324e-10	1.2363e-10	1.1542e-09	6.0133e-11	6.7104e-11	4.0628e-11
1.74084	6.5153	0.57748	0.00070939	4.7494e-05	0.0010501	0.011883	0.001915	0.016345	0.00010104	0.0044041	0.00029509	0.0026073	0.00039016	0.0015792	1.4805e-05	0.00012941	4.8219e-06	0.0002356	1.7117e-05	0.00024299	2.6904e-05	0.00010614	9.8045e-05	0.00016835	0.00013906	0.00077164	7.9376e-07	2.9148e-05	5.2716e-07	6.8136e-07	5.0703e-08	1.0944e-07	6.9581e-09	4.0879e-08	7.5937e-09	2.1238e-08	6.9089e-09	2.2758e-08	5.0868e-09	1.2523e-08	2.2662e-09	6.342e-09	7.4341e-10	2.4305e-09	1.2531e-09	3.6128e-09	1.1758e-09	3.151e-09	6.9332e-10	3.7151e-09	7.8361e-10	4.5432e-09	8.7133e-10	2.147e-09	5.1607e-10	5.3394e-09	4.7739e-10	1.429e-09	3.4039e-10	1.2687e-09	1.5023e-10	1.4304e-09	2.4601e-10	1.1163e-09	2.7871e-10	1.1168e-09	4.2277e-10	7.0182e-10	1.4339e-10	7.1063e-10	1.0372e-10	6.4719e-10	5.8325e-11	6.4752e-10	2.238e-10	9.6096e-10	6.3225e-10	1.201e-09	2.2402e-10	3.9257e-10	1.2036e-10	1.1237e-09	5.8543e-11	6.5331e-11	3.9555e-11
1.76503	6.2587	0.5611	0.00069225	4.6618e-05	0.0010254	0.01155	0.0018833	0.016056	9.8529e-05	0.0043877	0.00028729	0.0025336	0.00037955	0.0015348	1.4465e-05	0.00012608	4.7268e-06	0.00023744	1.674e-05	0.00023632	2.6225e-05	0.00010346	9.5421e-05	0.00016389	0.00013523	0.00075115	7.7688e-07	2.8394e-05	5.1317e-07	6.6328e-07	4.9359e-08	1.0654e-07	6.7738e-09	3.9797e-08	7.3926e-09	2.0676e-08	6.726e-09	2.2155e-08	4.9521e-09	1.2191e-08	2.2062e-09	6.1741e-09	7.2372e-10	2.3661e-09	1.2199e-09	3.5172e-09	1.1447e-09	3.0677e-09	6.7499e-10	3.6169e-09	7.629e-10	4.4228e-09	8.4831e-10	2.0903e-09	5.0244e-10	5.1979e-09	4.6479e-10	1.3913e-09	3.314e-10	1.2351e-09	1.4626e-10	1.3926e-09	2.3952e-10	1.0866e-09	2.7134e-10	1.0872e-09	4.1155e-10	6.832e-10	1.3959e-10	6.9178e-10	1.0097e-10	6.3002e-10	5.6778e-11	6.3035e-10	2.1786e-10	9.3548e-10	6.1549e-10	1.1692e-09	2.1808e-10	3.8216e-10	1.1717e-10	1.0939e-09	5.6991e-11	6.3601e-11	3.8508e-11
1.78956	6.0114	0.54517	0.0006755	4.5757e-05	0.0010009	0.011225	0.0018526	0.015775	9.6079e-05	0.004373	0.00027955	0.0024618	0.0003692	0.0014916	1.4133e-05	0.00012282	4.6319e-06	0.0002392	1.6371e-05	0.00022982	2.5561e-05	0.00010083	9.2863e-05	0.0001595	0.0001315	0.00073135	7.6032e-07	2.7647e-05	4.9966e-07	6.4581e-07	4.8061e-08	1.0374e-07	6.5957e-09	3.8752e-08	7.1984e-09	2.0133e-08	6.5494e-09	2.1574e-08	4.8219e-09	1.1871e-08	2.1482e-09	6.0119e-09	7.047e-10	2.304e-09	1.1878e-09	3.4248e-09	1.1146e-09	2.9872e-09	6.5727e-10	3.522e-09	7.429e-10	4.3064e-09	8.2607e-10	2.0354e-09	4.8927e-10	5.0611e-09	4.5256e-10	1.3548e-09	3.2271e-10	1.2028e-09	1.4242e-10	1.3561e-09	2.3324e-10	1.058e-09	2.642e-10	1.0585e-09	4.0072e-10	6.6522e-10	1.3592e-10	6.7357e-10	9.8314e-11	6.1344e-10	5.5284e-11	6.1376e-10	2.1213e-10	9.1087e-10	5.993e-10	1.1384e-09	2.1235e-10	3.7211e-10	1.1408e-10	1.0652e-09	5.5492e-11	6.1931e-11	3.7497e-11
1.81443	5.773	0.52965	0.00065912	4.4908e-05	0.000977	0.010909	0.0018229	0.015503	9.3684e-05	0.0043598	0.00027198	0.002392	0.00035894	0.0014495	1.3807e-05	0.00011964	4.5374e-06	0.00024089	1.6009e-05	0.00022348	2.492e-05	9.8264e-05	9.0368e-05	0.00015522	0.00012786	0.00071185	7.4407e-07	2.6918e-05	4.8635e-07	6.286e-07	4.6782e-08	1.0098e-07	6.4203e-09	3.7722e-08	7.0069e-09	1.9598e-08	6.3753e-09	2.1e-08	4.6937e-09	1.1555e-08	2.091e-09	5.852e-09	6.8596e-10	2.2427e-09	1.1563e-09	3.3338e-09	1.085e-09	2.9078e-09	6.3981e-10	3.4285e-09	7.2318e-10	4.1916e-09	8.0415e-10	1.9811e-09	4.7625e-10	4.9262e-09	4.405e-10	1.3188e-09	3.1414e-10	1.1709e-09	1.3864e-10	1.32e-09	2.2704e-10	1.0298e-09	2.5716e-10	1.0303e-09	3.9004e-10	6.4749e-10	1.323e-10	6.5563e-10	9.5695e-11	5.971e-10	5.3812e-11	5.9742e-10	2.0648e-10	8.8662e-10	5.8334e-10	1.1081e-09	2.0669e-10	3.622e-10	1.1105e-10	1.0368e-09	5.4015e-11	6.0284e-11	3.65e-11
1.83965	5.5432	0.51456	0.00064309	4.4073e-05	0.0009536	0.010601	0.0017941	0.01524	9.1342e-05	0.0043479	0.00026459	0.0023239	0.00034892	0.0014084	1.348e-05	0.00011653	4.4446e-06	0.0002426	1.5648e-05	0.0002173	2.4286e-05	9.5757e-05	8.7934e-05	0.00015104	0.00012432	0.00069282	7.2811e-07	2.6207e-05	4.7336e-07	6.1181e-07	4.5535e-08	9.8287e-08	6.2491e-09	3.6718e-08	6.8202e-09	1.9076e-08	6.2055e-09	2.0441e-08	4.5686e-09	1.1247e-08	2.0353e-09	5.696e-09	6.6767e-10	2.183e-09	1.1254e-09	3.245e-09	1.056e-09	2.8304e-09	6.2278e-10	3.3373e-09	7.0395e-10	4.0797e-09	7.8274e-10	1.9282e-09	4.6353e-10	4.7946e-09	4.2873e-10	1.2835e-09	3.0579e-10	1.1396e-09	1.3495e-10	1.2847e-09	2.2097e-10	1.0023e-09	2.5029e-10	1.0028e-09	3.7963e-10	6.302e-10	1.2876e-10	6.3813e-10	9.314e-11	5.8117e-10	5.2375e-11	5.8147e-10	2.0097e-10	8.6297e-10	5.6777e-10	1.0785e-09	2.0117e-10	3.5254e-10	1.0809e-10	1.0092e-09	5.2575e-11	5.8678e-11	3.5527e-11
1.86522	5.3218	0.49987	0.00062741	4.3249e-05	0.00093068	0.010301	0.0017662	0.014988	8.9078e-05	0.0043369	0.00025739	0.0022577	0.00033915	0.0013685	1.316e-05	0.0001135	4.3532e-06	0.0002444	1.5291e-05	0.00021128	2.3667e-05	9.3307e-05	8.556e-05	0.00014696	0.00012086	0.00067426	7.1244e-07	2.5512e-05	4.6069e-07	5.9543e-07	4.4317e-08	9.566e-08	6.0821e-09	3.5738e-08	6.6379e-09	1.8567e-08	6.0398e-09	1.9895e-08	4.4465e-09	1.0946e-08	1.9809e-09	5.5438e-09	6.4983e-10	2.1247e-09	1.0954e-09	3.1584e-09	1.0278e-09	2.7549e-09	6.0616e-10	3.2483e-09	6.851e-10	3.9704e-09	7.6176e-10	1.8766e-09	4.5111e-10	4.6663e-09	4.1725e-10	1.2491e-09	2.976e-10	1.1091e-09	1.3135e-10	1.2503e-09	2.1505e-10	9.755e-10	2.4359e-10	9.7599e-10	3.6946e-10	6.1333e-10	1.2531e-10	6.2105e-10	9.0647e-11	5.6561e-10	5.0974e-11	5.6591e-10	1.9559e-10	8.3988e-10	5.5258e-10	1.0497e-09	1.9579e-10	3.4311e-10	1.052e-10	9.8218e-10	5.1169e-11	5.711e-11	3.4579e-11
1.89114	5.1086	0.4856	0.00061211	4.2442e-05	0.00090832	0.010009	0.0017394	0.014747	8.6846e-05	0.0043274	0.00025045	0.0021928	0.00032965	0.0013296	1.2848e-05	0.00011054	4.2652e-06	0.00024622	1.4942e-05	0.00020542	2.3063e-05	9.092e-05	8.3249e-05	0.00014299	0.00011751	0.00065618	6.9712e-07	2.4843e-05	4.4835e-07	5.7947e-07	4.3131e-08	9.3102e-08	5.9194e-09	3.4783e-08	6.4604e-09	1.8071e-08	5.8783e-09	1.9363e-08	4.3276e-09	1.0654e-08	1.9279e-09	5.3956e-09	6.3245e-10	2.0679e-09	1.0661e-09	3.074e-09	1.0004e-09	2.6813e-09	5.8997e-10	3.1611e-09	6.6672e-10	3.864e-09	7.4132e-10	1.8263e-09	4.3901e-10	4.5412e-09	4.0606e-10	1.2156e-09	2.8961e-10	1.0793e-09	1.2783e-10	1.2168e-09	2.0929e-10	9.4936e-10	2.3706e-10	9.4984e-10	3.5957e-10	5.969e-10	1.2196e-10	6.0441e-10	8.8219e-11	5.5047e-10	4.9608e-11	5.5076e-10	1.9035e-10	8.174e-10	5.3779e-10	1.0216e-09	1.9055e-10	3.3393e-10	1.0238e-10	9.559e-10	4.9799e-11	5.5584e-11	3.3654e-11
1.91742	4.9017	0.47172	0.00059715	4.1647e-05	0.00088642	0.0097251	0.0017134	0.014515	8.4662e-05	0.0043199	0.00024361	0.0021289	0.00032049	0.0012917	1.2542e-05	0.00010765	4.1773e-06	0.00024796	1.4599e-05	0.00019971	2.2474e-05	8.8587e-05	8.0995e-05	0.00013912	0.00011423	0.00063854	6.8207e-07	2.4182e-05	4.3631e-07	5.639e-07	4.1974e-08	9.0605e-08	5.7607e-09	3.3851e-08	6.2873e-09	1.7587e-08	5.7208e-09	1.8844e-08	4.2116e-09	1.0368e-08	1.8762e-09	5.2509e-09	6.155e-10	2.0124e-09	1.0375e-09	2.9916e-09	9.7355e-10	2.6095e-09	5.7417e-10	3.0761e-09	6.4879e-10	3.7603e-09	7.2139e-10	1.7772e-09	4.2721e-10	4.4193e-09	3.9515e-10	1.183e-09	2.8182e-10	1.0503e-09	1.2439e-10	1.1841e-09	2.0366e-10	9.2386e-10	2.3069e-10	9.2433e-10	3.4991e-10	5.8087e-10	1.1868e-10	5.8818e-10	8.5849e-11	5.3569e-10	4.8277e-11	5.3597e-10	1.8524e-10	7.9546e-10	5.2336e-10	9.9417e-10	1.8544e-10	3.2497e-10	9.9635e-11	9.3026e-10	4.8463e-11	5.4094e-11	3.2753e-11
1.94407	4.7019	0.45806	0.00058252	4.0863e-05	0.000865	0.0094451	0.0016881	0.014288	8.2528e-05	0.004314	0.00023695	0.0020666	0.00031147	0.0012542	1.2246e-05	0.00010478	4.0909e-06	0.00024955	1.4264e-05	0.00019405	2.1897e-05	8.6308e-05	7.8798e-05	0.00013534	0.00011104	0.00062134	6.673e-07	2.3538e-05	4.2456e-07	5.4872e-07	4.0846e-08	8.817e-08	5.6059e-09	3.2942e-08	6.1184e-09	1.7115e-08	5.5672e-09	1.8338e-08	4.0984e-09	1.0089e-08	1.8258e-09	5.1099e-09	5.9896e-10	1.9584e-09	1.0096e-09	2.9113e-09	9.474e-10	2.5391e-09	5.5868e-10	2.9932e-09	6.313e-10	3.659e-09	7.0195e-10	1.7293e-09	4.157e-10	4.3003e-09	3.8451e-10	1.1511e-09	2.7423e-10	1.022e-09	1.2103e-10	1.1522e-09	1.9817e-10	8.99e-10	2.2448e-10	8.9945e-10	3.4049e-10	5.6523e-10	1.1549e-10	5.7236e-10	8.3539e-11	5.2127e-10	4.6978e-11	5.2156e-10	1.8026e-10	7.7407e-10	5.0928e-10	9.6743e-10	1.8045e-10	3.1623e-10	9.6957e-11	9.0525e-10	4.716e-11	5.2641e-11	3.1873e-11
1.97108	4.5096	0.44468	0.00056819	4.0092e-05	0.00084404	0.0091708	0.0016636	0.014066	8.0442e-05	0.0043093	0.00023045	0.0020061	0.00030269	0.0012176	1.1953e-05	0.00010197	4.006e-06	0.00025101	1.394e-05	0.00018853	2.1335e-05	8.4084e-05	7.6655e-05	0.00013166	0.00010794	0.00060456	6.5281e-07	2.2909e-05	4.1311e-07	5.3392e-07	3.9745e-08	8.5796e-08	5.455e-09	3.2052e-08	5.9537e-09	1.6652e-08	5.4174e-09	1.7845e-08	3.9881e-09	9.8179e-09	1.7766e-09	4.9723e-09	5.8284e-10	1.9057e-09	9.8246e-10	2.8328e-09	9.2191e-10	2.4705e-09	5.4358e-10	2.9123e-09	6.1425e-10	3.5603e-09	6.8299e-10	1.6827e-09	4.0448e-10	4.1843e-09	3.7414e-10	1.12e-09	2.6682e-10	9.944e-10	1.1776e-10	1.1211e-09	1.9282e-10	8.7475e-10	2.1842e-10	8.7519e-10	3.3131e-10	5.4999e-10	1.1237e-10	5.5692e-10	8.1286e-11	5.0722e-10	4.5711e-11	5.0749e-10	1.754e-10	7.5321e-10	4.9555e-10	9.4136e-10	1.7558e-10	3.0771e-10	9.4345e-11	8.8086e-10	4.589e-11	5.1225e-11	3.1016e-11
1.99848	4.3246	0.43169	0.00055414	3.9336e-05	0.00082357	0.0089042	0.00164	0.013854	7.8408e-05	0.0043058	0.00022412	0.0019473	0.00029414	0.0011821	1.1667e-05	9.9237e-05	3.9228e-06	0.00025266	1.3618e-05	0.00018315	2.0786e-05	8.1914e-05	7.457e-05	0.00012808	0.00010491	0.00058822	6.3862e-07	2.2297e-05	4.0196e-07	5.195e-07	3.8674e-08	8.3483e-08	5.3079e-09	3.1185e-08	5.7932e-09	1.6201e-08	5.2707e-09	1.7362e-08	3.8806e-09	9.5533e-09	1.7287e-09	4.8383e-09	5.6713e-10	1.8543e-09	9.5599e-10	2.7561e-09	8.9705e-10	2.4036e-09	5.2887e-10	2.8335e-09	5.9764e-10	3.4642e-09	6.6453e-10	1.6372e-09	3.9355e-10	4.0713e-09	3.6403e-10	1.0898e-09	2.5961e-10	9.6752e-10	1.1458e-10	1.0908e-09	1.8761e-10	8.5113e-10	2.1252e-10	8.5156e-10	3.2236e-10	5.3514e-10	1.0933e-10	5.4189e-10	7.9091e-11	4.9353e-10	4.4477e-11	4.938e-10	1.7067e-10	7.3289e-10	4.8218e-10	9.1596e-10	1.7085e-10	2.994e-10	9.18e-11	8.5711e-10	4.4652e-11	4.9845e-11	3.018e-11
2.02625	4.1467	0.41907	0.00054041	3.859e-05	0.00080354	0.0086448	0.0016171	0.013647	7.6419e-05	0.0043042	0.00021795	0.0018908	0.00028582	0.0011475	1.1386e-05	9.6566e-05	3.8411e-06	0.00025415	1.3303e-05	0.00017791	2.025e-05	7.9796e-05	7.2536e-05	0.00012459	0.00010197	0.00057229	6.247e-07	2.1699e-05	3.9108e-07	5.0544e-07	3.7628e-08	8.1228e-08	5.1645e-09	3.0339e-08	5.6364e-09	1.5761e-08	5.1277e-09	1.6891e-08	3.7757e-09	9.2949e-09	1.682e-09	4.7074e-09	5.518e-10	1.8039e-09	9.3009e-10	2.6813e-09	8.727e-10	2.3384e-09	5.1452e-10	2.7567e-09	5.8145e-10	3.3704e-09	6.4652e-10	1.5929e-09	3.8289e-10	3.9611e-09	3.5418e-10	1.0602e-09	2.5257e-10	9.4131e-10	1.1147e-10	1.0613e-09	1.8253e-10	8.2809e-10	2.0677e-10	8.2852e-10	3.1364e-10	5.2066e-10	1.0638e-10	5.2723e-10	7.6951e-11	4.8018e-10	4.3274e-11	4.8044e-10	1.6605e-10	7.1307e-10	4.6914e-10	8.9119e-10	1.6623e-10	2.9131e-10	8.9319e-11	8.3394e-10	4.3445e-11	4.8499e-11	2.9365e-11
2.05441	3.9755	0.40681	0.00052701	3.7859e-05	0.00078399	0.0083927	0.0015947	0.013446	7.4479e-05	0.0043045	0.00021195	0.0018352	0.00027772	0.0011139	1.1113e-05	9.3964e-05	3.7609e-06	0.00025563	1.2995e-05	0.00017282	1.9727e-05	7.773e-05	7.0556e-05	0.00012119	9.9107e-05	0.00055677	6.1107e-07	2.1117e-05	3.8048e-07	4.9174e-07	3.661e-08	7.9025e-08	5.0244e-09	2.9514e-08	5.4832e-09	1.5333e-08	4.9884e-09	1.6432e-08	3.6731e-09	9.0423e-09	1.6364e-09	4.5794e-09	5.368e-10	1.7549e-09	9.0481e-10	2.6085e-09	8.4898e-10	2.2749e-09	5.0055e-10	2.6819e-09	5.6567e-10	3.2791e-09	6.2899e-10	1.5497e-09	3.7251e-10	3.8538e-09	3.4458e-10	1.0315e-09	2.4572e-10	9.1578e-10	1.0845e-10	1.0325e-09	1.7758e-10	8.0566e-10	2.0117e-10	8.0608e-10	3.0514e-10	5.0655e-10	1.0349e-10	5.1295e-10	7.4867e-11	4.6717e-10	4.2102e-11	4.6743e-10	1.6155e-10	6.9377e-10	4.5644e-10	8.6707e-10	1.6173e-10	2.8342e-10	8.6902e-11	8.1138e-10	4.2269e-11	4.7188e-11	2.8571e-11
2.08296	3.8134	0.39504	0.00051392	3.7136e-05	0.00076485	0.0081504	0.0015735	0.013256	7.2584e-05	0.0043062	0.00020609	0.0017811	0.00026984	0.0010816	1.0844e-05	9.146e-05	3.6822e-06	0.00025706	1.2693e-05	0.00016793	1.9217e-05	7.5713e-05	6.8626e-05	0.00011787	9.6318e-05	0.00054164	5.977e-07	2.0549e-05	3.7016e-07	4.7839e-07	3.5616e-08	7.6872e-08	4.8875e-09	2.8711e-08	5.3339e-09	1.4916e-08	4.8526e-09	1.5985e-08	3.573e-09	8.796e-09	1.5918e-09	4.4547e-09	5.2218e-10	1.7071e-09	8.8016e-10	2.5375e-09	8.2586e-10	2.213e-09	4.8694e-10	2.609e-09	5.503e-10	3.1901e-09	6.1189e-10	1.5076e-09	3.6239e-10	3.7492e-09	3.3522e-10	1.0035e-09	2.3904e-10	8.909e-10	1.055e-10	1.0044e-09	1.7276e-10	7.8379e-10	1.9571e-10	7.842e-10	2.9686e-10	4.928e-10	1.0068e-10	4.9903e-10	7.2835e-11	4.545e-10	4.096e-11	4.5475e-10	1.5717e-10	6.7495e-10	4.4406e-10	8.4355e-10	1.5734e-10	2.7574e-10	8.4546e-11	7.8938e-10	4.1123e-11	4.5904e-11	2.7791e-11
2.11191	3.6552	0.38348	0.00050114	3.6424e-05	0.00074618	0.0079121	0.0015528	0.013076	7.0735e-05	0.0043083	0.0002004	0.0017285	0.00026217	0.0010499	1.0583e-05	8.8988e-05	3.6051e-06	0.00025838	1.2398e-05	0.00016311	1.8719e-05	7.3747e-05	6.6748e-05	0.00011464	9.3606e-05	0.00052691	5.8461e-07	1.9996e-05	3.601e-07	4.6539e-07	3.4645e-08	7.4776e-08	4.7542e-09	2.7929e-08	5.1884e-09	1.451e-08	4.7203e-09	1.5549e-08	3.4756e-09	8.5561e-09	1.5484e-09	4.3332e-09	5.0794e-10	1.6606e-09	8.5617e-10	2.4684e-09	8.0335e-10	2.1528e-09	4.7367e-10	2.538e-09	5.3532e-10	3.1034e-09	5.9524e-10	1.4666e-09	3.5254e-10	3.6473e-09	3.2611e-10	9.7619e-10	2.3254e-10	8.6667e-10	1.0263e-10	9.7713e-10	1.6806e-10	7.6249e-10	1.9039e-10	7.6289e-10	2.8879e-10	4.7941e-10	9.7947e-11	4.8547e-10	7.0856e-11	4.4215e-10	3.9847e-11	4.424e-10	1.529e-10	6.5663e-10	4.32e-10	8.2065e-10	1.5307e-10	2.6825e-10	8.2251e-11	7.6796e-10	4.0007e-11	4.465e-11	2.7033e-11
2.14126	3.5031	0.37224	0.00048865	3.5722e-05	0.0007279	0.0076803	0.001533	0.012908	6.8929e-05	0.0043115	0.00019485	0.0016774	0.0002547	0.001019	1.0326e-05	8.6576e-05	3.5293e-06	0.00025969	1.2109e-05	0.00015842	1.8233e-05	7.1827e-05	6.4917e-05	0.0001115	9.0965e-05	0.00051255	5.7177e-07	1.9457e-05	3.5029e-07	4.5271e-07	3.3698e-08	7.2732e-08	4.6243e-09	2.7167e-08	5.0467e-09	1.4114e-08	4.5914e-09	1.5124e-08	3.3806e-09	8.3224e-09	1.5061e-09	4.2148e-09	4.9406e-10	1.6152e-09	8.3278e-10	2.401e-09	7.8141e-10	2.094e-09	4.6075e-10	2.4688e-09	5.2073e-10	3.0189e-09	5.7902e-10	1.4267e-09	3.4293e-10	3.5479e-09	3.1722e-10	9.4958e-10	2.262e-10	8.4304e-10	9.9831e-11	9.5051e-10	1.6348e-10	7.4173e-10	1.852e-10	7.4212e-10	2.8093e-10	4.6636e-10	9.5279e-11	4.7226e-10	6.8927e-11	4.3012e-10	3.8763e-11	4.3036e-10	1.4874e-10	6.3876e-10	4.2025e-10	7.9832e-10	1.489e-10	2.6096e-10	8.0015e-11	7.4708e-10	3.8919e-11	4.3428e-11	2.6293e-11
2.17102	3.3569	0.36134	0.00047646	3.5035e-05	0.00071008	0.0074552	0.001514	0.012749	6.7168e-05	0.0043161	0.00018945	0.0016278	0.00024745	0.00098896	1.0076e-05	8.4228e-05	3.4551e-06	0.00026115	1.1826e-05	0.00015385	1.776e-05	6.9957e-05	6.3127e-05	0.00010844	8.8397e-05	0.00049857	5.5921e-07	1.8932e-05	3.4075e-07	4.4037e-07	3.2776e-08	7.0743e-08	4.4979e-09	2.6424e-08	4.9087e-09	1.3728e-08	4.466e-09	1.4711e-08	3.2882e-09	8.0948e-09	1.4649e-09	4.0996e-09	4.8055e-10	1.5711e-09	8.1001e-10	2.3354e-09	7.6005e-10	2.0368e-09	4.4817e-10	2.4014e-09	5.0652e-10	2.9366e-09	5.6322e-10	1.3878e-09	3.3358e-10	3.4513e-09	3.0858e-10	9.2369e-10	2.2003e-10	8.2005e-10	9.7107e-11	9.246e-10	1.5902e-10	7.2152e-10	1.8015e-10	7.219e-10	2.7328e-10	4.5365e-10	9.2683e-11	4.5939e-10	6.7049e-11	4.184e-10	3.7707e-11	4.1864e-10	1.4469e-10	6.2137e-10	4.0881e-10	7.7659e-10	1.4485e-10	2.5385e-10	7.7829e-11	7.2664e-10	3.7858e-11	4.2239e-11	2.5573e-11
2.20119	3.2164	0.35076	0.00046457	3.436e-05	0.00069266	0.0072364	0.0014959	0.012595	6.5449e-05	0.0043223	0.00018419	0.0015796	0.00024039	0.00095979	9.8316e-06	8.1941e-05	3.3823e-06	0.00026262	1.155e-05	0.00014942	1.7298e-05	6.8133e-05	6.1383e-05	0.00010545	8.5888e-05	0.00048496	5.469e-07	1.842e-05	3.3143e-07	4.2836e-07	3.1878e-08	6.8806e-08	4.3747e-09	2.5702e-08	4.7744e-09	1.3353e-08	4.3438e-09	1.4308e-08	3.1982e-09	7.8732e-09	1.4248e-09	3.9874e-09	4.674e-10	1.5281e-09	7.8784e-10	2.2715e-09	7.3925e-10	1.9811e-09	4.3591e-10	2.3358e-09	4.9268e-10	2.8565e-09	5.4784e-10	1.3499e-09	3.2447e-10	3.3571e-09	3.0016e-10	8.9847e-10	2.1402e-10	7.9766e-10	9.4454e-11	8.9936e-10	1.5468e-10	7.0183e-10	1.7524e-10	7.0221e-10	2.6582e-10	4.4128e-10	9.0154e-11	4.4686e-10	6.522e-11	4.0699e-10	3.6679e-11	4.0722e-10	1.4074e-10	6.044e-10	3.9766e-10	7.5538e-10	1.409e-10	2.469e-10	7.5693e-11	7.067e-10	3.6819e-11	4.1081e-11	2.4872e-11
2.23178	3.0815	0.34049	0.00045296	3.3696e-05	0.00067565	0.0070239	0.0014786	0.012448	6.3773e-05	0.0043296	0.00017907	0.0015327	0.00023352	0.00093145	9.5927e-06	7.9712e-05	3.3109e-06	0.00026377	1.128e-05	0.0001451	1.6848e-05	6.6351e-05	5.9686e-05	0.00010255	8.3445e-05	0.0004717	5.3478e-07	1.7921e-05	3.2233e-07	4.1662e-07	3.1004e-08	6.692e-08	4.2548e-09	2.4998e-08	4.6435e-09	1.2987e-08	4.2248e-09	1.3917e-08	3.1105e-09	7.6575e-09	1.3857e-09	3.8781e-09	4.5459e-10	1.4862e-09	7.6625e-10	2.2093e-09	7.19e-10	1.9269e-09	4.2398e-10	2.2719e-09	4.7921e-10	2.7785e-09	5.3286e-10	1.313e-09	3.156e-10	3.2654e-09	2.9195e-10	8.7391e-10	2.0816e-10	7.7585e-10	9.187e-11	8.7478e-10	1.5045e-10	6.8267e-10	1.7045e-10	6.8303e-10	2.5856e-10	4.2922e-10	8.7691e-11	4.3466e-10	6.3439e-11	3.9588e-10	3.5677e-11	3.9609e-10	1.369e-10	5.8778e-10	3.8673e-10	7.3462e-10	1.3703e-10	2.4012e-10	7.3613e-11	6.8728e-10	3.5807e-11	3.9953e-11	2.4189e-11
2.2628	2.9519	0.33052	0.00044163	3.3045e-05	0.00065898	0.0068173	0.0014622	0.012308	6.2137e-05	0.004338	0.00017409	0.0014872	0.00022684	0.00090391	9.3592e-06	7.7542e-05	3.2409e-06	0.00026491	1.1015e-05	0.00014091	1.6409e-05	6.4607e-05	5.8035e-05	9.9716e-05	8.107e-05	0.00045879	5.229e-07	1.7436e-05	3.1347e-07	4.0516e-07	3.0153e-08	6.5084e-08	4.138e-09	2.4313e-08	4.5161e-09	1.2631e-08	4.109e-09	1.3535e-08	3.0252e-09	7.4474e-09	1.3477e-09	3.7717e-09	4.4211e-10	1.4455e-09	7.4523e-10	2.1487e-09	6.9928e-10	1.8741e-09	4.1236e-10	2.2097e-09	4.6609e-10	2.7025e-09	5.1827e-10	1.2771e-09	3.0697e-10	3.1761e-09	2.8397e-10	8.5e-10	2.0246e-10	7.5461e-10	8.9354e-11	8.5084e-10	1.4633e-10	6.64e-10	1.6579e-10	6.6436e-10	2.5149e-10	4.1749e-10	8.5293e-11	4.2273e-10	6.1703e-11	3.8499e-10	3.4695e-11	3.8518e-10	1.3313e-10	5.7161e-10	3.7609e-10	7.144e-10	1.3326e-10	2.3351e-10	7.1588e-11	6.6838e-10	3.4822e-11	3.8855e-11	2.3525e-11
2.29424	2.8275	0.32085	0.00043057	3.2404e-05	0.00064265	0.0066166	0.0014466	0.012174	6.054e-05	0.0043475	0.00016924	0.001443	0.00022034	0.00087714	9.131e-06	7.5426e-05	3.1722e-06	0.00026616	1.0756e-05	0.00013683	1.598e-05	6.2907e-05	5.6426e-05	9.6951e-05	7.8759e-05	0.00044619	5.1127e-07	1.6963e-05	3.0485e-07	3.9401e-07	2.9324e-08	6.3295e-08	4.0243e-09	2.3645e-08	4.392e-09	1.2284e-08	3.9961e-09	1.3163e-08	2.9421e-09	7.2427e-09	1.3107e-09	3.6681e-09	4.2997e-10	1.4058e-09	7.2476e-10	2.0897e-09	6.8007e-10	1.8227e-09	4.0105e-10	2.1491e-09	4.5331e-10	2.6283e-09	5.0406e-10	1.2421e-09	2.9855e-10	3.0889e-09	2.7619e-10	8.2671e-10	1.9691e-10	7.3393e-10	8.6904e-11	8.2753e-10	1.4232e-10	6.4573e-10	1.6125e-10	6.4604e-10	2.4456e-10	4.0599e-10	8.2955e-11	4.1108e-10	6.0002e-11	3.7437e-10	3.3739e-11	3.7456e-10	1.2946e-10	5.5586e-10	3.6572e-10	6.9472e-10	1.2959e-10	2.2708e-10	6.9616e-11	6.4997e-10	3.3863e-11	3.7786e-11	2.2877e-11
2.32613	2.708	0.31146	0.00041979	3.1776e-05	0.00062673	0.0064218	0.0014315	0.012047	5.8984e-05	0.0043563	0.00016452	0.0014001	0.00021403	0.00085115	8.9083e-06	7.3368e-05	3.1051e-06	0.00026714	1.0504e-05	0.00013287	1.5561e-05	6.1251e-05	5.4863e-05	9.4261e-05	7.6514e-05	0.00043389	4.9989e-07	1.6502e-05	2.9645e-07	3.8316e-07	2.8517e-08	6.1555e-08	3.9137e-09	2.2996e-08	4.2713e-09	1.1947e-08	3.8864e-09	1.2802e-08	2.8612e-09	7.0437e-09	1.2746e-09	3.5673e-09	4.1815e-10	1.3672e-09	7.0484e-10	2.0323e-09	6.6138e-10	1.7726e-09	3.9004e-10	2.0901e-09	4.4088e-10	2.5558e-09	4.9024e-10	1.208e-09	2.9037e-10	3.0037e-09	2.686e-10	8.0405e-10	1.9151e-10	7.1381e-10	8.452e-11	8.0486e-10	1.3842e-10	6.2792e-10	1.568e-10	6.2822e-10	2.3782e-10	3.9479e-10	8.0666e-11	3.9974e-10	5.8347e-11	3.6405e-10	3.2809e-11	3.6424e-10	1.2589e-10	5.4053e-10	3.5564e-10	6.7557e-10	1.2601e-10	2.2082e-10	6.7698e-11	6.3206e-10	3.293e-11	3.6745e-11	2.2248e-11
2.35845	2.5933	0.30236	0.00040926	3.116e-05	0.00061119	0.0062326	0.0014169	0.011927	5.7467e-05	0.004366	0.00015993	0.0013584	0.00020789	0.00082591	8.6909e-06	7.1364e-05	3.0392e-06	0.000268	1.0257e-05	0.00012902	1.5152e-05	5.9638e-05	5.3341e-05	9.1645e-05	7.4331e-05	0.00042192	4.8876e-07	1.6054e-05	2.8828e-07	3.726e-07	2.7732e-08	5.9862e-08	3.806e-09	2.2364e-08	4.1539e-09	1.1619e-08	3.7795e-09	1.245e-08	2.7825e-09	6.8499e-09	1.2396e-09	3.4692e-09	4.0665e-10	1.3296e-09	6.8546e-10	1.9764e-09	6.432e-10	1.7239e-09	3.7932e-10	2.0327e-09	4.2877e-10	2.4852e-09	4.7679e-10	1.1747e-09	2.8239e-10	2.9207e-09	2.6118e-10	7.8196e-10	1.8626e-10	6.9422e-10	8.22e-11	7.8266e-10	1.3462e-10	6.1058e-10	1.5247e-10	6.1088e-10	2.3125e-10	3.8389e-10	7.8438e-11	3.8871e-10	5.6736e-11	3.54e-10	3.1903e-11	3.5418e-10	1.2241e-10	5.2562e-10	3.4583e-10	6.5693e-10	1.2254e-10	2.1473e-10	6.5831e-11	6.1463e-10	3.2021e-11	3.5733e-11	2.1635e-11
2.39123	2.4833	0.29353	0.00039899	3.0554e-05	0.000596	0.0060487	0.001403	0.011818	5.5978e-05	0.0043767	0.00015547	0.0013179	0.00020192	0.00080139	8.4782e-06	6.9411e-05	2.9745e-06	0.00026879	1.0015e-05	0.00012527	1.4753e-05	5.8064e-05	5.1859e-05	8.9097e-05	7.2208e-05	0.00041027	4.7784e-07	1.5617e-05	2.8033e-07	3.6231e-07	2.6968e-08	5.8213e-08	3.7012e-09	2.1748e-08	4.0395e-09	1.1299e-08	3.6755e-09	1.2107e-08	2.7059e-09	6.6613e-09	1.2054e-09	3.3736e-09	3.9545e-10	1.293e-09	6.6658e-10	1.922e-09	6.2549e-10	1.6765e-09	3.6889e-10	1.9769e-09	4.1699e-10	2.4165e-09	4.6368e-10	1.1422e-09	2.7458e-10	2.84e-09	2.5396e-10	7.6032e-10	1.8114e-10	6.7508e-10	7.994e-11	7.6101e-10	1.309e-10	5.937e-10	1.4825e-10	5.9399e-10	2.2486e-10	3.7328e-10	7.627e-11	3.7796e-10	5.5168e-11	3.4422e-10	3.1021e-11	3.444e-10	1.1903e-10	5.111e-10	3.3628e-10	6.3878e-10	1.1915e-10	2.0879e-10	6.4013e-11	5.9766e-10	3.1137e-11	3.4747e-11	2.1038e-11
2.42446	2.3777	0.28496	0.00038897	2.996e-05	0.00058118	0.0058702	0.0013899	0.011715	5.4527e-05	0.0043882	0.00015111	0.0012786	0.00019612	0.00077758	8.2707e-06	6.751e-05	2.9111e-06	0.00026947	9.7785e-06	0.00012163	1.4364e-05	5.6531e-05	5.0419e-05	8.6619e-05	7.0145e-05	0.00039894	4.6717e-07	1.519e-05	2.7259e-07	3.5231e-07	2.6225e-08	5.6608e-08	3.5992e-09	2.115e-08	3.9282e-09	1.0988e-08	3.5743e-09	1.1774e-08	2.6313e-09	6.4778e-09	1.1722e-09	3.2807e-09	3.8455e-10	1.2573e-09	6.4822e-10	1.8691e-09	6.0826e-10	1.6304e-09	3.5874e-10	1.9225e-09	4.0549e-10	2.3496e-09	4.5085e-10	1.1106e-09	2.6698e-10	2.7614e-09	2.4693e-10	7.3928e-10	1.7614e-10	6.5639e-10	7.7742e-11	7.3995e-10	1.2728e-10	5.7728e-10	1.4415e-10	5.7756e-10	2.1864e-10	3.6295e-10	7.416e-11	3.6751e-10	5.3642e-11	3.347e-10	3.0164e-11	3.3488e-10	1.1574e-10	4.9698e-10	3.2698e-10	6.2113e-10	1.1586e-10	2.0302e-10	6.2245e-11	5.8115e-10	3.0277e-11	3.3788e-11	2.0457e-11
2.45816	2.2763	0.27666	0.00037921	2.9377e-05	0.00056674	0.005697	0.0013778	0.011617	5.3113e-05	0.0043998	0.00014686	0.0012404	0.00019047	0.00075447	8.0683e-06	6.5662e-05	2.8488e-06	0.00027024	9.5479e-06	0.0001181	1.3986e-05	5.504e-05	4.9018e-05	8.421e-05	6.814e-05	0.00038791	4.5674e-07	1.4774e-05	2.6507e-07	3.4258e-07	2.5501e-08	5.5048e-08	3.5e-09	2.0567e-08	3.8199e-09	1.0686e-08	3.4759e-09	1.1449e-08	2.5588e-09	6.2992e-09	1.1399e-09	3.1903e-09	3.7395e-10	1.2227e-09	6.3036e-10	1.8176e-09	5.915e-10	1.5855e-09	3.4887e-10	1.8693e-09	3.9425e-10	2.2846e-09	4.3837e-10	1.0798e-09	2.5959e-10	2.685e-09	2.401e-10	7.1881e-10	1.7126e-10	6.3822e-10	7.559e-11	7.1947e-10	1.2375e-10	5.6131e-10	1.4016e-10	5.6159e-10	2.1259e-10	3.5292e-10	7.2108e-11	3.5735e-10	5.2158e-11	3.2545e-10	2.933e-11	3.2562e-10	1.1254e-10	4.8324e-10	3.1794e-10	6.0396e-10	1.1265e-10	1.9741e-10	6.0525e-11	5.6509e-10	2.944e-11	3.2856e-11	1.9893e-11
2.49232	2.1791	0.26861	0.00036969	2.8806e-05	0.00055265	0.0055289	0.0013663	0.011522	5.1736e-05	0.0044118	0.00014273	0.0012034	0.00018497	0.00073203	7.8698e-06	6.3862e-05	2.7878e-06	0.00027094	9.3222e-06	0.00011466	1.3618e-05	5.3587e-05	4.7656e-05	8.1868e-05	6.6193e-05	0.00037719	4.4655e-07	1.4369e-05	2.5775e-07	3.3312e-07	2.4798e-08	5.353e-08	3.4035e-09	2.0001e-08	3.7146e-09	1.0391e-08	3.3801e-09	1.1134e-08	2.4883e-09	6.1256e-09	1.1085e-09	3.1024e-09	3.6365e-10	1.189e-09	6.1298e-10	1.7676e-09	5.752e-10	1.5419e-09	3.3926e-10	1.8175e-09	3.8333e-10	2.2214e-09	4.2622e-10	1.0499e-09	2.524e-10	2.6107e-09	2.3345e-10	6.9891e-10	1.6651e-10	6.2054e-10	7.3495e-11	6.9955e-10	1.2032e-10	5.4578e-10	1.3629e-10	5.4605e-10	2.0671e-10	3.4315e-10	7.0112e-11	3.4746e-10	5.0715e-11	3.1645e-10	2.8518e-11	3.1661e-10	1.0943e-10	4.6988e-10	3.0915e-10	5.8726e-10	1.0954e-10	1.9196e-10	5.8852e-11	5.4947e-10	2.8626e-11	3.1948e-11	1.9344e-11
2.52695	2.0859	0.26081	0.0003604	2.8246e-05	0.0005389	0.0053657	0.0013554	0.011433	5.0393e-05	0.0044261	0.00013872	0.0011674	0.00017962	0.00071024	7.6758e-06	6.2111e-05	2.728e-06	0.00027139	9.1006e-06	0.00011133	1.3259e-05	5.2171e-05	4.6331e-05	7.9589e-05	6.4299e-05	0.00036676	4.3656e-07	1.3975e-05	2.5062e-07	3.2391e-07	2.4114e-08	5.2053e-08	3.3096e-09	1.945e-08	3.6122e-09	1.0105e-08	3.2869e-09	1.0827e-08	2.4196e-09	5.9566e-09	1.0779e-09	3.0168e-09	3.5361e-10	1.1562e-09	5.9608e-10	1.7188e-09	5.5934e-10	1.4992e-09	3.2986e-10	1.7671e-09	3.727e-10	2.1599e-09	4.1441e-10	1.0209e-09	2.4541e-10	2.5384e-09	2.2698e-10	6.7954e-10	1.619e-10	6.0334e-10	7.1457e-11	6.8016e-10	1.1699e-10	5.3067e-10	1.3251e-10	5.3093e-10	2.0099e-10	3.3365e-10	6.817e-11	3.3784e-10	4.9311e-11	3.0769e-10	2.7729e-11	3.0785e-10	1.064e-10	4.5688e-10	3.006e-10	5.7101e-10	1.0651e-10	1.8664e-10	5.7224e-11	5.3428e-10	2.7834e-11	3.1066e-11	1.8809e-11
2.56207	1.9965	0.25324	0.00035135	2.7695e-05	0.00052548	0.0052072	0.0013451	0.011352	4.9084e-05	0.0044422	0.00013482	0.0011325	0.00017443	0.0006891	7.4864e-06	6.0406e-05	2.6694e-06	0.00027181	8.8841e-06	0.00010809	1.2909e-05	5.0792e-05	4.5042e-05	7.7372e-05	6.246e-05	0.00035661	4.268e-07	1.3592e-05	2.4369e-07	3.1495e-07	2.3448e-08	5.0616e-08	3.2182e-09	1.8911e-08	3.5125e-09	9.8247e-09	3.1963e-09	1.0528e-08	2.3529e-09	5.7923e-09	1.0481e-09	2.9335e-09	3.4386e-10	1.1243e-09	5.7963e-10	1.6714e-09	5.4391e-10	1.4575e-09	3.207e-10	1.7181e-09	3.6237e-10	2.1001e-09	4.0291e-10	9.9257e-10	2.386e-10	2.4681e-09	2.2069e-10	6.607e-10	1.5741e-10	5.8661e-10	6.9475e-11	6.6131e-10	1.1375e-10	5.1597e-10	1.2884e-10	5.1622e-10	1.9542e-10	3.2441e-10	6.6282e-11	3.2849e-10	4.7945e-11	2.9917e-10	2.6961e-11	2.9933e-10	1.0345e-10	4.4423e-10	2.9227e-10	5.552e-10	1.0356e-10	1.8148e-10	5.5641e-11	5.195e-10	2.7064e-11	3.0207e-11	1.8289e-11
2.59768	1.9108	0.24591	0.00034245	2.7156e-05	0.0005124	0.0050535	0.0013354	0.011277	4.7809e-05	0.0044574	0.00013102	0.0010985	0.00016938	0.00066858	7.3016e-06	5.8748e-05	2.6121e-06	0.00027211	8.6728e-06	0.00010494	1.2569e-05	4.9449e-05	4.3789e-05	7.5217e-05	6.0673e-05	0.00034674	4.1725e-07	1.322e-05	2.3696e-07	3.0624e-07	2.28e-08	4.9219e-08	3.1294e-09	1.8386e-08	3.4156e-09	9.5519e-09	3.1077e-09	1.0237e-08	2.2879e-09	5.6324e-09	1.0192e-09	2.8526e-09	3.3437e-10	1.0933e-09	5.6364e-10	1.625e-09	5.289e-10	1.4171e-09	3.118e-10	1.6704e-09	3.5231e-10	2.0419e-09	3.9174e-10	9.6506e-10	2.3199e-10	2.3997e-09	2.1458e-10	6.4238e-10	1.5304e-10	5.7034e-10	6.7547e-11	6.4298e-10	1.1059e-10	5.0167e-10	1.2527e-10	5.0192e-10	1.9e-10	3.1542e-10	6.4445e-11	3.1939e-10	4.6617e-11	2.9088e-10	2.6215e-11	2.9104e-10	1.0059e-10	4.3194e-10	2.8418e-10	5.3984e-10	1.0069e-10	1.7646e-10	5.4101e-11	5.0512e-10	2.6315e-11	2.9372e-11	1.7784e-11
2.63378	1.8287	0.2388	0.00033378	2.6627e-05	0.00049964	0.0049041	0.001326	0.011207	4.6568e-05	0.0044714	0.00012733	0.0010655	0.00016448	0.0006486	7.1215e-06	5.7132e-05	2.556e-06	0.00027261	8.4664e-06	0.00010187	1.2237e-05	4.8143e-05	4.2572e-05	7.3123e-05	5.8937e-05	0.00033715	4.0792e-07	1.2857e-05	2.3041e-07	2.9778e-07	2.2171e-08	4.7861e-08	3.043e-09	1.7876e-08	3.3213e-09	9.2866e-09	3.0213e-09	9.9525e-09	2.2248e-09	5.477e-09	9.9106e-10	2.7738e-09	3.2514e-10	1.063e-09	5.4806e-10	1.5799e-09	5.1423e-10	1.3777e-09	3.0315e-10	1.6241e-09	3.4254e-10	1.9853e-09	3.8087e-10	9.3831e-10	2.2556e-10	2.3332e-09	2.0863e-10	6.2458e-10	1.488e-10	5.5453e-10	6.5673e-11	6.2516e-10	1.0753e-10	4.8777e-10	1.218e-10	4.8802e-10	1.8474e-10	3.0668e-10	6.266e-11	3.1055e-10	4.5326e-11	2.8283e-10	2.5489e-11	2.8298e-10	9.7804e-11	4.1998e-10	2.7632e-10	5.2489e-10	9.7905e-11	1.7157e-10	5.2604e-11	4.9115e-10	2.5587e-11	2.8559e-11	1.7292e-11
2.67038	1.7499	0.23189	0.00032534	2.6109e-05	0.00048721	0.0047588	0.0013166	0.011142	4.5359e-05	0.0044864	0.00012375	0.0010335	0.00015972	0.00062919	6.9458e-06	5.5555e-05	2.5011e-06	0.00027278	8.2651e-06	9.8894e-05	1.1915e-05	4.6871e-05	4.1388e-05	7.1087e-05	5.7252e-05	0.00032782	3.988e-07	1.2505e-05	2.2404e-07	2.8954e-07	2.1559e-08	4.6539e-08	2.9589e-09	1.7379e-08	3.229e-09	9.0288e-09	2.9374e-09	9.6761e-09	2.163e-09	5.3249e-09	9.6371e-10	2.6968e-09	3.1612e-10	1.0334e-09	5.3283e-10	1.536e-09	4.9995e-10	1.3395e-09	2.9473e-10	1.579e-09	3.3304e-10	1.9303e-09	3.7031e-10	9.1231e-10	2.1931e-10	2.2686e-09	2.0285e-10	6.0726e-10	1.4467e-10	5.3916e-10	6.3852e-11	6.0783e-10	1.0455e-10	4.7427e-10	1.1842e-10	4.7451e-10	1.7963e-10	2.9819e-10	6.0924e-11	3.0195e-10	4.4071e-11	2.75e-10	2.4783e-11	2.7515e-10	9.5096e-11	4.0836e-10	2.6867e-10	5.1037e-10	9.5195e-11	1.6683e-10	5.1149e-11	4.7756e-10	2.4879e-11	2.7769e-11	1.6813e-11
2.70749	1.6745	0.22519	0.0003171	2.56e-05	0.00047508	0.0046177	0.0013078	0.011082	4.418e-05	0.0045023	0.00012027	0.0010024	0.0001551	0.00061036	6.7743e-06	5.4021e-05	2.4474e-06	0.00027271	8.0683e-06	9.5998e-05	1.16e-05	4.5632e-05	4.0237e-05	6.9108e-05	5.5614e-05	0.00031875	3.8988e-07	1.2162e-05	2.1784e-07	2.8154e-07	2.0963e-08	4.5245e-08	2.8767e-09	1.6897e-08	3.1393e-09	8.7781e-09	2.8558e-09	9.4073e-09	2.1029e-09	5.177e-09	9.3693e-10	2.6218e-09	3.0733e-10	1.0047e-09	5.1802e-10	1.4934e-09	4.8606e-10	1.3023e-09	2.8655e-10	1.5352e-09	3.2381e-10	1.8768e-09	3.6004e-10	8.8703e-10	2.1323e-10	2.2058e-09	1.9723e-10	5.9043e-10	1.4066e-10	5.2421e-10	6.2081e-11	5.9099e-10	1.0165e-10	4.6113e-10	1.1514e-10	4.6136e-10	1.7465e-10	2.8993e-10	5.9236e-11	2.9358e-10	4.285e-11	2.6738e-10	2.4097e-11	2.6753e-10	9.2463e-11	3.9706e-10	2.6123e-10	4.9624e-10	9.256e-11	1.6221e-10	4.9734e-11	4.6435e-10	2.4191e-11	2.7e-11	1.6348e-11
2.74512	1.6022	0.2187	0.00030908	2.5097e-05	0.00046326	0.004481	0.0013	0.011026	4.3033e-05	0.0045199	0.00011688	0.00097232	0.00015062	0.00059209	6.6072e-06	5.2531e-05	2.3949e-06	0.00027284	7.8764e-06	9.3189e-05	1.1294e-05	4.4427e-05	3.9119e-05	6.7184e-05	5.4025e-05	0.00030993	3.8117e-07	1.1828e-05	2.1183e-07	2.7376e-07	2.0381e-08	4.3988e-08	2.7967e-09	1.6428e-08	3.0521e-09	8.5345e-09	2.7765e-09	9.1461e-09	2.0445e-09	5.0331e-09	9.1089e-10	2.549e-09	2.988e-10	9.7681e-10	5.0363e-10	1.4519e-09	4.7256e-10	1.2662e-09	2.786e-10	1.4927e-09	3.1483e-10	1.8249e-09	3.5006e-10	8.6245e-10	2.0732e-10	2.1447e-09	1.9177e-10	5.7407e-10	1.3676e-10	5.0968e-10	6.0359e-11	5.7461e-10	9.8831e-11	4.4836e-10	1.1195e-10	4.4859e-10	1.6982e-10	2.819e-10	5.7596e-11	2.8546e-10	4.1664e-11	2.5998e-10	2.343e-11	2.6012e-10	8.9904e-11	3.8607e-10	2.54e-10	4.8251e-10	8.9999e-11	1.5772e-10	4.8358e-11	4.515e-10	2.3522e-11	2.6253e-11	1.5895e-11
2.78327	1.533	0.21242	0.00030127	2.4605e-05	0.00045174	0.0043484	0.0012937	0.010976	4.1917e-05	0.0045398	0.0001136	0.00094313	0.00014626	0.00057438	6.4443e-06	5.1082e-05	2.3435e-06	0.00027267	7.6892e-06	9.0463e-05	1.0997e-05	4.3254e-05	3.8033e-05	6.5316e-05	5.2481e-05	0.00030137	3.7266e-07	1.1504e-05	2.0598e-07	2.662e-07	1.9815e-08	4.2766e-08	2.7191e-09	1.5972e-08	2.9674e-09	8.2977e-09	2.6995e-09	8.8923e-09	1.9878e-09	4.8934e-09	8.856e-10	2.4782e-09	2.905e-10	9.497e-10	4.8965e-10	1.4116e-09	4.5944e-10	1.2311e-09	2.7087e-10	1.4513e-09	3.0611e-10	1.7744e-09	3.4037e-10	8.3858e-10	2.0158e-10	2.0853e-09	1.8646e-10	5.5817e-10	1.3297e-10	4.9556e-10	5.8686e-11	5.587e-10	9.6094e-11	4.3595e-10	1.0886e-10	4.3618e-10	1.6512e-10	2.741e-10	5.6002e-11	2.7756e-10	4.0511e-11	2.5279e-10	2.2782e-11	2.5293e-10	8.7418e-11	3.7539e-10	2.4698e-10	4.6917e-10	8.751e-11	1.5336e-10	4.7019e-11	4.39e-10	2.287e-11	2.5527e-11	1.5456e-11
2.82195	1.4667	0.20634	0.00029366	2.4122e-05	0.00044051	0.0042198	0.001288	0.01093	4.0829e-05	0.004559	0.0001104	0.00091481	0.00014203	0.00055719	6.2854e-06	4.9673e-05	2.2932e-06	0.00027241	7.5064e-06	8.7816e-05	1.0707e-05	4.2113e-05	3.6972e-05	6.3499e-05	5.0982e-05	0.00029304	3.6434e-07	1.1189e-05	2.0029e-07	2.5884e-07	1.9265e-08	4.1579e-08	2.6436e-09	1.5529e-08	2.885e-09	8.0676e-09	2.6246e-09	8.6456e-09	1.9326e-09	4.7576e-09	8.6101e-10	2.4094e-09	2.8244e-10	9.2335e-10	4.7606e-10	1.3725e-09	4.4669e-10	1.1969e-09	2.6336e-10	1.4111e-09	2.9763e-10	1.7253e-09	3.3094e-10	8.1537e-10	1.9599e-10	2.0276e-09	1.813e-10	5.4272e-10	1.2928e-10	4.8184e-10	5.706e-11	5.4324e-10	9.3433e-11	4.2389e-10	1.0584e-10	4.2411e-10	1.6055e-10	2.6652e-10	5.4452e-11	2.6988e-10	3.9391e-11	2.458e-10	2.2152e-11	2.4593e-10	8.5e-11	3.65e-10	2.4014e-10	4.5618e-10	8.5088e-11	1.4911e-10	4.5718e-11	4.2685e-10	2.2237e-11	2.4821e-11	1.5029e-11
2.86117	1.4032	0.20046	0.00028625	2.365e-05	0.00042957	0.0040951	0.0012826	0.010889	3.9771e-05	0.0045769	0.0001073	0.00088736	0.00013793	0.00054054	6.1306e-06	4.8304e-05	2.2441e-06	0.00027204	7.3282e-06	8.5249e-05	1.0426e-05	4.1003e-05	3.5939e-05	6.1735e-05	4.9522e-05	0.00028495	3.5622e-07	1.0883e-05	1.9476e-07	2.517e-07	1.873e-08	4.0426e-08	2.5703e-09	1.5099e-08	2.805e-09	7.8441e-09	2.5519e-09	8.4059e-09	1.879e-09	4.6256e-09	8.3712e-10	2.3426e-09	2.746e-10	8.9775e-10	4.6286e-10	1.3344e-09	4.3431e-10	1.1638e-09	2.5607e-10	1.372e-09	2.8939e-10	1.6776e-09	3.2178e-10	7.9282e-10	1.9057e-10	1.9716e-09	1.7628e-10	5.277e-10	1.2571e-10	4.685e-10	5.5481e-11	5.2821e-10	9.0849e-11	4.1218e-10	1.0292e-10	4.1239e-10	1.5611e-10	2.5915e-10	5.2947e-11	2.6242e-10	3.8302e-11	2.39e-10	2.1539e-11	2.3913e-10	8.2648e-11	3.549e-10	2.335e-10	4.4356e-10	8.2734e-11	1.4499e-10	4.4454e-11	4.1505e-10	2.1622e-11	2.4135e-11	1.4613e-11
2.90093	1.3423	0.19476	0.00027903	2.3186e-05	0.00041891	0.0039742	0.0012777	0.010853	3.8741e-05	0.0045962	0.00010429	0.00086074	0.00013395	0.00052438	5.9797e-06	4.6973e-05	2.1961e-06	0.00027178	7.1542e-06	8.2758e-05	1.0151e-05	3.9921e-05	3.4935e-05	6.0021e-05	4.81e-05	0.00027709	3.4824e-07	1.0585e-05	1.8935e-07	2.4475e-07	1.8211e-08	3.9305e-08	2.499e-09	1.468e-08	2.7272e-09	7.6269e-09	2.4812e-09	8.1731e-09	1.8269e-09	4.4974e-09	8.1391e-10	2.2777e-09	2.6699e-10	8.7287e-10	4.5003e-10	1.2975e-09	4.2227e-10	1.1316e-09	2.4898e-10	1.3341e-09	2.8138e-10	1.6312e-09	3.1288e-10	7.7091e-10	1.853e-10	1.9171e-09	1.7141e-10	5.1312e-10	1.2223e-10	4.5555e-10	5.3946e-11	5.1361e-10	8.8337e-11	4.0078e-10	1.0007e-10	4.0098e-10	1.5179e-10	2.5198e-10	5.1484e-11	2.5516e-10	3.7242e-11	2.3239e-10	2.0943e-11	2.3251e-10	8.0362e-11	3.4509e-10	2.2704e-10	4.313e-10	8.0446e-11	1.4098e-10	4.3225e-11	4.0358e-10	2.1025e-11	2.3469e-11	1.421e-11
2.94125	1.2841	0.18925	0.000272	2.2733e-05	0.00040851	0.0038571	0.0012733	0.01082	3.7738e-05	0.0046171	0.00010136	0.00083495	0.00013009	0.00050873	5.8326e-06	4.568e-05	2.1491e-06	0.00027135	6.9846e-06	8.0342e-05	9.8846e-06	3.8863e-05	3.3961e-05	5.835e-05	4.672e-05	0.00026945	3.4042e-07	1.0296e-05	1.841e-07	2.3795e-07	1.7706e-08	3.8216e-08	2.4298e-09	1.4274e-08	2.6517e-09	7.4158e-09	2.4125e-09	7.9468e-09	1.7763e-09	4.3729e-09	7.9137e-10	2.2146e-09	2.596e-10	8.4871e-10	4.3757e-10	1.2615e-09	4.1058e-10	1.1003e-09	2.4209e-10	1.2972e-09	2.7361e-10	1.5861e-09	3.0423e-10	7.4962e-10	1.8019e-10	1.8641e-09	1.6668e-10	4.9894e-10	1.1885e-10	4.4296e-10	5.2455e-11	4.9943e-10	8.5897e-11	3.897e-10	9.7307e-11	3.899e-10	1.476e-10	2.4502e-10	5.006e-11	2.4811e-10	3.6213e-11	2.2597e-10	2.0364e-11	2.2609e-10	7.8141e-11	3.3556e-10	2.2077e-10	4.1938e-10	7.8224e-11	1.3709e-10	4.2032e-11	3.9244e-10	2.0444e-11	2.2822e-11	1.3818e-11
2.98212	1.2284	0.18392	0.00026516	2.2289e-05	0.00039831	0.0037435	0.0012693	0.01079	3.6762e-05	0.0046384	9.8519e-05	0.00080994	0.00012634	0.00049354	5.6892e-06	4.4423e-05	2.1032e-06	0.00027082	6.819e-06	7.7997e-05	9.6251e-06	3.7833e-05	3.3014e-05	5.6721e-05	4.538e-05	0.00026201	3.3278e-07	1.0015e-05	1.79e-07	2.3136e-07	1.7216e-08	3.7158e-08	2.3625e-09	1.388e-08	2.5783e-09	7.2108e-09	2.3458e-09	7.727e-09	1.7271e-09	4.2519e-09	7.6946e-10	2.1533e-09	2.5241e-10	8.2523e-10	4.2546e-10	1.2267e-09	3.9922e-10	1.0699e-09	2.354e-10	1.2613e-09	2.6605e-10	1.5423e-09	2.9583e-10	7.289e-10	1.7521e-10	1.8126e-09	1.6207e-10	4.8517e-10	1.1557e-10	4.3073e-10	5.1006e-11	4.8563e-10	8.3526e-11	3.7893e-10	9.4618e-11	3.7913e-10	1.4352e-10	2.3825e-10	4.8677e-11	2.4126e-10	3.5213e-11	2.1973e-10	1.9802e-11	2.1985e-10	7.5984e-11	3.263e-10	2.1468e-10	4.0781e-10	7.6064e-11	1.333e-10	4.0872e-11	3.8161e-10	1.988e-11	2.2193e-11	1.3437e-11
3.02357	1.1751	0.17876	0.0002585	2.1855e-05	0.00038838	0.0036335	0.0012657	0.010766	3.5813e-05	0.0046599	9.5761e-05	0.00078571	0.0001227	0.00047883	5.5496e-06	4.3202e-05	2.0583e-06	0.00027003	6.6577e-06	7.5723e-05	9.3714e-06	3.6832e-05	3.2096e-05	5.514e-05	4.4081e-05	0.00025476	3.2533e-07	9.7419e-06	1.7404e-07	2.2495e-07	1.674e-08	3.6131e-08	2.2972e-09	1.3496e-08	2.5071e-09	7.0117e-09	2.281e-09	7.5136e-09	1.6794e-09	4.1344e-09	7.4819e-10	2.0938e-09	2.4544e-10	8.0243e-10	4.1371e-10	1.1928e-09	3.8819e-10	1.0403e-09	2.2891e-10	1.2266e-09	2.5871e-10	1.4998e-09	2.8768e-10	7.0878e-10	1.7038e-10	1.7626e-09	1.576e-10	4.7177e-10	1.1238e-10	4.1885e-10	4.9599e-11	4.7223e-10	8.122e-11	3.6848e-10	9.2008e-11	3.6867e-10	1.3956e-10	2.3168e-10	4.7334e-11	2.3461e-10	3.4242e-11	2.1367e-10	1.9256e-11	2.1379e-10	7.3889e-11	3.1731e-10	2.0876e-10	3.9657e-10	7.3968e-11	1.2963e-10	3.9746e-11	3.711e-10	1.9332e-11	2.1582e-11	1.3068e-11
3.06559	1.1241	0.17377	0.00025201	2.1429e-05	0.0003787	0.0035269	0.0012626	0.010749	3.4889e-05	0.0046817	9.3081e-05	0.00076222	0.00011917	0.00046457	5.4136e-06	4.2016e-05	2.0145e-06	0.00026927	6.5003e-06	7.3518e-05	9.1241e-06	3.5858e-05	3.1203e-05	5.3604e-05	4.282e-05	0.0002477	3.1806e-07	9.4764e-06	1.6923e-07	2.1873e-07	1.6277e-08	3.5134e-08	2.2338e-09	1.3124e-08	2.4379e-09	6.8183e-09	2.2181e-09	7.3063e-09	1.6331e-09	4.0202e-09	7.2753e-10	2.036e-09	2.3866e-10	7.8029e-10	4.0229e-10	1.1599e-09	3.7748e-10	1.0116e-09	2.2259e-10	1.1928e-09	2.5158e-10	1.4584e-09	2.7974e-10	6.8924e-10	1.6568e-10	1.714e-09	1.5325e-10	4.5876e-10	1.0928e-10	4.073e-10	4.8232e-11	4.5921e-10	7.898e-11	3.5833e-10	8.9472e-11	3.5851e-10	1.3572e-10	2.253e-10	4.603e-11	2.2814e-10	3.3298e-11	2.0778e-10	1.8726e-11	2.079e-10	7.1854e-11	3.0857e-10	2.0301e-10	3.8565e-10	7.1931e-11	1.2606e-10	3.8652e-11	3.6088e-10	1.88e-11	2.0989e-11	1.2708e-11
3.10819	1.0752	0.16894	0.0002457	2.1013e-05	0.00036929	0.0034236	0.0012606	0.010736	3.3986e-05	0.0047036	9.0481e-05	0.00073946	0.00011575	0.00045075	5.281e-06	4.0864e-05	1.9716e-06	0.00026814	6.3469e-06	7.138e-05	8.8837e-06	3.4912e-05	3.0337e-05	5.2113e-05	4.1597e-05	0.00024086	3.1095e-07	9.2186e-06	1.6456e-07	2.1269e-07	1.5828e-08	3.4165e-08	2.1722e-09	1.2763e-08	2.3707e-09	6.6306e-09	2.1569e-09	7.105e-09	1.588e-09	3.9094e-09	7.0747e-10	1.9799e-09	2.3208e-10	7.5879e-10	3.912e-10	1.1279e-09	3.6708e-10	9.8379e-10	2.1646e-10	1.1599e-09	2.4465e-10	1.4183e-09	2.7203e-10	6.7027e-10	1.6111e-10	1.6668e-09	1.4903e-10	4.4613e-10	1.0627e-10	3.9608e-10	4.6903e-11	4.4656e-10	7.6805e-11	3.4847e-10	8.7009e-11	3.4865e-10	1.3198e-10	2.191e-10	4.4763e-11	2.2187e-10	3.2382e-11	2.0207e-10	1.8211e-11	2.0218e-10	6.9878e-11	3.0009e-10	1.9743e-10	3.7505e-10	6.9953e-11	1.2259e-10	3.759e-11	3.5097e-10	1.8284e-11	2.0412e-11	1.236e-11
3.15139	1.0285	0.16427	0.00023955	2.0606e-05	0.00036012	0.0033236	0.0012591	0.010726	3.3105e-05	0.0047269	8.7953e-05	0.00071742	0.00011243	0.00043736	5.152e-06	3.9745e-05	1.9298e-06	0.00026717	6.1974e-06	6.9306e-05	8.65e-06	3.3992e-05	2.9496e-05	5.0666e-05	4.0411e-05	0.00023421	3.0402e-07	8.967e-06	1.6002e-07	2.0682e-07	1.5392e-08	3.3224e-08	2.1124e-09	1.2412e-08	2.3054e-09	6.4482e-09	2.0976e-09	6.9095e-09	1.5443e-09	3.8018e-09	6.8799e-10	1.9254e-09	2.2569e-10	7.3791e-10	3.8043e-10	1.0969e-09	3.5698e-10	9.5674e-10	2.1051e-10	1.128e-09	2.3792e-10	1.3793e-09	2.6455e-10	6.5184e-10	1.5668e-10	1.621e-09	1.4494e-10	4.3386e-10	1.0335e-10	3.8519e-10	4.5613e-11	4.3429e-10	7.4693e-11	3.3889e-10	8.4618e-11	3.3907e-10	1.2836e-10	2.1308e-10	4.3533e-11	2.1577e-10	3.1492e-11	1.9652e-10	1.771e-11	1.9663e-10	6.7959e-11	2.9185e-10	1.9201e-10	3.6475e-10	6.8032e-11	1.1923e-10	3.6558e-11	3.4134e-10	1.7782e-11	1.9853e-11	1.2021e-11
3.19518	0.98382	0.15976	0.00023358	2.0208e-05	0.0003512	0.0032266	0.001258	0.01072	3.2249e-05	0.0047508	8.5487e-05	0.00069606	0.0001092	0.00042438	5.0264e-06	3.8659e-05	1.8886e-06	0.00026597	6.0518e-06	6.7296e-05	8.423e-06	3.3098e-05	2.868e-05	4.9262e-05	3.9261e-05	0.00022776	2.9727e-07	8.7221e-06	1.5561e-07	2.0113e-07	1.4969e-08	3.2311e-08	2.0544e-09	1.2071e-08	2.2421e-09	6.2712e-09	2.04e-09	6.7198e-09	1.5019e-09	3.6974e-09	6.6908e-10	1.8725e-09	2.1949e-10	7.1764e-10	3.6998e-10	1.0668e-09	3.4717e-10	9.3046e-10	2.0473e-10	1.097e-09	2.3139e-10	1.3415e-09	2.5729e-10	6.3396e-10	1.5238e-10	1.5766e-09	1.4096e-10	4.2196e-10	1.0051e-10	3.7461e-10	4.436e-11	4.2237e-10	7.2643e-11	3.296e-10	8.2297e-11	3.2977e-10	1.2484e-10	2.0723e-10	4.2339e-11	2.0986e-10	3.0629e-11	1.9113e-10	1.7225e-11	1.9124e-10	6.6096e-11	2.8385e-10	1.8675e-10	3.5476e-10	6.6168e-11	1.1596e-10	3.5557e-11	3.3199e-10	1.7295e-11	1.931e-11	1.1692e-11
3.23959	0.94109	0.15539	0.00022776	1.9819e-05	0.00034252	0.0031327	0.0012568	0.010719	3.1416e-05	0.0047719	8.3092e-05	0.00067537	0.00010606	0.00041181	4.9035e-06	3.7604e-05	1.8483e-06	0.00026452	5.9097e-06	6.5347e-05	8.2021e-06	3.2229e-05	2.7887e-05	4.7898e-05	3.8144e-05	0.00022149	2.9067e-07	8.4842e-06	1.5134e-07	1.956e-07	1.4558e-08	3.1425e-08	1.998e-09	1.174e-08	2.1806e-09	6.0991e-09	1.9841e-09	6.5355e-09	1.4607e-09	3.5959e-09	6.5072e-10	1.8212e-09	2.1347e-10	6.9796e-10	3.5983e-10	1.0375e-09	3.3765e-10	9.0492e-10	1.9911e-10	1.0669e-09	2.2504e-10	1.3048e-09	2.5023e-10	6.1659e-10	1.4821e-10	1.5334e-09	1.371e-10	4.1039e-10	9.7756e-11	3.6434e-10	4.3143e-11	4.108e-10	7.0652e-11	3.2057e-10	8.0043e-11	3.2074e-10	1.2142e-10	2.0156e-10	4.1179e-11	2.0411e-10	2.979e-11	1.859e-10	1.6753e-11	1.8601e-10	6.4287e-11	2.7608e-10	1.8164e-10	3.4505e-10	6.4357e-11	1.1279e-10	3.4584e-11	3.2291e-10	1.6822e-11	1.8779e-11	1.1368e-11
3.28461	0.90023	0.15118	0.00022209	1.9437e-05	0.00033406	0.0030417	0.0012561	0.010723	3.0606e-05	0.0047925	8.0769e-05	0.00065532	0.00010301	0.00039963	4.7833e-06	3.6579e-05	1.8089e-06	0.00026304	5.77e-06	6.3457e-05	7.9874e-06	3.1384e-05	2.7118e-05	4.6574e-05	3.7062e-05	0.00021541	2.8423e-07	8.2531e-06	1.4718e-07	1.9023e-07	1.4159e-08	3.0564e-08	1.9433e-09	1.1418e-08	2.1209e-09	5.932e-09	1.9297e-09	6.3565e-09	1.4207e-09	3.4974e-09	6.3289e-10	1.7713e-09	2.0762e-10	6.7885e-10	3.4998e-10	1.0091e-09	3.284e-10	8.8013e-10	1.9366e-10	1.0377e-09	2.1888e-10	1.2691e-09	2.4338e-10	5.9972e-10	1.4415e-10	1.4915e-09	1.3335e-10	3.9916e-10	9.5079e-11	3.5437e-10	4.1962e-11	3.9956e-10	6.8719e-11	3.1181e-10	7.7854e-11	3.1198e-10	1.181e-10	1.9605e-10	4.0053e-11	1.9853e-10	2.8976e-11	1.8082e-10	1.6296e-11	1.8092e-10	6.253e-11	2.6854e-10	1.7668e-10	3.3562e-10	6.2599e-11	1.0971e-10	3.364e-11	3.1409e-10	1.6362e-11	1.8258e-11	1.1053e-11
3.33026	0.86115	0.1471	0.00021657	1.9065e-05	0.00032584	0.0029537	0.0012559	0.01073	2.9819e-05	0.0048113	7.8516e-05	0.00063591	0.00010006	0.00038783	4.6664e-06	3.5585e-05	1.7705e-06	0.00026149	5.6342e-06	6.1626e-05	7.779e-06	3.0564e-05	2.6372e-05	4.5291e-05	3.6013e-05	0.00020951	2.7796e-07	8.029e-06	1.4316e-07	1.8502e-07	1.3772e-08	2.9729e-08	1.8902e-09	1.1106e-08	2.0629e-09	5.7698e-09	1.8769e-09	6.1827e-09	1.3819e-09	3.4019e-09	6.156e-10	1.7229e-09	2.0195e-10	6.6029e-10	3.4042e-10	9.815e-10	3.1943e-10	8.5608e-10	1.8836e-10	1.0094e-09	2.129e-10	1.2345e-09	2.3674e-10	5.8336e-10	1.4022e-10	1.4508e-09	1.2971e-10	3.8827e-10	9.2484e-11	3.447e-10	4.0816e-11	3.8866e-10	6.6843e-11	3.0331e-10	7.5731e-11	3.0347e-10	1.1488e-10	1.907e-10	3.8961e-11	1.9312e-10	2.8186e-11	1.7589e-10	1.5852e-11	1.7599e-10	6.0826e-11	2.6123e-10	1.7186e-10	3.2648e-10	6.0893e-11	1.0672e-10	3.2724e-11	3.0554e-10	1.5917e-11	1.7753e-11	1.0747e-11
3.37654	0.82378	0.14316	0.00021121	1.8701e-05	0.00031783	0.0028684	0.0012563	0.010739	2.9054e-05	0.0048299	7.633e-05	0.00061702	9.7192e-05	0.00037641	4.5526e-06	3.4619e-05	1.733e-06	0.00025994	5.5017e-06	5.9851e-05	7.5764e-06	2.9766e-05	2.5648e-05	4.4045e-05	3.4995e-05	0.00020378	2.7184e-07	7.8113e-06	1.3925e-07	1.7997e-07	1.3396e-08	2.8918e-08	1.8386e-09	1.0803e-08	2.0066e-09	5.6124e-09	1.8257e-09	6.0139e-09	1.3441e-09	3.309e-09	5.9881e-10	1.6759e-09	1.9644e-10	6.4226e-10	3.3112e-10	9.5472e-10	3.107e-10	8.3273e-10	1.8323e-10	9.8184e-10	2.071e-10	1.2009e-09	2.3029e-10	5.6748e-10	1.364e-10	1.4113e-09	1.2618e-10	3.777e-10	8.9963e-11	3.3531e-10	3.9704e-11	3.7807e-10	6.5023e-11	2.9505e-10	7.3669e-11	2.9521e-10	1.1175e-10	1.8551e-10	3.79e-11	1.8787e-10	2.7419e-11	1.7111e-10	1.542e-11	1.7121e-10	5.9172e-11	2.5413e-10	1.6719e-10	3.176e-10	5.9237e-11	1.0382e-10	3.1831e-11	2.9717e-10	1.5484e-11	1.7262e-11	1.045e-11
3.42346	0.78769	0.13936	0.00020598	1.8344e-05	0.00031004	0.0027858	0.0012571	0.010751	2.8309e-05	0.0048481	7.4209e-05	0.00059869	9.4415e-05	0.00036531	4.4418e-06	3.3681e-05	1.6964e-06	0.00025827	5.3726e-06	5.8128e-05	7.3793e-06	2.8991e-05	2.4945e-05	4.2835e-05	3.4008e-05	0.00019822	2.6586e-07	7.6e-06	1.3545e-07	1.7506e-07	1.3032e-08	2.8129e-08	1.7885e-09	1.0509e-08	1.9519e-09	5.4596e-09	1.776e-09	5.8501e-09	1.3075e-09	3.2188e-09	5.8249e-10	1.6302e-09	1.9109e-10	6.2476e-10	3.221e-10	9.2871e-10	3.0224e-10	8.1006e-10	1.7824e-10	9.5514e-10	2.0147e-10	1.1683e-09	2.2403e-10	5.5206e-10	1.3269e-10	1.373e-09	1.2275e-10	3.6743e-10	8.7517e-11	3.2619e-10	3.8624e-11	3.678e-10	6.3255e-11	2.8704e-10	7.1668e-11	2.872e-10	1.0872e-10	1.8048e-10	3.6871e-11	1.8277e-10	2.6674e-11	1.6646e-10	1.5002e-11	1.6656e-10	5.7565e-11	2.4723e-10	1.6265e-10	3.0898e-10	5.7629e-11	1.0099e-10	3.0953e-11	2.8897e-10	1.5057e-11	1.6786e-11	1.0162e-11
3.47104	0.75319	0.13566	0.00020091	1.7996e-05	0.00030247	0.0027053	0.0012581	0.010766	2.7587e-05	0.0048665	7.2153e-05	0.00058095	9.1725e-05	0.00035453	4.3341e-06	3.2765e-05	1.6607e-06	0.0002566	5.2471e-06	5.645e-05	7.1882e-06	2.8239e-05	2.4264e-05	4.1663e-05	3.3052e-05	0.00019283	2.6004e-07	7.395e-06	1.3177e-07	1.703e-07	1.2678e-08	2.7365e-08	1.7399e-09	1.0223e-08	1.8989e-09	5.3114e-09	1.7278e-09	5.6912e-09	1.272e-09	3.1314e-09	5.6666e-10	1.5859e-09	1.8589e-10	6.0779e-10	3.1335e-10	9.035e-10	2.9403e-10	7.8808e-10	1.734e-10	9.2923e-10	1.9601e-10	1.1366e-09	2.1796e-10	5.3711e-10	1.291e-10	1.3358e-09	1.1943e-10	3.5747e-10	8.5144e-11	3.1735e-10	3.7576e-11	3.5784e-10	6.1541e-11	2.7927e-10	6.9727e-11	2.7942e-10	1.0578e-10	1.7559e-10	3.5873e-11	1.7782e-10	2.5952e-11	1.6196e-10	1.4596e-11	1.6205e-10	5.6008e-11	2.4042e-10	1.582e-10	3.0049e-10	5.6057e-11	9.8209e-11	3.0101e-11	2.8102e-10	1.4643e-11	1.6325e-11	9.8825e-12
3.51928	0.72025	0.13209	0.00019597	1.7654e-05	0.00029509	0.0026274	0.0012595	0.010786	2.6884e-05	0.0048851	7.0158e-05	0.00056377	8.9116e-05	0.00034408	4.2292e-06	3.1875e-05	1.6258e-06	0.00025455	5.1247e-06	5.4824e-05	7.0023e-06	2.7507e-05	2.3602e-05	4.0525e-05	3.2125e-05	0.00018759	2.5437e-07	7.196e-06	1.282e-07	1.6568e-07	1.2334e-08	2.6623e-08	1.6927e-09	9.9464e-09	1.8474e-09	5.1675e-09	1.681e-09	5.537e-09	1.2375e-09	3.0465e-09	5.5129e-10	1.5429e-09	1.8085e-10	5.9132e-10	3.0485e-10	8.7902e-10	2.8606e-10	7.6674e-10	1.6871e-10	9.0409e-10	1.9071e-10	1.1059e-09	2.1206e-10	5.2259e-10	1.2561e-10	1.2997e-09	1.162e-10	3.4781e-10	8.2841e-11	3.0877e-10	3.656e-11	3.4816e-10	5.9877e-11	2.7172e-10	6.7843e-11	2.7187e-10	1.0292e-10	1.7085e-10	3.4903e-11	1.73e-10	2.5251e-11	1.5753e-10	1.4197e-11	1.576e-10	5.4472e-11	2.3382e-10	1.5385e-10	2.9224e-10	5.4517e-11	9.5512e-11	2.9275e-11	2.7331e-10	1.4241e-11	1.5877e-11	9.6114e-12
3.56819	0.68878	0.12865	0.00019177	1.7321e-05	0.00028793	0.002552	0.0012613	0.010808	2.6202e-05	0.004905	6.8224e-05	0.00054714	8.6589e-05	0.00033397	4.1273e-06	3.1013e-05	1.5919e-06	0.00025237	5.0056e-06	5.3249e-05	6.8219e-06	2.6797e-05	2.296e-05	3.9421e-05	3.1226e-05	0.00018252	2.4883e-07	7.0029e-06	1.2473e-07	1.612e-07	1.2e-08	2.5903e-08	1.6469e-09	9.6778e-09	1.7975e-09	5.028e-09	1.6355e-09	5.3874e-09	1.204e-09	2.9641e-09	5.3638e-10	1.5012e-09	1.7597e-10	5.7534e-10	2.9661e-10	8.5528e-10	2.7833e-10	7.4604e-10	1.6415e-10	8.797e-10	1.8556e-10	1.076e-09	2.0634e-10	5.0851e-10	1.2222e-10	1.2647e-09	1.1307e-10	3.3843e-10	8.0606e-11	3.0044e-10	3.5573e-11	3.3878e-10	5.8263e-11	2.6436e-10	6.6015e-11	2.6446e-10	1.0011e-10	1.662e-10	3.3963e-11	1.6826e-10	2.4562e-11	1.5322e-10	1.3808e-11	1.5328e-10	5.298e-11	2.2742e-10	1.4964e-10	2.8423e-10	5.3024e-11	9.2896e-11	2.8473e-11	2.6583e-10	1.3851e-11	1.5443e-11	9.3485e-12
3.61778	0.65871	0.12532	0.00018709	1.6996e-05	0.00028096	0.002479	0.0012633	0.010833	2.5539e-05	0.0049257	6.6349e-05	0.00053105	8.4141e-05	0.00032418	4.0281e-06	3.0176e-05	1.5587e-06	0.00025004	4.8898e-06	5.1723e-05	6.6467e-06	2.6108e-05	2.2337e-05	3.8351e-05	3.0354e-05	0.00017759	2.4345e-07	6.8155e-06	1.2137e-07	1.5686e-07	1.1676e-08	2.5205e-08	1.6025e-09	9.4172e-09	1.749e-09	4.8926e-09	1.5915e-09	5.2423e-09	1.1716e-09	2.8843e-09	5.2193e-10	1.4608e-09	1.7122e-10	5.5984e-10	2.8862e-10	8.3225e-10	2.7083e-10	7.2596e-10	1.5974e-10	8.5604e-10	1.8057e-10	1.0466e-09	2.0079e-10	4.9485e-10	1.1894e-10	1.2301e-09	1.1002e-10	3.2934e-10	7.8439e-11	2.9237e-10	3.4617e-11	3.2968e-10	5.6697e-11	2.5714e-10	6.4222e-11	2.5724e-10	9.738e-11	1.6166e-10	3.3037e-11	1.6366e-10	2.3891e-11	1.4903e-10	1.3431e-11	1.491e-10	5.1533e-11	2.2121e-10	1.4556e-10	2.7647e-10	5.1576e-11	9.036e-11	2.7696e-11	2.5857e-10	1.3473e-11	1.5022e-11	9.0937e-12
3.66805	0.63001	0.12211	0.00018255	1.6678e-05	0.00027418	0.0024084	0.0012657	0.010859	2.4895e-05	0.0049421	6.4531e-05	0.00051547	8.1769e-05	0.0003147	3.9316e-06	2.9364e-05	1.5264e-06	0.0002478	4.7769e-06	5.0245e-05	6.4764e-06	2.5438e-05	2.1733e-05	3.7313e-05	2.9509e-05	0.00017282	2.3819e-07	6.6337e-06	1.181e-07	1.5264e-07	1.1363e-08	2.4528e-08	1.5595e-09	9.1644e-09	1.7021e-09	4.7613e-09	1.5488e-09	5.1015e-09	1.1401e-09	2.8068e-09	5.079e-10	1.4215e-09	1.6662e-10	5.4481e-10	2.8087e-10	8.099e-10	2.6356e-10	7.0648e-10	1.5545e-10	8.3308e-10	1.7573e-10	1.0181e-09	1.9541e-10	4.8139e-10	1.1575e-10	1.1966e-09	1.0702e-10	3.2052e-10	7.6336e-11	2.8453e-10	3.3688e-11	3.2077e-10	5.5178e-11	2.5013e-10	6.2472e-11	2.5023e-10	9.4727e-11	1.5726e-10	3.2137e-11	1.592e-10	2.324e-11	1.4497e-10	1.3065e-11	1.4504e-10	5.013e-11	2.1518e-10	1.4159e-10	2.6895e-10	5.0172e-11	8.7901e-11	2.6943e-11	2.5154e-10	1.3106e-11	1.4613e-11	8.8464e-12
3.71903	0.6026	0.11902	0.00017813	1.6421e-05	0.00026759	0.00234	0.0012684	0.010886	2.4269e-05	0.0049573	6.2768e-05	0.00050039	7.9471e-05	0.00030553	3.8378e-06	2.8577e-05	1.4949e-06	0.00024539	4.6671e-06	4.8814e-05	6.3111e-06	2.4787e-05	2.1147e-05	3.6305e-05	2.8689e-05	0.00016818	2.3306e-07	6.4574e-06	1.1493e-07	1.4854e-07	1.1058e-08	2.3871e-08	1.5177e-09	8.9192e-09	1.6565e-09	4.6339e-09	1.5073e-09	4.965e-09	1.1096e-09	2.7316e-09	4.9429e-10	1.3834e-09	1.6216e-10	5.3022e-10	2.7335e-10	7.8823e-10	2.565e-10	6.8759e-10	1.5129e-10	8.1082e-10	1.7104e-10	9.9047e-10	1.9019e-10	4.6831e-10	1.1261e-10	1.1641e-09	1.0412e-10	3.1182e-10	7.4297e-11	2.769e-10	3.2788e-11	3.1205e-10	5.3686e-11	2.4334e-10	6.0775e-11	2.4344e-10	9.2155e-11	1.5299e-10	3.1264e-11	1.5488e-10	2.2609e-11	1.4104e-10	1.2711e-11	1.411e-10	4.8769e-11	2.0935e-10	1.3775e-10	2.6165e-10	4.881e-11	8.5515e-11	2.6212e-11	2.4471e-10	1.2751e-11	1.4217e-11	8.6067e-12
3.77071	0.57642	0.11603	0.00017384	1.6118e-05	0.00026117	0.002274	0.0012715	0.010914	2.3661e-05	0.004973	6.1059e-05	0.0004858	7.7245e-05	0.00029665	3.7466e-06	2.7813e-05	1.4642e-06	0.0002426	4.5603e-06	4.7428e-05	6.1507e-06	2.4155e-05	2.0579e-05	3.5328e-05	2.7896e-05	0.00016369	2.2806e-07	6.2863e-06	1.1186e-07	1.4457e-07	1.0763e-08	2.3234e-08	1.4772e-09	8.6814e-09	1.6123e-09	4.5104e-09	1.4671e-09	4.8326e-09	1.08e-09	2.6587e-09	4.811e-10	1.3465e-09	1.5783e-10	5.1608e-10	2.6606e-10	7.6721e-10	2.4966e-10	6.6926e-10	1.4726e-10	7.8923e-10	1.6647e-10	9.6367e-10	1.8507e-10	4.5564e-10	1.0956e-10	1.1326e-09	1.013e-10	3.0337e-10	7.2309e-11	2.6941e-10	3.1915e-11	3.0361e-10	5.2232e-11	2.3675e-10	5.913e-11	2.3685e-10	8.9661e-11	1.4885e-10	3.0418e-11	1.5069e-10	2.1997e-11	1.3722e-10	1.2367e-11	1.3728e-10	4.745e-11	2.0368e-10	1.3402e-10	2.5457e-10	4.749e-11	8.3203e-11	2.5503e-11	2.381e-10	1.2406e-11	1.3833e-11	8.3743e-12
3.82312	0.55143	0.11315	0.00016967	1.5821e-05	0.00025493	0.0022101	0.0012747	0.010945	2.3071e-05	0.004988	5.9402e-05	0.00047169	7.5088e-05	0.00028806	3.6578e-06	2.7073e-05	1.4342e-06	0.00023976	4.4563e-06	4.6086e-05	5.9946e-06	2.3541e-05	2.0095e-05	3.438e-05	2.7126e-05	0.00015932	2.2319e-07	6.1204e-06	1.0888e-07	1.4072e-07	1.0476e-08	2.2616e-08	1.4379e-09	8.4508e-09	1.5694e-09	4.3906e-09	1.4281e-09	4.7041e-09	1.0513e-09	2.588e-09	4.683e-10	1.3107e-09	1.5364e-10	5.0236e-10	2.5898e-10	7.4682e-10	2.4302e-10	6.5149e-10	1.4335e-10	7.6812e-10	1.6197e-10	9.3767e-10	1.8007e-10	4.4334e-10	1.066e-10	1.102e-09	9.8566e-11	2.9518e-10	7.0357e-11	2.6213e-10	3.1059e-11	2.9541e-10	5.0822e-11	2.3037e-10	5.7535e-11	2.3046e-10	8.7243e-11	1.4483e-10	2.9597e-11	1.4663e-10	2.1404e-11	1.3352e-10	1.2033e-11	1.3358e-10	4.617e-11	1.9819e-10	1.3041e-10	2.4771e-10	4.621e-11	8.0961e-11	2.4816e-11	2.3168e-10	1.2072e-11	1.3461e-11	8.1488e-12
3.87625	0.52758	0.11038	0.00016561	1.5532e-05	0.00024886	0.0021483	0.0012781	0.010979	2.2497e-05	0.0050024	5.7796e-05	0.00045802	7.2998e-05	0.00027975	3.5716e-06	2.6354e-05	1.4049e-06	0.00023709	4.355e-06	4.4786e-05	5.8431e-06	2.2945e-05	1.9559e-05	3.346e-05	2.6471e-05	0.00015509	2.1845e-07	5.9594e-06	1.0599e-07	1.3698e-07	1.0199e-08	2.2016e-08	1.3998e-09	8.2271e-09	1.5278e-09	4.2744e-09	1.3903e-09	4.5796e-09	1.0234e-09	2.5195e-09	4.5589e-10	1.276e-09	1.4957e-10	4.8906e-10	2.5212e-10	7.2705e-10	2.3659e-10	6.3425e-10	1.3956e-10	7.4745e-10	1.5761e-10	9.1247e-10	1.7523e-10	4.3142e-10	1.0373e-10	1.0724e-09	9.5916e-11	2.8725e-10	6.8464e-11	2.5508e-10	3.0223e-11	2.8747e-10	4.9455e-11	2.2418e-10	5.5988e-11	2.2427e-10	8.4899e-11	1.4094e-10	2.8802e-11	1.4269e-10	2.0829e-11	1.2994e-10	1.171e-11	1.2999e-10	4.493e-11	1.9287e-10	1.2691e-10	2.4106e-10	4.4969e-11	7.8787e-11	2.415e-11	2.2546e-10	1.1748e-11	1.31e-11	7.9304e-12
3.93012	0.50481	0.1077	0.00016167	1.525e-05	0.00024297	0.0020885	0.0012818	0.011011	2.194e-05	0.0050173	5.6241e-05	0.00044481	7.0976e-05	0.00027171	3.4878e-06	2.5658e-05	1.3765e-06	0.00023402	4.2567e-06	4.3528e-05	5.6961e-06	2.2444e-05	1.9041e-05	3.257e-05	2.5747e-05	0.00015099	2.1457e-07	5.8034e-06	1.0319e-07	1.3336e-07	9.9295e-09	2.1435e-08	1.3629e-09	8.0103e-09	1.4875e-09	4.1618e-09	1.3537e-09	4.4589e-09	9.9642e-10	2.453e-09	4.4386e-10	1.2424e-09	1.4562e-10	4.7616e-10	2.4547e-10	7.0789e-10	2.3035e-10	6.1742e-10	1.3585e-10	7.2742e-10	1.5339e-10	8.8806e-10	1.7054e-10	4.1987e-10	1.0096e-10	1.0437e-09	9.3349e-11	2.7955e-10	6.663e-11	2.4825e-10	2.9413e-11	2.7977e-10	4.8131e-11	2.1818e-10	5.449e-11	2.1827e-10	8.2627e-11	1.3717e-10	2.8031e-11	1.3887e-10	2.0271e-11	1.2646e-10	1.1397e-11	1.2652e-10	4.3728e-11	1.8771e-10	1.2351e-10	2.3461e-10	4.3766e-11	7.668e-11	2.3504e-11	2.1944e-10	1.1434e-11	1.2751e-11	7.7198e-12
3.98474	0.48347	0.10512	0.00015784	1.4974e-05	0.00023724	0.0020307	0.0012863	0.011045	2.1399e-05	0.0050321	5.4732e-05	0.00043203	6.9017e-05	0.00026392	3.4063e-06	2.4983e-05	1.3488e-06	0.00023098	4.161e-06	4.231e-05	5.5533e-06	2.1882e-05	1.8538e-05	3.1817e-05	2.5047e-05	0.00014701	2.1007e-07	5.6519e-06	1.0047e-07	1.2985e-07	9.6685e-09	2.0872e-08	1.3271e-09	7.7992e-09	1.4485e-09	4.0514e-09	1.3181e-09	4.3418e-09	9.7025e-10	2.3886e-09	4.322e-10	1.2097e-09	1.418e-10	4.6366e-10	2.3903e-10	6.893e-10	2.243e-10	6.0093e-10	1.3222e-10	7.0801e-10	1.493e-10	8.6438e-10	1.6599e-10	4.0868e-10	9.8263e-11	1.0159e-09	9.086e-11	2.721e-10	6.4852e-11	2.4163e-10	2.8628e-11	2.7231e-10	4.6847e-11	2.1236e-10	5.3037e-11	2.1245e-10	8.0425e-11	1.3351e-10	2.7284e-11	1.3517e-10	1.9731e-11	1.2309e-10	1.1093e-11	1.2315e-10	4.2563e-11	1.8272e-10	1.2022e-10	2.2836e-10	4.26e-11	7.4638e-11	2.2878e-11	2.136e-10	1.1129e-11	1.2414e-11	7.5157e-12
4.04011	0.46271	0.10264	0.00015407	1.4705e-05	0.0002325	0.0019747	0.0012911	0.011089	2.0873e-05	0.0050479	5.3269e-05	0.00041966	6.7119e-05	0.00025639	3.3271e-06	2.4329e-05	1.3217e-06	0.00022786	4.0679e-06	4.1131e-05	5.4148e-06	2.1336e-05	1.805e-05	3.0978e-05	2.4368e-05	0.00014315	2.0568e-07	5.5049e-06	9.7839e-08	1.2644e-07	9.4154e-09	2.0326e-08	1.2924e-09	7.5917e-09	1.4106e-09	3.9437e-09	1.2834e-09	4.2279e-09	9.4487e-10	2.3261e-09	4.2089e-10	1.1781e-09	1.3809e-10	4.5154e-10	2.3277e-10	6.7107e-10	2.1843e-10	5.8495e-10	1.287e-10	6.8919e-10	1.4533e-10	8.4144e-10	1.6157e-10	3.9782e-10	9.5653e-11	9.8893e-10	8.8447e-11	2.6487e-10	6.3128e-11	2.3521e-10	2.7868e-11	2.6508e-10	4.5603e-11	2.0672e-10	5.1629e-11	2.0681e-10	7.829e-11	1.2997e-10	2.6559e-11	1.3158e-10	1.9208e-11	1.1983e-10	1.0799e-11	1.1988e-10	4.1434e-11	1.7787e-10	1.1704e-10	2.2231e-10	4.147e-11	7.2659e-11	2.2272e-11	2.0793e-10	1.0834e-11	1.2087e-11	7.3178e-12
4.09626	0.4429	0.10024	0.00015038	1.4443e-05	0.00022708	0.0019207	0.0012961	0.011134	2.0363e-05	0.0050625	5.185e-05	0.00040769	6.5279e-05	0.00024911	3.25e-06	2.3694e-05	1.2953e-06	0.00022468	3.9773e-06	3.9989e-05	5.2994e-06	2.0806e-05	1.7577e-05	3.0165e-05	2.371e-05	0.00013992	2.0141e-07	5.3623e-06	9.563e-08	1.2359e-07	9.2031e-09	1.9868e-08	1.2632e-09	7.4173e-09	1.3788e-09	3.8531e-09	1.2539e-09	4.1307e-09	9.2358e-10	2.2737e-09	4.1141e-10	1.1515e-09	1.3498e-10	4.4123e-10	2.2753e-10	6.5565e-10	2.1346e-10	5.7151e-10	1.2575e-10	6.7337e-10	1.4199e-10	8.2216e-10	1.5787e-10	3.887e-10	9.3459e-11	9.6627e-10	8.6419e-11	2.588e-10	6.168e-11	2.2981e-10	2.7228e-11	2.59e-10	4.4557e-11	2.0199e-10	5.0446e-11	2.0207e-10	7.6496e-11	1.2699e-10	2.5951e-11	1.2857e-10	1.8767e-11	1.1708e-10	1.0551e-11	1.1713e-10	4.0485e-11	1.738e-10	1.1436e-10	2.1722e-10	4.0521e-11	7.0995e-11	2.1764e-11	2.0319e-10	1.0586e-11	1.1812e-11	7.1517e-12
4.15319	0.424	0.097939	0.0001468	1.4187e-05	0.00022182	0.0018684	0.0013013	0.011172	1.9868e-05	0.0050756	5.0476e-05	0.00039612	6.3498e-05	0.00024206	3.1752e-06	2.3079e-05	1.2696e-06	0.00022142	3.8892e-06	3.8885e-05	5.1687e-06	2.0292e-05	1.7119e-05	2.9377e-05	2.3073e-05	0.00013629	1.9726e-07	5.2242e-06	9.3151e-08	1.2038e-07	8.9649e-09	1.9354e-08	1.2306e-09	7.2221e-09	1.3427e-09	3.7517e-09	1.2209e-09	4.022e-09	8.9946e-10	2.2142e-09	4.0076e-10	1.1213e-09	1.3145e-10	4.2961e-10	2.2154e-10	6.3839e-10	2.0784e-10	5.5648e-10	1.2244e-10	6.5566e-10	1.3826e-10	8.0057e-10	1.5372e-10	3.7849e-10	9.1004e-11	9.4089e-10	8.415e-11	2.52e-10	6.0058e-11	2.2377e-10	2.6512e-11	2.522e-10	4.3386e-11	1.9668e-10	4.9121e-11	1.9677e-10	7.4488e-11	1.2366e-10	2.5269e-11	1.2519e-10	1.8275e-11	1.1401e-10	1.0275e-11	1.1406e-10	3.9422e-11	1.6924e-10	1.1136e-10	2.1152e-10	3.9457e-11	6.9139e-11	2.1196e-11	1.979e-10	1.031e-11	1.1505e-11	6.9654e-12
4.21091	0.40595	0.095721	0.00014333	1.3938e-05	0.00021671	0.0018179	0.0013068	0.011212	1.9459e-05	0.0050909	4.9145e-05	0.00038493	6.1773e-05	0.00023525	3.1024e-06	2.2483e-05	1.2446e-06	0.0002181	3.8035e-06	3.7816e-05	5.042e-06	1.9794e-05	1.6675e-05	2.8614e-05	2.2457e-05	0.00013277	1.9321e-07	5.0903e-06	9.0749e-08	1.1728e-07	8.734e-09	1.8848e-08	1.1983e-09	7.0329e-09	1.3075e-09	3.6534e-09	1.1889e-09	3.9166e-09	8.7588e-10	2.1562e-09	3.9032e-10	1.0919e-09	1.2801e-10	4.1836e-10	2.1574e-10	6.2167e-10	2.024e-10	5.4191e-10	1.1923e-10	6.3851e-10	1.3464e-10	7.7965e-10	1.497e-10	3.686e-10	8.8624e-11	9.1631e-10	8.195e-11	2.4541e-10	5.8487e-11	2.1792e-10	2.5818e-11	2.456e-10	4.2251e-11	1.9154e-10	4.7837e-11	1.9163e-10	7.2542e-11	1.2043e-10	2.4609e-11	1.2192e-10	1.7797e-11	1.1103e-10	1.0006e-11	1.1108e-10	3.8393e-11	1.6485e-10	1.0846e-10	2.0603e-10	3.8431e-11	6.7344e-11	2.0646e-11	1.9276e-10	1.0043e-11	1.1206e-11	6.7849e-12
4.26943	0.38874	0.093585	0.00013995	1.3689e-05	0.00021174	0.001769	0.0013129	0.011255	1.8992e-05	0.0051051	4.8036e-05	0.00037409	6.0104e-05	0.00022866	3.0317e-06	2.1905e-05	1.2248e-06	0.00021453	3.7201e-06	3.6781e-05	4.9189e-06	1.931e-05	1.6245e-05	2.7874e-05	2.1859e-05	0.00012936	1.8928e-07	4.9792e-06	8.842e-08	1.1427e-07	8.5077e-09	1.8356e-08	1.1671e-09	6.8496e-09	1.2734e-09	3.5582e-09	1.1579e-09	3.8145e-09	8.5303e-10	2.1e-09	3.8013e-10	1.0634e-09	1.2467e-10	4.0745e-10	2.1011e-10	6.0546e-10	1.9712e-10	5.2779e-10	1.1613e-10	6.2188e-10	1.3114e-10	7.5937e-10	1.458e-10	3.5901e-10	8.6318e-11	8.9248e-10	7.9818e-11	2.3902e-10	5.6964e-11	2.1225e-10	2.5146e-11	2.3921e-10	4.1152e-11	1.8656e-10	4.6593e-11	1.8665e-10	7.0656e-11	1.173e-10	2.3969e-11	1.1876e-10	1.7335e-11	1.0816e-10	9.7474e-12	1.0821e-10	3.7401e-11	1.6059e-10	1.0566e-10	2.0071e-10	3.7438e-11	6.5605e-11	2.0113e-11	1.8779e-10	9.7834e-12	1.0917e-11	6.6099e-12
4.32876	0.37232	0.091531	0.00013667	1.3445e-05	0.00020692	0.0017218	0.0013192	0.011299	1.8538e-05	0.0051122	4.6785e-05	0.0003636	5.8712e-05	0.00022228	2.963e-06	2.1346e-05	1.2011e-06	0.00021084	3.6391e-06	3.5779e-05	4.7996e-06	1.8841e-05	1.5828e-05	2.7157e-05	2.1281e-05	0.00012605	1.8545e-07	4.8531e-06	8.6164e-08	1.1135e-07	8.2869e-09	1.788e-08	1.1368e-09	6.6721e-09	1.2403e-09	3.466e-09	1.1279e-09	3.7156e-09	8.3091e-10	2.0455e-09	3.7027e-10	1.0359e-09	1.2143e-10	3.9688e-10	2.0466e-10	5.8976e-10	1.9201e-10	5.1411e-10	1.1312e-10	6.0577e-10	1.2774e-10	7.3978e-10	1.4203e-10	3.4972e-10	8.4084e-11	8.6944e-10	7.7754e-11	2.3284e-10	5.549e-11	2.0675e-10	2.4495e-11	2.3302e-10	4.0087e-11	1.8176e-10	4.5388e-11	1.8184e-10	6.8838e-11	1.1428e-10	2.3349e-11	1.1571e-10	1.6889e-11	1.0538e-10	9.4969e-12	1.0543e-10	3.644e-11	1.5647e-10	1.0295e-10	1.9556e-10	3.6477e-11	6.392e-11	1.9597e-11	1.8297e-10	9.5322e-12	1.0637e-11	6.4404e-12
4.38892	0.35665	0.089547	0.00013349	1.3208e-05	0.00020224	0.0016761	0.0013254	0.011351	1.8098e-05	0.0051187	4.5572e-05	0.00035347	5.7144e-05	0.0002161	2.9076e-06	2.0802e-05	1.178e-06	0.00020713	3.5604e-06	3.4809e-05	4.6838e-06	1.8386e-05	1.5421e-05	2.6462e-05	2.0721e-05	0.00012285	1.8172e-07	4.7309e-06	8.3977e-08	1.0852e-07	8.0729e-09	1.7418e-08	1.1074e-09	6.5e-09	1.2083e-09	3.3766e-09	1.0988e-09	3.6198e-09	8.0947e-10	1.9927e-09	3.6071e-10	1.0091e-09	1.183e-10	3.8664e-10	1.9938e-10	5.7456e-10	1.8705e-10	5.0086e-10	1.102e-10	5.9017e-10	1.2445e-10	7.2087e-10	1.3837e-10	3.4073e-10	8.192e-11	8.4721e-10	7.5758e-11	2.2684e-10	5.4061e-11	2.0143e-10	2.3864e-11	2.2703e-10	3.9055e-11	1.7711e-10	4.4226e-11	1.772e-10	6.7078e-11	1.1135e-10	2.2752e-11	1.1275e-10	1.6457e-11	1.0269e-10	9.2542e-12	1.0274e-10	3.5509e-11	1.5247e-10	1.0032e-10	1.9056e-10	3.5545e-11	6.2287e-11	1.9096e-11	1.7829e-10	9.2888e-12	1.0366e-11	6.2762e-12
4.44991	0.3417	0.087639	0.00013041	1.2977e-05	0.00019769	0.0016319	0.0013317	0.011405	1.7672e-05	0.0051245	4.4398e-05	0.00034366	5.5627e-05	0.00021013	2.8427e-06	2.0276e-05	1.1555e-06	0.00020337	3.4977e-06	3.387e-05	4.5716e-06	1.7944e-05	1.5023e-05	2.579e-05	2.0176e-05	0.00011975	1.781e-07	4.6125e-06	8.1858e-08	1.0579e-07	7.8657e-09	1.6971e-08	1.079e-09	6.3334e-09	1.1773e-09	3.2901e-09	1.0706e-09	3.5269e-09	7.887e-10	1.9416e-09	3.5146e-10	9.8324e-10	1.1527e-10	3.7673e-10	1.9426e-10	5.5983e-10	1.8226e-10	4.8802e-10	1.0738e-10	5.7506e-10	1.2127e-10	7.0254e-10	1.3483e-10	3.3206e-10	7.9826e-11	8.2567e-10	7.3831e-11	2.2104e-10	5.2676e-11	1.9628e-10	2.3253e-11	2.2124e-10	3.8055e-11	1.7261e-10	4.3102e-11	1.7269e-10	6.5373e-11	1.0852e-10	2.2174e-11	1.0989e-10	1.6039e-11	1.0008e-10	9.019e-12	1.0013e-10	3.4607e-11	1.486e-10	9.7769e-11	1.8572e-10	3.4642e-11	6.0705e-11	1.8612e-11	1.7377e-10	9.0529e-12	1.0103e-11	6.117e-12
4.51176	0.32743	0.085805	0.00012741	1.2752e-05	0.00019328	0.0015892	0.0013384	0.011454	1.7258e-05	0.0051279	4.3261e-05	0.00033419	5.4158e-05	0.00020436	2.7798e-06	1.9766e-05	1.1336e-06	0.0001995	3.4233e-06	3.2962e-05	4.4627e-06	1.7516e-05	1.4637e-05	2.5138e-05	1.9642e-05	0.00011674	1.7456e-07	4.4978e-06	7.9774e-08	1.0313e-07	7.665e-09	1.6539e-08	1.0515e-09	6.172e-09	1.1473e-09	3.2062e-09	1.0433e-09	3.437e-09	7.6858e-10	1.8921e-09	3.4249e-10	9.5817e-10	1.1233e-10	3.6712e-10	1.8931e-10	5.4556e-10	1.7761e-10	4.7559e-10	1.0464e-10	5.6042e-10	1.1818e-10	6.8479e-10	1.314e-10	3.2367e-10	7.7808e-11	8.0481e-10	7.1965e-11	2.1545e-10	5.1336e-11	1.9129e-10	2.2661e-11	2.1565e-10	3.7093e-11	1.6825e-10	4.2013e-11	1.6833e-10	6.3722e-11	1.0578e-10	2.1613e-11	1.0711e-10	1.5634e-11	9.755e-11	8.7913e-12	9.7601e-11	3.3733e-11	1.4485e-10	9.5301e-11	1.8103e-10	3.3767e-11	5.9173e-11	1.8142e-11	1.6938e-10	8.8245e-12	9.8484e-12	5.9629e-12
4.57446	0.31383	0.084042	0.0001245	1.2532e-05	0.00018899	0.001548	0.0013454	0.011503	1.6856e-05	0.0051304	4.216e-05	0.00032633	5.2737e-05	0.00019878	2.7186e-06	1.9272e-05	1.1123e-06	0.00019561	3.3509e-06	3.2083e-05	4.3571e-06	1.7094e-05	1.4263e-05	2.4504e-05	1.9124e-05	0.00011383	1.7104e-07	4.3866e-06	7.7748e-08	1.0051e-07	7.4705e-09	1.6119e-08	1.0248e-09	6.0156e-09	1.1182e-09	3.125e-09	1.0169e-09	3.3499e-09	7.491e-10	1.8441e-09	3.338e-10	9.3388e-10	1.0948e-10	3.5782e-10	1.8451e-10	5.3173e-10	1.7311e-10	4.6355e-10	1.0199e-10	5.4623e-10	1.152e-10	6.6759e-10	1.2809e-10	3.1553e-10	7.5851e-11	7.8459e-10	7.0157e-11	2.1004e-10	5.004e-11	1.8648e-10	2.2087e-11	2.1023e-10	3.616e-11	1.6402e-10	4.0957e-11	1.641e-10	6.2121e-11	1.0313e-10	2.107e-11	1.0442e-10	1.5241e-11	9.51e-11	8.5705e-12	9.5151e-11	3.2886e-11	1.4121e-10	9.2908e-11	1.7649e-10	3.292e-11	5.7688e-11	1.7687e-11	1.6513e-10	8.6031e-12	9.6016e-12	5.8135e-12
4.63803	0.30085	0.082348	0.00012168	1.2319e-05	0.00018475	0.0015081	0.0013526	0.011557	1.6466e-05	0.0051299	4.1094e-05	0.00031745	5.1362e-05	0.00019338	2.6592e-06	1.8794e-05	1.0916e-06	0.0001918	3.2807e-06	3.1233e-05	4.2547e-06	1.6684e-05	1.3901e-05	2.3881e-05	1.8624e-05	0.00011101	1.6764e-07	4.2789e-06	7.5786e-08	9.7974e-08	7.2823e-09	1.5713e-08	9.9902e-10	5.8643e-09	1.0901e-09	3.0464e-09	9.9131e-10	3.2656e-09	7.3023e-10	1.7976e-09	3.254e-10	9.1036e-10	1.0672e-10	3.4881e-10	1.7986e-10	5.1835e-10	1.6875e-10	4.5189e-10	9.9427e-11	5.3255e-10	1.1232e-10	6.5093e-10	1.2489e-10	3.0766e-10	7.3958e-11	7.6501e-10	6.8406e-11	2.0479e-10	4.879e-11	1.8183e-10	2.1535e-11	2.0498e-10	3.5257e-11	1.5993e-10	3.9935e-11	1.6001e-10	6.0572e-11	1.0055e-10	2.0545e-11	1.0182e-10	1.4861e-11	9.2729e-11	8.3568e-12	9.2778e-11	3.2066e-11	1.3769e-10	9.0593e-11	1.7209e-10	3.2099e-11	5.6251e-11	1.7246e-11	1.6102e-10	8.3887e-12	9.3627e-12	5.6684e-12
4.70249	0.28847	0.08099	0.00011894	1.2111e-05	0.00018062	0.0014755	0.0013608	0.011619	1.6089e-05	0.0051301	4.0062e-05	0.00030887	5.0031e-05	0.00018894	2.6016e-06	1.8407e-05	1.0715e-06	0.00018778	3.2125e-06	3.0537e-05	4.1546e-06	1.6286e-05	1.355e-05	2.3278e-05	1.8139e-05	0.00010823	1.6432e-07	4.1746e-06	7.3887e-08	9.5518e-08	7.1e-09	1.532e-08	9.7402e-10	5.7177e-09	1.0628e-09	2.9702e-09	9.6652e-10	3.1839e-09	7.1196e-10	1.7527e-09	3.1725e-10	8.8758e-10	1.0405e-10	3.4008e-10	1.7536e-10	5.0539e-10	1.6453e-10	4.4059e-10	9.6942e-11	5.1933e-10	1.0953e-10	6.348e-10	1.2179e-10	3.0003e-10	7.2124e-11	7.4606e-10	6.671e-11	1.9971e-10	4.758e-11	1.7732e-10	2.1e-11	1.999e-10	3.4383e-11	1.5597e-10	3.8945e-11	1.5604e-10	5.9071e-11	9.8061e-11	2.0036e-11	9.9296e-11	1.4493e-11	9.0432e-11	8.1499e-12	9.0481e-11	3.1272e-11	1.3428e-10	8.835e-11	1.6783e-10	3.1304e-11	5.4858e-11	1.6819e-11	1.5704e-10	8.1811e-12	9.1298e-12	5.5274e-12
4.76784	0.27666	0.079424	0.00011628	1.1909e-05	0.00017662	0.0014382	0.0013681	0.011676	1.5722e-05	0.0051284	3.9062e-05	0.00030057	4.8744e-05	0.00018388	2.5457e-06	1.7957e-05	1.0519e-06	0.00018369	3.1463e-06	2.974e-05	4.0564e-06	1.59e-05	1.3211e-05	2.2694e-05	1.7671e-05	0.00010553	1.611e-07	4.0735e-06	7.2048e-08	9.3139e-08	6.9234e-09	1.4939e-08	9.4981e-10	5.5757e-09	1.0364e-09	2.8965e-09	9.4252e-10	3.1049e-09	6.9427e-10	1.7091e-09	3.0937e-10	8.6553e-10	1.0146e-10	3.3164e-10	1.7101e-10	4.9284e-10	1.6044e-10	4.297e-10	9.4547e-11	5.0653e-10	1.0683e-10	6.1918e-10	1.1879e-10	2.9264e-10	7.0347e-11	7.277e-10	6.5068e-11	1.9479e-10	4.6407e-11	1.7295e-10	2.0483e-11	1.9498e-10	3.3536e-11	1.5213e-10	3.7987e-11	1.522e-10	5.7617e-11	9.5648e-11	1.9542e-11	9.6853e-11	1.4136e-11	8.8208e-11	7.9494e-12	8.8255e-11	3.0503e-11	1.3098e-10	8.6177e-11	1.637e-10	3.0534e-11	5.351e-11	1.6406e-11	1.5318e-10	7.98e-12	8.9042e-12	5.3908e-12
4.8341	0.2654	0.077921	0.00011371	1.1712e-05	0.00017274	0.0014022	0.0013751	0.011733	1.5364e-05	0.0051237	3.8095e-05	0.00029255	4.7498e-05	0.000179	2.4915e-06	1.7521e-05	1.0328e-06	0.00017952	3.082e-06	2.8969e-05	3.9613e-06	1.5527e-05	1.2882e-05	2.2128e-05	1.7217e-05	0.00010292	1.5797e-07	3.9756e-06	7.0267e-08	9.0837e-08	6.7525e-09	1.457e-08	9.2637e-10	5.4386e-09	1.0108e-09	2.8254e-09	9.1928e-10	3.0283e-09	6.7714e-10	1.6669e-09	3.0173e-10	8.4417e-10	9.8961e-11	3.2346e-10	1.6679e-10	4.8069e-10	1.5648e-10	4.1918e-10	9.2232e-11	4.9413e-10	1.0422e-10	6.0405e-10	1.1588e-10	2.8549e-10	6.8627e-11	7.0991e-10	6.3478e-11	1.9003e-10	4.5272e-11	1.6872e-10	1.9981e-11	1.9021e-10	3.2716e-11	1.4841e-10	3.7058e-11	1.4849e-10	5.621e-11	9.3311e-11	1.9065e-11	9.4487e-11	1.3791e-11	8.6054e-11	7.7553e-12	8.61e-11	2.9758e-11	1.2779e-10	8.4073e-11	1.5971e-10	2.9789e-11	5.2204e-11	1.6006e-11	1.4944e-10	7.7853e-12	8.6857e-12	5.2585e-12
4.90128	0.25465	0.076481	0.00011122	1.1521e-05	0.00016898	0.0013674	0.0013822	0.011791	1.5012e-05	0.0051175	3.7158e-05	0.00028479	4.6293e-05	0.00017427	2.4388e-06	1.71e-05	1.0143e-06	0.00017519	3.0196e-06	2.8223e-05	3.8691e-06	1.5164e-05	1.2564e-05	2.158e-05	1.6778e-05	0.00010039	1.5493e-07	3.88e-06	6.8542e-08	8.8607e-08	6.587e-09	1.4213e-08	9.0367e-10	5.3063e-09	9.8604e-10	2.7567e-09	8.9686e-10	2.9543e-09	6.6055e-10	1.6261e-09	2.9434e-10	8.235e-10	9.6537e-11	3.1553e-10	1.627e-10	4.6898e-10	1.5265e-10	4.0899e-10	8.9989e-11	4.8213e-10	1.0169e-10	5.894e-10	1.1307e-10	2.7856e-10	6.6961e-11	6.9269e-10	6.1937e-11	1.8542e-10	4.4172e-11	1.6462e-10	1.9496e-11	1.8559e-10	3.1921e-11	1.4481e-10	3.6159e-11	1.4488e-10	5.4847e-11	9.1048e-11	1.8602e-11	9.2196e-11	1.3457e-11	8.3968e-11	7.5672e-12	8.4013e-11	2.9037e-11	1.2469e-10	8.2036e-11	1.5584e-10	2.9067e-11	5.0939e-11	1.5616e-11	1.4579e-10	7.596e-12	8.4741e-12	5.1305e-12
4.9694	0.24441	0.075101	0.00010881	1.1334e-05	0.00016532	0.0013338	0.0013895	0.011849	1.4672e-05	0.0051096	3.6234e-05	0.0002773	4.5127e-05	0.0001697	2.3877e-06	1.6691e-05	9.96e-07	0.00017084	2.959e-06	2.7502e-05	3.7797e-06	1.4813e-05	1.2256e-05	2.105e-05	1.6354e-05	9.7946e-05	1.5197e-07	3.7864e-06	6.6873e-08	8.6448e-08	6.4267e-09	1.3868e-08	8.817e-10	5.1782e-09	9.6207e-10	2.6902e-09	8.7521e-10	2.883e-09	6.4449e-10	1.5866e-09	2.8718e-10	8.0348e-10	9.419e-11	3.0791e-10	1.5875e-10	4.5766e-10	1.4896e-10	3.9912e-10	8.7818e-11	4.705e-10	9.9237e-11	5.7521e-10	1.1034e-10	2.7185e-10	6.5348e-11	6.7602e-10	6.0446e-11	1.8095e-10	4.3107e-11	1.6066e-10	1.9026e-11	1.8112e-10	3.1153e-11	1.4133e-10	3.5289e-11	1.414e-10	5.3527e-11	8.8857e-11	1.8155e-11	8.9978e-11	1.3133e-11	8.1948e-11	7.3852e-12	8.1992e-11	2.8338e-11	1.2168e-10	8.0059e-11	1.5207e-10	2.8367e-11	4.9706e-11	1.5238e-11	1.4227e-10	7.4122e-12	8.2693e-12	5.0065e-12
5.03846	0.23464	0.073779	0.00010648	1.1153e-05	0.00016179	0.0013013	0.0013968	0.011912	1.4342e-05	0.0051001	3.534e-05	0.00027006	4.3979e-05	0.00016529	2.338e-06	1.6296e-05	9.7809e-07	0.00016641	2.9003e-06	2.6805e-05	3.6932e-06	1.4474e-05	1.1958e-05	2.0538e-05	1.5943e-05	9.5579e-05	1.4911e-07	3.6958e-06	6.5258e-08	8.436e-08	6.2717e-09	1.3534e-08	8.6046e-10	5.0543e-09	9.3902e-10	2.6258e-09	8.5426e-10	2.814e-09	6.2903e-10	1.5485e-09	2.8025e-10	7.8424e-10	9.1929e-11	3.0053e-10	1.5495e-10	4.4671e-10	1.4539e-10	3.8957e-10	8.5717e-11	4.5926e-10	9.6865e-11	5.6149e-10	1.0771e-10	2.6536e-10	6.3787e-11	6.5989e-10	5.9003e-11	1.7663e-10	4.2077e-11	1.5682e-10	1.8571e-11	1.768e-10	3.0408e-11	1.3795e-10	3.4446e-11	1.3802e-10	5.2249e-11	8.6737e-11	1.7721e-11	8.7831e-11	1.2819e-11	7.9989e-11	7.2087e-12	8.0029e-11	2.766e-11	1.1876e-10	7.8137e-11	1.4842e-10	2.7686e-11	4.8513e-11	1.4872e-11	1.3885e-10	7.2343e-12	8.0711e-12	4.8865e-12
5.10848	0.22532	0.072511	0.00010421	1.0977e-05	0.00015835	0.0012699	0.0014038	0.011972	1.4021e-05	0.0050904	3.4474e-05	0.00026306	4.2867e-05	0.00016102	2.2888e-06	1.5913e-05	9.6064e-07	0.00016188	2.8422e-06	2.613e-05	3.6093e-06	1.4144e-05	1.1669e-05	2.0041e-05	1.5545e-05	9.3285e-05	1.4632e-07	3.608e-06	6.3693e-08	8.2337e-08	6.1215e-09	1.3212e-08	8.4e-10	4.9342e-09	9.167e-10	2.5634e-09	8.3396e-10	2.7471e-09	6.1407e-10	1.5117e-09	2.7358e-10	7.6559e-10	8.9743e-11	2.9339e-10	1.5127e-10	4.3609e-10	1.4193e-10	3.8032e-10	8.3682e-11	4.4836e-10	9.4568e-11	5.4819e-10	1.0515e-10	2.5907e-10	6.2275e-11	6.4426e-10	5.7605e-11	1.7244e-10	4.1079e-11	1.531e-10	1.813e-11	1.7261e-10	2.9687e-11	1.3469e-10	3.363e-11	1.3475e-10	5.101e-11	8.468e-11	1.7301e-11	8.5739e-11	1.2515e-11	7.8082e-11	7.0369e-12	7.8121e-11	2.7001e-11	1.1593e-10	7.6275e-11	1.4489e-10	2.7027e-11	4.7357e-11	1.4518e-11	1.3555e-10	7.062e-12	7.8791e-12	4.7703e-12
5.17947	0.21643	0.071299	0.00010202	1.0808e-05	0.00015502	0.0012397	0.0014109	0.012026	1.3712e-05	0.0050789	3.3638e-05	0.00025629	4.1793e-05	0.0001569	2.2412e-06	1.5543e-05	9.4374e-07	0.00015763	2.7856e-06	2.5479e-05	3.5282e-06	1.3825e-05	1.139e-05	1.9561e-05	1.5161e-05	9.1067e-05	1.4362e-07	3.5231e-06	6.218e-08	8.038e-08	5.977e-09	1.29e-08	8.202e-10	4.8181e-09	8.951e-10	2.5031e-09	8.1433e-10	2.6824e-09	5.996e-10	1.4761e-09	2.6714e-10	7.4756e-10	8.7629e-11	2.8648e-10	1.477e-10	4.2583e-10	1.3859e-10	3.7137e-10	8.1714e-11	4.3782e-10	9.2345e-11	5.3525e-10	1.0268e-10	2.5299e-10	6.0813e-11	6.2906e-10	5.6253e-11	1.6839e-10	4.0114e-11	1.495e-10	1.7704e-11	1.6855e-10	2.899e-11	1.315e-10	3.2839e-11	1.3156e-10	4.9805e-11	8.2679e-11	1.6894e-11	8.3714e-11	1.2219e-11	7.6238e-11	6.8707e-12	7.6276e-11	2.6363e-11	1.1319e-10	7.4474e-11	1.4147e-10	2.6388e-11	4.624e-11	1.4176e-11	1.3235e-10	6.8954e-12	7.6934e-12	4.6579e-12
5.25146	0.20795	0.070138	9.9888e-05	1.0643e-05	0.00015179	0.0012104	0.0014187	0.012077	1.3411e-05	0.0050649	3.2828e-05	0.0002497	4.0754e-05	0.00015292	2.195e-06	1.5185e-05	9.273e-07	0.00015334	2.7306e-06	2.4849e-05	3.4495e-06	1.3516e-05	1.112e-05	1.9096e-05	1.479e-05	8.8919e-05	1.4099e-07	3.4409e-06	6.0715e-08	7.8486e-08	5.8373e-09	1.2599e-08	8.0104e-10	4.7057e-09	8.7419e-10	2.4447e-09	7.9531e-10	2.6198e-09	5.856e-10	1.4416e-09	2.6089e-10	7.301e-10	8.5582e-11	2.7979e-10	1.4425e-10	4.1589e-10	1.3536e-10	3.6271e-10	7.9807e-11	4.2761e-10	9.0193e-11	5.2271e-10	1.0029e-10	2.4708e-10	5.9396e-11	6.1432e-10	5.4935e-11	1.6447e-10	3.9179e-11	1.4602e-10	1.7292e-11	1.6463e-10	2.8315e-11	1.2842e-10	3.207e-11	1.2848e-10	4.8638e-11	8.0742e-11	1.6498e-11	8.1753e-11	1.1933e-11	7.4452e-11	6.7097e-12	7.449e-11	2.5746e-11	1.1054e-10	7.2731e-11	1.3816e-10	2.5771e-11	4.5157e-11	1.3844e-11	1.2925e-10	6.734e-12	7.5135e-12	4.549e-12
5.32444	0.19985	0.069028	9.7824e-05	1.0483e-05	0.00014867	0.0011822	0.0014268	0.012126	1.312e-05	0.0050516	3.2045e-05	0.00024327	3.975e-05	0.00014906	2.1502e-06	1.4838e-05	9.1137e-07	0.00014901	2.6773e-06	2.4239e-05	3.3733e-06	1.3217e-05	1.086e-05	1.8646e-05	1.443e-05	8.6841e-05	1.3844e-07	3.3613e-06	5.9298e-08	7.6653e-08	5.7021e-09	1.2307e-08	7.8249e-10	4.5969e-09	8.5396e-10	2.3882e-09	7.7692e-10	2.5592e-09	5.7204e-10	1.4082e-09	2.5485e-10	7.132e-10	8.3601e-11	2.7332e-10	1.4092e-10	4.0627e-10	1.3222e-10	3.5433e-10	7.7963e-11	4.1774e-10	8.8111e-11	5.1057e-10	9.7974e-11	2.4134e-10	5.802e-11	6.0006e-10	5.366e-11	1.6066e-10	3.8274e-11	1.4265e-10	1.6892e-11	1.608e-10	2.766e-11	1.2544e-10	3.1325e-11	1.255e-10	4.7509e-11	7.8868e-11	1.6115e-11	7.9855e-11	1.1656e-11	7.2725e-11	6.554e-12	7.2762e-11	2.5148e-11	1.0798e-10	7.1044e-11	1.3495e-10	2.5173e-11	4.411e-11	1.3523e-11	1.2626e-10	6.5779e-12	7.3395e-12	4.4437e-12
5.39843	0.19212	0.067947	9.5823e-05	1.0328e-05	0.00014563	0.0011546	0.0014341	0.012174	1.2839e-05	0.0050346	3.1287e-05	0.00023706	3.8779e-05	0.00014527	2.1068e-06	1.4496e-05	8.959e-07	0.00014475	2.6256e-06	2.364e-05	3.2995e-06	1.2927e-05	1.0608e-05	1.8211e-05	1.4083e-05	8.4831e-05	1.3597e-07	3.2843e-06	5.7927e-08	7.488e-08	5.5713e-09	1.2025e-08	7.6455e-10	4.4916e-09	8.3438e-10	2.3335e-09	7.5912e-10	2.5005e-09	5.5893e-10	1.376e-09	2.4901e-10	6.9685e-10	8.1684e-11	2.6705e-10	1.3769e-10	3.9696e-10	1.2919e-10	3.4621e-10	7.6178e-11	4.0818e-10	8.6096e-11	4.9883e-10	9.5729e-11	2.3579e-10	5.6684e-11	5.8625e-10	5.2425e-11	1.5696e-10	3.7399e-11	1.3937e-10	1.6506e-11	1.571e-10	2.7023e-11	1.2256e-10	3.0604e-11	1.2261e-10	4.6416e-11	7.7054e-11	1.5744e-11	7.8019e-11	1.1388e-11	7.1053e-11	6.4034e-12	7.1089e-11	2.457e-11	1.055e-10	6.9411e-11	1.3185e-10	2.4594e-11	4.3096e-11	1.3212e-11	1.2336e-10	6.4268e-12	7.1711e-12	4.3417e-12
5.47346	0.18475	0.066906	9.3885e-05	1.0177e-05	0.0001427	0.0011278	0.001441	0.012221	1.2566e-05	0.0050135	3.0555e-05	0.00023106	3.7841e-05	0.00014161	2.0648e-06	1.4164e-05	8.8091e-07	0.00014047	2.5756e-06	2.306e-05	3.2281e-06	1.2647e-05	1.0365e-05	1.779e-05	1.3749e-05	8.2886e-05	1.3359e-07	3.2099e-06	5.6609e-08	7.3168e-08	5.4447e-09	1.1752e-08	7.4719e-10	4.3897e-09	8.1544e-10	2.2806e-09	7.419e-10	2.4438e-09	5.4624e-10	1.3447e-09	2.4335e-10	6.8103e-10	7.983e-11	2.6099e-10	1.3456e-10	3.8796e-10	1.2626e-10	3.3837e-10	7.4451e-11	3.9893e-10	8.4134e-11	4.8746e-10	9.3546e-11	2.3041e-10	5.5392e-11	5.729e-10	5.123e-11	1.5338e-10	3.6547e-11	1.3619e-10	1.6131e-11	1.5352e-10	2.6407e-11	1.1976e-10	2.9907e-11	1.1982e-10	4.5359e-11	7.5299e-11	1.5386e-11	7.6243e-11	1.1129e-11	6.9436e-11	6.2576e-12	6.9471e-11	2.4011e-11	1.031e-10	6.7831e-11	1.2885e-10	2.4034e-11	4.2116e-11	1.2912e-11	1.2055e-10	6.2806e-12	7.0074e-12	4.242e-12
5.54952	0.17772	0.065912	9.2007e-05	1.0031e-05	0.00013985	0.001102	0.001448	0.012269	1.2302e-05	0.0049914	2.9846e-05	0.00022527	3.6934e-05	0.00013808	2.0241e-06	1.3844e-05	8.6637e-07	0.00013611	2.5271e-06	2.25e-05	3.159e-06	1.2377e-05	1.013e-05	1.7384e-05	1.3426e-05	8.1005e-05	1.3128e-07	3.1378e-06	5.5334e-08	7.1519e-08	5.3222e-09	1.1488e-08	7.3039e-10	4.2911e-09	7.9712e-10	2.2294e-09	7.2524e-10	2.3889e-09	5.3396e-10	1.3145e-09	2.3788e-10	6.6573e-10	7.8036e-11	2.5513e-10	1.3154e-10	3.7924e-10	1.2342e-10	3.3077e-10	7.2781e-11	3.8992e-10	8.2234e-11	4.7647e-10	9.1434e-11	2.2522e-10	5.4142e-11	5.5998e-10	5.0075e-11	1.4992e-10	3.5721e-11	1.3312e-10	1.5767e-11	1.5006e-10	2.5811e-11	1.1706e-10	2.9233e-11	1.1712e-10	4.4336e-11	7.3602e-11	1.5039e-11	7.4525e-11	1.0878e-11	6.7871e-11	6.1166e-12	6.7906e-11	2.347e-11	1.0077e-10	6.6303e-11	1.2595e-10	2.3493e-11	4.1168e-11	1.2621e-11	1.1784e-10	6.1392e-12	6.8478e-12	4.1454e-12
5.62665	0.17102	0.064964	9.0185e-05	9.8895e-06	0.00013712	0.001077	0.0014551	0.012316	1.2046e-05	0.004968	2.9161e-05	0.00021967	3.6058e-05	0.00013466	1.9847e-06	1.3534e-05	8.5225e-07	0.00013178	2.4801e-06	2.1958e-05	3.0921e-06	1.2116e-05	9.9018e-06	1.6993e-05	1.3114e-05	7.9186e-05	1.2905e-07	3.0681e-06	5.41e-08	6.9924e-08	5.2037e-09	1.1232e-08	7.1414e-10	4.1958e-09	7.7938e-10	2.1798e-09	7.0911e-10	2.3358e-09	5.2208e-10	1.2853e-09	2.3259e-10	6.5092e-10	7.6299e-11	2.4946e-10	1.2861e-10	3.7081e-10	1.2068e-10	3.2342e-10	7.1162e-11	3.812e-10	8.0396e-11	4.6584e-10	8.939e-11	2.2019e-10	5.2933e-11	5.4748e-10	4.8957e-11	1.4657e-10	3.4923e-11	1.3014e-10	1.5414e-11	1.467e-10	2.5234e-11	1.1445e-10	2.858e-11	1.1451e-10	4.3347e-11	7.1959e-11	1.4703e-11	7.2862e-11	1.0635e-11	6.6357e-11	5.9801e-12	6.6391e-11	2.2946e-11	9.8526e-11	6.4825e-11	1.2314e-10	2.2969e-11	4.025e-11	1.234e-11	1.1521e-10	6.0023e-12	6.6934e-12	4.0519e-12
5.70484	0.16462	0.06406	8.8423e-05	9.7522e-06	0.00013447	0.001053	0.0014629	0.012369	1.1799e-05	0.0049432	2.8499e-05	0.00021427	3.5211e-05	0.00013137	1.9465e-06	1.3234e-05	8.3859e-07	0.00012742	2.4346e-06	2.1435e-05	3.0276e-06	1.1864e-05	9.6816e-06	1.6614e-05	1.2812e-05	7.7438e-05	1.2688e-07	3.0007e-06	5.2907e-08	6.8382e-08	5.0891e-09	1.0985e-08	6.9842e-10	4.1036e-09	7.6224e-10	2.1319e-09	6.9352e-10	2.2845e-09	5.1059e-10	1.257e-09	2.2747e-10	6.366e-10	7.4621e-11	2.4397e-10	1.2578e-10	3.6266e-10	1.1803e-10	3.1626e-10	6.9587e-11	3.7277e-10	7.8618e-11	4.5555e-10	8.7414e-11	2.1532e-10	5.1763e-11	5.354e-10	4.7875e-11	1.4334e-10	3.4151e-11	1.2726e-10	1.5074e-11	1.4346e-10	2.4677e-11	1.1192e-10	2.7949e-11	1.1198e-10	4.239e-11	7.0371e-11	1.4378e-11	7.1254e-11	1.04e-11	6.4893e-11	5.8482e-12	6.4926e-11	2.244e-11	9.6354e-11	6.3395e-11	1.2042e-10	2.2462e-11	3.9362e-11	1.2067e-11	1.1266e-10	5.87e-12	6.5441e-12	3.9615e-12
5.78413	0.15853	0.063199	8.671e-05	9.619e-06	0.0001319	0.0010298	0.001471	0.012418	1.1559e-05	0.0049162	2.7858e-05	0.00020905	3.4392e-05	0.00012819	1.9095e-06	1.2944e-05	8.2534e-07	0.00012321	2.3905e-06	2.093e-05	2.9654e-06	1.1619e-05	9.4686e-06	1.6248e-05	1.252e-05	7.5747e-05	1.2478e-07	2.9355e-06	5.1753e-08	6.689e-08	4.9783e-09	1.0746e-08	6.8322e-10	4.0138e-09	7.4565e-10	2.0852e-09	6.7843e-10	2.2348e-09	4.9948e-10	1.2296e-09	2.2252e-10	6.2274e-10	7.2997e-11	2.3866e-10	1.2304e-10	3.5476e-10	1.1546e-10	3.0934e-10	6.8064e-11	3.6461e-10	7.6899e-11	4.4561e-10	8.5503e-11	2.1062e-10	5.0632e-11	5.237e-10	4.683e-11	1.402e-10	3.3404e-11	1.2448e-10	1.4744e-11	1.4033e-10	2.4137e-11	1.0948e-10	2.7338e-11	1.0953e-10	4.1465e-11	6.8834e-11	1.4064e-11	6.9699e-11	1.0173e-11	6.3476e-11	5.7205e-12	6.3509e-11	2.195e-11	9.4249e-11	6.2012e-11	1.178e-10	2.1972e-11	3.8499e-11	1.18e-11	1.1017e-10	5.7403e-12	6.3996e-12	3.8741e-12
5.86451	0.15272	0.06238	8.5042e-05	9.4899e-06	0.00012942	0.0010074	0.0014784	0.012457	1.1328e-05	0.0048901	2.7239e-05	0.00020401	3.3601e-05	0.00012511	1.8737e-06	1.2664e-05	8.1251e-07	0.00011913	2.3478e-06	2.0442e-05	2.9052e-06	1.1382e-05	9.2626e-06	1.5894e-05	1.2238e-05	7.4112e-05	1.2275e-07	2.8724e-06	5.0637e-08	6.5447e-08	4.8711e-09	1.0514e-08	6.6851e-10	3.9268e-09	7.2961e-10	2.04e-09	6.6373e-10	2.1864e-09	4.8874e-10	1.2032e-09	2.1773e-10	6.0935e-10	7.1426e-11	2.3352e-10	1.204e-10	3.4707e-10	1.1297e-10	3.0264e-10	6.659e-11	3.5673e-10	7.5236e-11	4.3599e-10	8.3654e-11	2.0607e-10	4.9538e-11	5.124e-10	4.5818e-11	1.3717e-10	3.2682e-11	1.2179e-10	1.4425e-11	1.373e-10	2.3616e-11	1.0712e-10	2.6748e-11	1.0717e-10	4.057e-11	6.7348e-11	1.3761e-11	6.8194e-11	9.9536e-12	6.2107e-11	5.5971e-12	6.2138e-11	2.1477e-11	9.2189e-11	6.0661e-11	1.1522e-10	2.1495e-11	3.7658e-11	1.1542e-11	1.0776e-10	5.6149e-12	6.26e-12	3.7896e-12
5.94601	0.14718	0.061601	8.3427e-05	9.3651e-06	0.00012702	0.00098585	0.0014854	0.012496	1.1106e-05	0.0048604	2.6642e-05	0.00019915	3.2837e-05	0.00012215	1.8391e-06	1.2394e-05	8.001e-07	0.00011504	2.3065e-06	1.9971e-05	2.847e-06	1.1153e-05	9.0635e-06	1.5552e-05	1.1965e-05	7.2531e-05	1.2078e-07	2.8118e-06	4.9558e-08	6.4052e-08	4.7675e-09	1.0291e-08	6.543e-10	3.8428e-09	7.1405e-10	1.9964e-09	6.4953e-10	2.1396e-09	4.7833e-10	1.1775e-09	2.131e-10	5.9635e-10	6.9906e-11	2.2852e-10	1.1783e-10	3.3964e-10	1.1055e-10	2.9617e-10	6.5166e-11	3.491e-10	7.3629e-11	4.2669e-10	8.1867e-11	2.0167e-10	4.848e-11	5.0147e-10	4.484e-11	1.3424e-10	3.1983e-11	1.1919e-10	1.4117e-11	1.3437e-10	2.3112e-11	1.0483e-10	2.6177e-11	1.0488e-10	3.9704e-11	6.5912e-11	1.3467e-11	6.6734e-11	9.7413e-12	6.0769e-11	5.4766e-12	6.0796e-11	2.1013e-11	9.0198e-11	5.9351e-11	1.1273e-10	2.1031e-11	3.6845e-11	1.1293e-11	1.0543e-10	5.4937e-12	6.125e-12	3.7079e-12
6.02865	0.14189	0.060861	8.1863e-05	9.2441e-06	0.00012469	0.00096504	0.0014928	0.012535	1.0891e-05	0.004827	2.6068e-05	0.00019445	3.21e-05	0.00011928	1.8056e-06	1.2132e-05	7.8818e-07	0.00011093	2.2665e-06	1.9515e-05	2.7906e-06	1.0932e-05	8.8708e-06	1.5222e-05	1.1702e-05	7.1002e-05	1.1888e-07	2.7533e-06	4.8515e-08	6.2703e-08	4.6673e-09	1.0074e-08	6.4049e-10	3.7616e-09	6.9894e-10	1.9542e-09	6.3579e-10	2.0944e-09	4.6821e-10	1.1526e-09	2.0861e-10	5.8373e-10	6.8426e-11	2.2368e-10	1.1533e-10	3.3246e-10	1.0821e-10	2.8991e-10	6.3789e-11	3.4173e-10	7.2074e-11	4.1766e-10	8.0139e-11	1.9742e-10	4.7458e-11	4.9087e-10	4.3895e-11	1.3141e-10	3.1308e-11	1.1668e-10	1.3819e-11	1.3153e-10	2.2624e-11	1.0261e-10	2.5626e-11	1.0265e-10	3.8859e-11	6.4511e-11	1.3183e-11	6.5309e-11	9.5336e-12	5.9472e-11	5.3597e-12	5.9497e-11	2.0564e-11	8.8273e-11	5.8084e-11	1.1033e-10	2.0582e-11	3.6058e-11	1.1052e-11	1.0318e-10	5.3765e-12	5.9944e-12	3.6289e-12
6.11243	0.13685	0.060158	8.035e-05	9.1264e-06	0.00012244	0.00094497	0.0015005	0.012572	1.0682e-05	0.0047944	2.5513e-05	0.00018992	3.1392e-05	0.00011652	1.7733e-06	1.1879e-05	7.7667e-07	0.00010684	2.2278e-06	1.9076e-05	2.7361e-06	1.0718e-05	8.6846e-06	1.4902e-05	1.1447e-05	6.9524e-05	1.1703e-07	2.6967e-06	4.7506e-08	6.1399e-08	4.5702e-09	9.8632e-09	6.271e-10	3.683e-09	6.8433e-10	1.9134e-09	6.2251e-10	2.0506e-09	4.5842e-10	1.1285e-09	2.0425e-10	5.7153e-10	6.6996e-11	2.1901e-10	1.1292e-10	3.2552e-10	1.0595e-10	2.8386e-10	6.2458e-11	3.3461e-10	7.0572e-11	4.0885e-10	7.8469e-11	1.9331e-10	4.6469e-11	4.8051e-10	4.2978e-11	1.2867e-10	3.0655e-11	1.1424e-10	1.353e-11	1.2879e-10	2.2153e-11	1.0044e-10	2.5087e-11	1.0049e-10	3.8039e-11	6.315e-11	1.2905e-11	6.3931e-11	9.3324e-12	5.8217e-11	5.2466e-12	5.8243e-11	2.0131e-11	8.6412e-11	5.6859e-11	1.08e-10	2.0148e-11	3.5298e-11	1.0819e-11	1.0101e-10	5.2631e-12	5.8682e-12	3.5525e-12
6.19738	0.13205	0.059493	7.8885e-05	9.0118e-06	0.00012026	0.00092563	0.001508	0.012608	1.0481e-05	0.0047578	2.4977e-05	0.00018555	3.0708e-05	0.00011385	1.7422e-06	1.1635e-05	7.6554e-07	0.00010279	2.1907e-06	1.8652e-05	2.6834e-06	1.051e-05	8.5046e-06	1.4593e-05	1.1201e-05	6.8096e-05	1.1525e-07	2.642e-06	4.6532e-08	6.0139e-08	4.4758e-09	9.6597e-09	6.1416e-10	3.6071e-09	6.7021e-10	1.8739e-09	6.0968e-10	2.0083e-09	4.4896e-10	1.1052e-09	2.0003e-10	5.5974e-10	6.5614e-11	2.1449e-10	1.1059e-10	3.1881e-10	1.0377e-10	2.7801e-10	6.1171e-11	3.2772e-10	6.912e-11	4.0033e-10	7.6854e-11	1.8928e-10	4.5513e-11	4.705e-10	4.2082e-11	1.2603e-10	3.0025e-11	1.1189e-10	1.3252e-11	1.2612e-10	2.1697e-11	9.8351e-11	2.4564e-11	9.8392e-11	3.7247e-11	6.1834e-11	1.2636e-11	6.2599e-11	9.138e-12	5.7005e-11	5.1374e-12	5.703e-11	1.9711e-11	8.4613e-11	5.5675e-11	1.0575e-10	1.9728e-11	3.4564e-11	1.0594e-11	9.8908e-11	5.1536e-12	5.7463e-12	3.4787e-12
6.2835	0.12747	0.058863	7.7468e-05	8.9011e-06	0.00011815	0.00090699	0.0015154	0.012645	1.0286e-05	0.0047197	2.4459e-05	0.00018132	3.0048e-05	0.00011127	1.7121e-06	1.1398e-05	7.5478e-07	9.8803e-05	2.1549e-06	1.8242e-05	2.6325e-06	1.031e-05	8.3306e-06	1.4294e-05	1.0963e-05	6.6716e-05	1.1352e-07	2.5892e-06	4.5589e-08	5.8921e-08	4.3846e-09	9.4629e-09	6.0165e-10	3.5337e-09	6.5657e-10	1.8358e-09	5.9727e-10	1.9675e-09	4.3982e-10	1.0827e-09	1.9596e-10	5.4834e-10	6.4278e-11	2.1013e-10	1.0834e-10	3.1232e-10	1.0166e-10	2.7236e-10	5.9928e-11	3.2106e-10	6.7716e-11	3.9209e-10	7.5294e-11	1.8539e-10	4.4576e-11	4.6082e-10	4.1216e-11	1.2343e-10	2.9415e-11	1.0961e-10	1.2983e-11	1.2353e-10	2.1252e-11	9.6329e-11	2.4059e-11	9.6369e-11	3.6481e-11	6.0563e-11	1.2376e-11	6.1313e-11	8.9502e-12	5.5833e-11	5.0318e-12	5.5858e-11	1.9306e-11	8.2875e-11	5.4532e-11	1.0358e-10	1.9323e-11	3.3854e-11	1.0377e-11	9.6878e-11	5.0478e-12	5.6284e-12	3.4073e-12
6.37083	0.1231	0.058267	7.6098e-05	8.7943e-06	0.00011612	0.00088902	0.0015227	0.012683	1.0098e-05	0.00468	2.3959e-05	0.00017727	2.941e-05	0.00010879	1.6831e-06	1.117e-05	7.4439e-07	9.4985e-05	2.1202e-06	1.7846e-05	2.5833e-06	1.0117e-05	8.1611e-06	1.4005e-05	1.0733e-05	6.5382e-05	1.1185e-07	2.5382e-06	4.4679e-08	5.7744e-08	4.2965e-09	9.2729e-09	5.8957e-10	3.4629e-09	6.4339e-10	1.799e-09	5.8529e-10	1.928e-09	4.3099e-10	1.061e-09	1.9202e-10	5.3733e-10	6.2987e-11	2.0591e-10	1.0617e-10	3.0606e-10	9.9615e-11	2.669e-10	5.8726e-11	3.1463e-10	6.6355e-11	3.8414e-10	7.3771e-11	1.8163e-10	4.3671e-11	4.5148e-10	4.038e-11	1.2093e-10	2.8823e-11	1.0739e-10	1.2723e-11	1.2102e-10	2.082e-11	9.4375e-11	2.3571e-11	9.4415e-11	3.5741e-11	5.9335e-11	1.2125e-11	6.0069e-11	8.7687e-12	5.4701e-11	4.9298e-12	5.4726e-11	1.8915e-11	8.1196e-11	5.3427e-11	1.0148e-10	1.8931e-11	3.3168e-11	1.0167e-11	9.4916e-11	4.9456e-12	5.5143e-12	3.3382e-12
6.45936	0.11894	0.057704	7.4772e-05	8.691e-06	0.00011415	0.00087171	0.0015299	0.012721	9.9164e-06	0.0046347	2.3475e-05	0.00017336	2.8794e-05	0.00010639	1.655e-06	1.095e-05	7.3434e-07	9.1189e-05	2.0867e-06	1.7465e-05	2.5356e-06	9.9293e-06	7.9973e-06	1.3726e-05	1.051e-05	6.4093e-05	1.1024e-07	2.4888e-06	4.3796e-08	5.6607e-08	4.2114e-09	9.0892e-09	5.7789e-10	3.3944e-09	6.3065e-10	1.7634e-09	5.7371e-10	1.8898e-09	4.2245e-10	1.04e-09	1.8822e-10	5.2669e-10	6.174e-11	2.0184e-10	1.0406e-10	3e-10	9.7643e-11	2.6162e-10	5.7565e-11	3.0837e-10	6.5025e-11	3.7646e-10	7.2293e-11	1.7799e-10	4.2797e-11	4.4244e-10	3.9572e-11	1.1851e-10	2.8246e-11	1.0524e-10	1.2469e-11	1.186e-10	2.0403e-11	9.2487e-11	2.3099e-11	9.2526e-11	3.5026e-11	5.8148e-11	1.1883e-11	5.8868e-11	8.5933e-12	5.3608e-11	4.8312e-12	5.3632e-11	1.8537e-11	7.9573e-11	5.2359e-11	9.9453e-11	1.8553e-11	3.2505e-11	9.9635e-12	9.302e-11	4.8467e-12	5.404e-12	3.2714e-12
6.54913	0.11497	0.057185	7.3491e-05	8.5914e-06	0.00011224	0.0008551	0.0015375	0.012755	9.7407e-06	0.0045884	2.3009e-05	0.0001696	2.8199e-05	0.00010409	1.6279e-06	1.074e-05	7.2465e-07	8.7464e-05	2.0544e-06	1.7099e-05	2.4897e-06	9.7477e-06	7.8391e-06	1.3457e-05	1.0293e-05	6.2849e-05	1.0867e-07	2.4412e-06	4.294e-08	5.5502e-08	4.1291e-09	8.9118e-09	5.6661e-10	3.3282e-09	6.1834e-10	1.7291e-09	5.6252e-10	1.853e-09	4.1421e-10	1.0197e-09	1.8454e-10	5.1642e-10	6.0535e-11	1.979e-10	1.0203e-10	2.9415e-10	9.5739e-11	2.5653e-10	5.6444e-11	3.0228e-10	6.3741e-11	3.6903e-10	7.0866e-11	1.7448e-10	4.1952e-11	4.3372e-10	3.8791e-11	1.1617e-10	2.7688e-11	1.0316e-10	1.2223e-11	1.1626e-10	2.0001e-11	9.0664e-11	2.2643e-11	9.0702e-11	3.4336e-11	5.7001e-11	1.1648e-11	5.7708e-11	8.4239e-12	5.2551e-11	4.736e-12	5.2575e-11	1.8171e-11	7.8006e-11	5.1327e-11	9.7494e-11	1.8187e-11	3.1865e-11	9.7674e-12	9.1189e-11	4.7513e-12	5.2974e-12	3.2069e-12
6.64015	0.11118	0.056697	7.2252e-05	8.4955e-06	0.0001104	0.0008391	0.0015448	0.012788	9.571e-06	0.0045401	2.2558e-05	0.00016596	2.7625e-05	0.00010188	1.6017e-06	1.0536e-05	7.1531e-07	8.383e-05	2.0232e-06	1.6746e-05	2.4452e-06	9.5714e-06	7.6862e-06	1.3195e-05	1.0085e-05	6.1647e-05	1.0714e-07	2.3952e-06	4.2113e-08	5.4433e-08	4.0497e-09	8.7405e-09	5.5572e-10	3.2643e-09	6.0646e-10	1.6959e-09	5.5172e-10	1.8174e-09	4.0625e-10	1.0001e-09	1.81e-10	5.065e-10	5.9372e-11	1.941e-10	1.0007e-10	2.8851e-10	9.39e-11	2.5157e-10	5.5351e-11	2.964e-10	6.2501e-11	3.6187e-10	6.9487e-11	1.7109e-10	4.1137e-11	4.253e-10	3.8037e-11	1.1391e-10	2.7149e-11	1.0115e-10	1.1985e-11	1.14e-10	1.9612e-11	8.8903e-11	2.2203e-11	8.8941e-11	3.3669e-11	5.5894e-11	1.1422e-11	5.6587e-11	8.2603e-12	5.1531e-11	4.6441e-12	5.1554e-11	1.7819e-11	7.6492e-11	5.0331e-11	9.5603e-11	1.7834e-11	3.1247e-11	9.5776e-12	8.9416e-11	4.6591e-12	5.1945e-12	3.1446e-12
6.73243	0.10757	0.05624	7.1055e-05	8.4031e-06	0.0001086	0.00082368	0.0015509	0.012827	9.4071e-06	0.0044899	2.2123e-05	0.00016246	2.7071e-05	9.9739e-05	1.5764e-06	1.0339e-05	7.063e-07	8.0337e-05	1.9931e-06	1.6406e-05	2.4023e-06	9.4011e-06	7.5386e-06	1.2942e-05	9.8833e-06	6.048e-05	1.0568e-07	2.3508e-06	4.1314e-08	5.34e-08	3.973e-09	8.5751e-09	5.452e-10	3.2024e-09	5.9499e-10	1.6635e-09	5.4129e-10	1.783e-09	3.9857e-10	9.8118e-10	1.7757e-10	4.9691e-10	5.8248e-11	1.9043e-10	9.8181e-11	2.8305e-10	9.2124e-11	2.4674e-10	5.429e-11	2.9072e-10	6.1304e-11	3.5494e-10	6.8156e-11	1.6781e-10	4.0349e-11	4.1716e-10	3.731e-11	1.1173e-10	2.6629e-11	9.9217e-11	1.1755e-11	1.1182e-10	1.9236e-11	8.7203e-11	2.1779e-11	8.724e-11	3.3025e-11	5.4825e-11	1.1204e-11	5.5506e-11	8.1023e-12	5.0546e-11	4.5553e-12	5.0569e-11	1.7478e-11	7.5029e-11	4.9369e-11	9.3774e-11	1.7493e-11	3.0648e-11	9.3941e-12	8.7703e-11	4.5698e-12	5.0951e-12	3.0844e-12
6.82599	0.10413	0.055812	6.9883e-05	8.3142e-06	0.00010687	0.00080883	0.0015567	0.012852	9.2489e-06	0.0044377	2.1704e-05	0.00015908	2.6537e-05	9.7677e-05	1.552e-06	1.015e-05	6.9762e-07	7.6913e-05	1.964e-06	1.6078e-05	2.3605e-06	9.2366e-06	7.3961e-06	1.2697e-05	9.6889e-06	5.935e-05	1.0426e-07	2.308e-06	4.0543e-08	5.2403e-08	3.899e-09	8.4154e-09	5.3505e-10	3.1419e-09	5.8391e-10	1.6321e-09	5.3114e-10	1.7497e-09	3.9115e-10	9.6292e-10	1.7426e-10	4.8766e-10	5.7164e-11	1.8688e-10	9.6354e-11	2.7773e-10	9.041e-11	2.4209e-10	5.3265e-11	2.8523e-10	6.0148e-11	3.4826e-10	6.6872e-11	1.6465e-10	3.9589e-11	4.0931e-10	3.6607e-11	1.0962e-10	2.6127e-11	9.7347e-11	1.1534e-11	1.0971e-10	1.8874e-11	8.5561e-11	2.1369e-11	8.5598e-11	3.2404e-11	5.3793e-11	1.0993e-11	5.4461e-11	7.9498e-12	4.9595e-11	4.4696e-12	4.9617e-11	1.7149e-11	7.3614e-11	4.8438e-11	9.2005e-11	1.7164e-11	3.007e-11	9.217e-12	8.605e-11	4.4836e-12	4.9991e-12	3.0263e-12
6.92086	0.10085	0.055412	6.8746e-05	8.2288e-06	0.0001052	0.0007945	0.0015619	0.012867	9.0961e-06	0.0043836	2.1299e-05	0.00015582	2.6021e-05	9.5689e-05	1.5284e-06	9.967e-06	6.8927e-07	7.3617e-05	1.936e-06	1.5761e-05	2.3201e-06	9.0779e-06	7.2585e-06	1.2461e-05	9.5012e-06	5.8259e-05	1.0289e-07	2.2666e-06	3.9798e-08	5.1441e-08	3.8276e-09	8.2612e-09	5.2525e-10	3.0835e-09	5.7322e-10	1.6018e-09	5.2127e-10	1.7172e-09	3.8398e-10	9.4529e-10	1.7107e-10	4.7874e-10	5.6117e-11	1.8343e-10	9.4588e-11	2.7256e-10	8.8739e-11	2.3759e-10	5.2276e-11	2.7994e-10	5.9032e-11	3.4181e-10	6.5631e-11	1.616e-10	3.8855e-11	4.0173e-10	3.5929e-11	1.0759e-10	2.5642e-11	9.5542e-11	1.132e-11	1.0768e-10	1.8524e-11	8.3977e-11	2.0973e-11	8.4013e-11	3.1804e-11	5.2797e-11	1.0789e-11	5.3451e-11	7.8026e-12	4.8674e-11	4.3866e-12	4.8695e-11	1.6831e-11	7.2247e-11	4.7539e-11	9.0298e-11	1.6845e-11	2.9512e-11	9.046e-12	8.4454e-11	4.4005e-12	4.9065e-12	2.9703e-12
7.01704	0.097725	0.05504	6.7647e-05	8.1467e-06	0.00010359	0.00078069	0.0015667	0.012881	8.9473e-06	0.0043261	2.0908e-05	0.00015267	2.5524e-05	9.3772e-05	1.5057e-06	9.7906e-06	6.8123e-07	7.0426e-05	1.909e-06	1.5455e-05	2.2812e-06	8.9246e-06	7.1256e-06	1.2233e-05	9.32e-06	5.7206e-05	1.0157e-07	2.2267e-06	3.908e-08	5.0512e-08	3.7586e-09	8.1125e-09	5.1579e-10	3.0272e-09	5.6276e-10	1.5725e-09	5.1174e-10	1.6858e-09	3.77e-10	9.2808e-10	1.6799e-10	4.6999e-10	5.5097e-11	1.8007e-10	9.2858e-11	2.6758e-10	8.7116e-11	2.3325e-10	5.1321e-11	2.7483e-10	5.7955e-11	3.3558e-10	6.4434e-11	1.5866e-10	3.8147e-11	3.944e-10	3.5274e-11	1.0563e-10	2.5175e-11	9.38e-11	1.1113e-11	1.0572e-10	1.8186e-11	8.2444e-11	2.0591e-11	8.2478e-11	3.1223e-11	5.1833e-11	1.0592e-11	5.2475e-11	7.66e-12	4.7785e-11	4.3065e-12	4.7806e-11	1.6523e-11	7.0929e-11	4.6671e-11	8.8649e-11	1.6537e-11	2.8974e-11	8.881e-12	8.2913e-11	4.3202e-12	4.8171e-12	2.9162e-12
7.11456	0.094745	0.054693	6.6588e-05	8.0681e-06	0.00010203	0.00076743	0.0015713	0.012891	8.8039e-06	0.0042667	2.0529e-05	0.00014964	2.5045e-05	9.1925e-05	1.4839e-06	9.6206e-06	6.7348e-07	6.7319e-05	1.883e-06	1.5161e-05	2.2436e-06	8.7768e-06	6.9975e-06	1.2013e-05	9.1453e-06	5.6191e-05	1.0031e-07	2.1878e-06	3.8387e-08	4.9616e-08	3.6921e-09	7.9668e-09	5.0652e-10	2.9728e-09	5.5265e-10	1.5443e-09	5.0255e-10	1.6555e-09	3.7023e-10	9.1141e-10	1.6498e-10	4.6155e-10	5.4107e-11	1.7684e-10	9.119e-11	2.6278e-10	8.5552e-11	2.2907e-10	5.0401e-11	2.6991e-10	5.6917e-11	3.2955e-10	6.328e-11	1.5582e-10	3.7464e-11	3.8732e-10	3.4642e-11	1.0374e-10	2.4724e-11	9.212e-11	1.0914e-11	1.0382e-10	1.7861e-11	8.0964e-11	2.0221e-11	8.0998e-11	3.0662e-11	5.0903e-11	1.0402e-11	5.1533e-11	7.5226e-12	4.6928e-11	4.2292e-12	4.6949e-11	1.6227e-11	6.9657e-11	4.5834e-11	8.706e-11	1.6241e-11	2.8454e-11	8.7218e-12	8.1428e-11	4.2428e-12	4.7309e-12	2.864e-12
7.21343	0.091904	0.054369	6.5566e-05	7.9905e-06	0.00010053	0.00075469	0.0015758	0.012896	8.6656e-06	0.0042065	2.0162e-05	0.00014672	2.4579e-05	9.0144e-05	1.4628e-06	9.4567e-06	6.6596e-07	6.4345e-05	1.8579e-06	1.4877e-05	2.2074e-06	8.6343e-06	6.8739e-06	1.1801e-05	8.9767e-06	5.5211e-05	9.9089e-08	2.1504e-06	3.7719e-08	4.8752e-08	3.6272e-09	7.8261e-09	4.9757e-10	2.9204e-09	5.429e-10	1.5171e-09	4.9369e-10	1.6263e-09	3.6369e-10	8.9532e-10	1.6207e-10	4.534e-10	5.3152e-11	1.7372e-10	8.958e-11	2.5814e-10	8.4042e-11	2.2503e-10	4.9513e-11	2.6515e-10	5.5915e-11	3.2374e-10	6.2166e-11	1.5307e-10	3.6804e-11	3.8049e-10	3.4031e-11	1.0191e-10	2.4288e-11	9.0499e-11	1.0722e-11	1.0199e-10	1.7546e-11	7.9537e-11	1.9864e-11	7.957e-11	3.0122e-11	5.0005e-11	1.0219e-11	5.0625e-11	7.39e-12	4.6101e-11	4.1547e-12	4.6122e-11	1.5941e-11	6.8431e-11	4.5027e-11	8.5527e-11	1.5955e-11	2.7953e-11	8.5683e-12	7.9994e-11	4.1681e-12	4.6477e-12	2.8136e-12
7.31368	0.089196	0.054071	6.458e-05	7.916e-06	9.909e-05	0.00074238	0.0015801	0.012895	8.5322e-06	0.0041461	1.9808e-05	0.00014391	2.413e-05	8.8428e-05	1.4423e-06	9.2988e-06	6.5874e-07	6.144e-05	1.8337e-06	1.4604e-05	2.1725e-06	8.4968e-06	6.7546e-06	1.1597e-05	8.8141e-06	5.4267e-05	9.7916e-08	2.1143e-06	3.7075e-08	4.7919e-08	3.5643e-09	7.6905e-09	4.8895e-10	2.8699e-09	5.3349e-10	1.4908e-09	4.8514e-10	1.5982e-09	3.5739e-10	8.798e-10	1.5926e-10	4.4555e-10	5.2231e-11	1.7071e-10	8.8028e-11	2.5368e-10	8.2587e-11	2.2114e-10	4.8656e-11	2.6057e-10	5.4949e-11	3.1814e-10	6.1093e-11	1.5042e-10	3.6166e-11	3.739e-10	3.3441e-11	1.0015e-10	2.3869e-11	8.8933e-11	1.0536e-11	1.0023e-10	1.7242e-11	7.816e-11	1.9521e-11	7.8193e-11	2.96e-11	4.914e-11	1.0042e-11	4.9749e-11	7.2621e-12	4.5304e-11	4.0828e-12	4.5324e-11	1.5665e-11	6.7248e-11	4.4248e-11	8.4048e-11	1.5679e-11	2.747e-11	8.4203e-12	7.8613e-11	4.096e-12	4.5671e-12	2.7647e-12
7.41532	0.086617	0.053796	6.3628e-05	7.8446e-06	9.7698e-05	0.0007305	0.0015849	0.012892	8.4037e-06	0.0040848	1.9468e-05	0.00014119	2.3696e-05	8.6775e-05	1.4226e-06	9.1467e-06	6.5181e-07	5.865e-05	1.8103e-06	1.4341e-05	2.1388e-06	8.3642e-06	6.6386e-06	1.14e-05	8.6572e-06	5.3356e-05	9.6788e-08	2.0795e-06	3.6453e-08	4.7116e-08	3.5036e-09	7.5596e-09	4.8063e-10	2.8211e-09	5.2442e-10	1.4655e-09	4.769e-10	1.571e-09	3.5131e-10	8.6484e-10	1.5655e-10	4.3797e-10	5.1343e-11	1.6781e-10	8.6532e-11	2.4937e-10	8.1183e-11	2.1738e-10	4.783e-11	2.5615e-10	5.4015e-11	3.1274e-10	6.0053e-11	1.4786e-10	3.5552e-11	3.6755e-10	3.2873e-11	9.8445e-11	2.3463e-11	8.742e-11	1.0358e-11	9.8522e-11	1.6949e-11	7.6833e-11	1.9189e-11	7.6865e-11	2.9098e-11	4.8306e-11	9.8713e-12	4.8905e-11	7.1388e-12	4.4535e-11	4.0135e-12	4.4555e-11	1.5399e-11	6.6107e-11	4.3498e-11	8.2623e-11	1.5413e-11	2.7004e-11	8.2775e-12	7.728e-11	4.0266e-12	4.4892e-12	2.7175e-12
7.51837	0.084158	0.053546	6.2712e-05	7.7766e-06	9.6359e-05	0.00071907	0.0015893	0.012889	8.2801e-06	0.0040203	1.9139e-05	0.00013858	2.3279e-05	8.5183e-05	1.4036e-06	9.0003e-06	6.4519e-07	5.5979e-05	1.7878e-06	1.4087e-05	2.1064e-06	8.2366e-06	6.5259e-06	1.121e-05	8.5053e-06	5.2479e-05	9.5708e-08	2.0459e-06	3.5855e-08	4.6342e-08	3.4452e-09	7.4336e-09	4.7262e-10	2.7742e-09	5.1568e-10	1.4411e-09	4.6896e-10	1.5449e-09	3.4546e-10	8.5043e-10	1.5394e-10	4.3067e-10	5.0488e-11	1.6501e-10	8.509e-11	2.4522e-10	7.9831e-11	2.1377e-10	4.7035e-11	2.5188e-10	5.3115e-11	3.0753e-10	5.9052e-11	1.454e-10	3.4959e-11	3.6144e-10	3.2326e-11	9.6805e-11	2.3072e-11	8.5963e-11	1.0185e-11	9.6881e-11	1.6667e-11	7.5554e-11	1.8869e-11	7.5586e-11	2.8614e-11	4.7502e-11	9.707e-12	4.8091e-11	7.02e-12	4.3794e-11	3.9468e-12	4.3814e-11	1.5143e-11	6.5008e-11	4.2775e-11	8.1249e-11	1.5157e-11	2.6556e-11	8.14e-12	7.5996e-11	3.9597e-12	4.4141e-12	2.6721e-12
7.62286	0.081796	0.053318	6.1829e-05	7.7117e-06	9.5071e-05	0.00070808	0.0015921	0.012878	8.161e-06	0.0039522	1.8823e-05	0.00013604	2.2876e-05	8.365e-05	1.3853e-06	8.8594e-06	6.3884e-07	5.341e-05	1.7661e-06	1.3843e-05	2.0752e-06	8.1136e-06	6.4171e-06	1.1027e-05	8.3571e-06	5.1633e-05	9.4659e-08	2.0136e-06	3.5269e-08	4.5594e-08	3.3889e-09	7.3122e-09	4.649e-10	2.7289e-09	5.0726e-10	1.4176e-09	4.6131e-10	1.5197e-09	3.3982e-10	8.3654e-10	1.5143e-10	4.2364e-10	4.9663e-11	1.6232e-10	8.3701e-11	2.4121e-10	7.8528e-11	2.1028e-10	4.6268e-11	2.4777e-10	5.2247e-11	3.0251e-10	5.8087e-11	1.4302e-10	3.4388e-11	3.5554e-10	3.1798e-11	9.5224e-11	2.2695e-11	8.4559e-11	1.0018e-11	9.53e-11	1.6395e-11	7.4322e-11	1.8562e-11	7.4354e-11	2.8147e-11	4.6727e-11	9.5486e-12	4.7307e-11	6.9055e-12	4.308e-11	3.8824e-12	4.31e-11	1.4897e-11	6.3949e-11	4.2078e-11	7.9926e-11	1.491e-11	2.6123e-11	8.0068e-12	7.4751e-11	3.895e-12	4.3418e-12	2.6283e-12
7.7288	0.079521	0.053109	6.0978e-05	7.6498e-06	9.3832e-05	0.0006975	0.0015946	0.012862	8.0465e-06	0.0038831	1.8519e-05	0.0001336	2.2489e-05	8.2164e-05	1.3678e-06	8.723e-06	6.3279e-07	5.0925e-05	1.7454e-06	1.3606e-05	2.0451e-06	7.9929e-06	6.3124e-06	1.0849e-05	8.2143e-06	5.082e-05	9.3637e-08	1.9826e-06	3.4703e-08	4.4863e-08	3.3347e-09	7.1953e-09	4.5747e-10	2.6854e-09	4.9915e-10	1.395e-09	4.5394e-10	1.4954e-09	3.3438e-10	8.2317e-10	1.49e-10	4.1687e-10	4.8869e-11	1.5973e-10	8.2363e-11	2.3736e-10	7.7273e-11	2.0692e-10	4.5527e-11	2.438e-10	5.1411e-11	2.9768e-10	5.7158e-11	1.4074e-10	3.3839e-11	3.4986e-10	3.129e-11	9.3702e-11	2.2332e-11	8.3207e-11	9.8581e-12	9.3777e-11	1.6133e-11	7.3135e-11	1.8265e-11	7.3166e-11	2.7698e-11	4.5981e-11	9.3961e-12	4.6552e-11	6.7953e-12	4.2393e-11	3.8205e-12	4.2412e-11	1.4659e-11	6.2926e-11	4.1406e-11	7.8647e-11	1.4672e-11	2.5704e-11	7.8782e-12	7.355e-11	3.8325e-12	4.2721e-12	2.5862e-12
7.83621	0.077353	0.052918	6.016e-05	7.5911e-06	9.2615e-05	0.00068729	0.001597	0.012842	7.9364e-06	0.0038144	1.8226e-05	0.00013125	2.2116e-05	8.0731e-05	1.351e-06	8.5912e-06	6.2702e-07	4.8542e-05	1.7255e-06	1.3378e-05	2.0162e-06	7.8767e-06	6.2115e-06	1.0677e-05	8.0768e-06	5.0036e-05	9.2659e-08	1.9527e-06	3.4159e-08	4.4159e-08	3.2824e-09	7.0827e-09	4.5031e-10	2.6433e-09	4.9135e-10	1.3731e-09	4.4685e-10	1.472e-09	3.2915e-10	8.103e-10	1.4667e-10	4.1035e-10	4.8105e-11	1.5723e-10	8.1075e-11	2.3365e-10	7.6065e-11	2.0367e-10	4.4814e-11	2.3998e-10	5.0606e-11	2.9303e-10	5.6264e-11	1.3854e-10	3.331e-11	3.444e-10	3.0801e-11	9.2236e-11	2.1982e-11	8.1905e-11	9.7038e-12	9.231e-11	1.588e-11	7.1993e-11	1.798e-11	7.2024e-11	2.7265e-11	4.5263e-11	9.2493e-12	4.5825e-11	6.6892e-12	4.1731e-11	3.7608e-12	4.1748e-11	1.443e-11	6.1936e-11	4.0755e-11	7.741e-11	1.4441e-11	2.53e-11	7.7543e-12	7.2394e-11	3.7722e-12	4.2051e-12	2.5456e-12
7.94511	0.07529	0.052747	5.9369e-05	7.5355e-06	9.1446e-05	0.00067745	0.0015989	0.012817	7.8306e-06	0.0037428	1.7944e-05	0.00012898	2.1757e-05	7.9352e-05	1.3348e-06	8.4646e-06	6.2152e-07	4.6281e-05	1.7064e-06	1.3158e-05	1.9881e-06	7.7649e-06	6.1143e-06	1.051e-05	7.9444e-06	4.9267e-05	9.1723e-08	1.9239e-06	3.3635e-08	4.3482e-08	3.2322e-09	6.9743e-09	4.4342e-10	2.6028e-09	4.8383e-10	1.3521e-09	4.4e-10	1.4495e-09	3.2412e-10	7.979e-10	1.4443e-10	4.0407e-10	4.7369e-11	1.5482e-10	7.9835e-11	2.3007e-10	7.4902e-11	2.0055e-10	4.4127e-11	2.3631e-10	4.9832e-11	2.8856e-10	5.5403e-11	1.3642e-10	3.28e-11	3.3914e-10	3.033e-11	9.0826e-11	2.1646e-11	8.0652e-11	9.5553e-12	9.0899e-11	1.5637e-11	7.0893e-11	1.7705e-11	7.0923e-11	2.6849e-11	4.4572e-11	9.108e-12	4.5122e-11	6.5869e-12	4.1088e-11	3.7029e-12	4.1106e-11	1.4207e-11	6.0983e-11	4.0128e-11	7.622e-11	1.4219e-11	2.4911e-11	7.6351e-12	7.1281e-11	3.7142e-12	4.1405e-12	2.5065e-12
8.05553	0.073325	0.052596	5.8609e-05	7.4828e-06	9.0323e-05	0.00066796	0.0016005	0.01279	7.7291e-06	0.0036709	1.7673e-05	0.00012681	2.1412e-05	7.8026e-05	1.3194e-06	8.3429e-06	6.1629e-07	4.4104e-05	1.6882e-06	1.2947e-05	1.9608e-06	7.6575e-06	6.0208e-06	1.035e-05	7.8169e-06	4.8528e-05	9.0828e-08	1.8963e-06	3.3131e-08	4.283e-08	3.1839e-09	6.8701e-09	4.3679e-10	2.5638e-09	4.766e-10	1.3318e-09	4.334e-10	1.4277e-09	3.1928e-10	7.8599e-10	1.4227e-10	3.9803e-10	4.6661e-11	1.525e-10	7.8641e-11	2.2662e-10	7.378e-11	1.9755e-10	4.3466e-11	2.3277e-10	4.9087e-11	2.8423e-10	5.4575e-11	1.3438e-10	3.231e-11	3.3405e-10	2.9878e-11	8.947e-11	2.1322e-11	7.9448e-11	9.4124e-12	8.9542e-11	1.5404e-11	6.9828e-11	1.7441e-11	6.9856e-11	2.6445e-11	4.3901e-11	8.9718e-12	4.4443e-11	6.4878e-12	4.047e-11	3.6472e-12	4.0488e-11	1.3994e-11	6.0067e-11	3.9525e-11	7.5074e-11	1.4005e-11	2.4536e-11	7.5204e-12	7.021e-11	3.6584e-12	4.0784e-12	2.4689e-12
8.16748	0.071454	0.052465	5.7878e-05	7.433e-06	8.9246e-05	0.00065886	0.0016022	0.012761	7.6303e-06	0.0035971	1.7412e-05	0.00012471	2.108e-05	7.6751e-05	1.3046e-06	8.2261e-06	6.1133e-07	4.205e-05	1.6708e-06	1.2744e-05	1.9346e-06	7.5541e-06	5.9308e-06	1.0196e-05	7.6942e-06	4.7817e-05	8.9974e-08	1.8697e-06	3.2647e-08	4.2203e-08	3.1374e-09	6.7698e-09	4.3041e-10	2.5263e-09	4.6962e-10	1.3124e-09	4.2706e-10	1.4068e-09	3.146e-10	7.7447e-10	1.4019e-10	3.922e-10	4.5978e-11	1.5027e-10	7.749e-11	2.2331e-10	7.2699e-11	1.9466e-10	4.2831e-11	2.2938e-10	4.837e-11	2.8005e-10	5.3778e-11	1.3242e-10	3.1839e-11	3.2914e-10	2.944e-11	8.8165e-11	2.1011e-11	7.8288e-11	9.2749e-12	8.8237e-11	1.5179e-11	6.8802e-11	1.7184e-11	6.883e-11	2.6056e-11	4.3256e-11	8.8399e-12	4.379e-11	6.3925e-12	3.9876e-11	3.5937e-12	3.9893e-11	1.3788e-11	5.9185e-11	3.8944e-11	7.3972e-11	1.38e-11	2.4176e-11	7.4101e-12	6.9181e-11	3.6047e-12	4.0187e-12	2.4328e-12
8.28098	0.069782	0.052353	5.7177e-05	7.3862e-06	8.8215e-05	0.00065014	0.0016036	0.012725	7.5347e-06	0.0035217	1.7161e-05	0.0001227	2.0761e-05	7.5525e-05	1.2904e-06	8.114e-06	6.0664e-07	4.0086e-05	1.6542e-06	1.2549e-05	1.9095e-06	7.4549e-06	5.8443e-06	1.0048e-05	7.5762e-06	4.7134e-05	8.9161e-08	1.8439e-06	3.2181e-08	4.1601e-08	3.0927e-09	6.6731e-09	4.2426e-10	2.4903e-09	4.6292e-10	1.2936e-09	4.2097e-10	1.3868e-09	3.1011e-10	7.6341e-10	1.3819e-10	3.866e-10	4.5322e-11	1.4813e-10	7.6383e-11	2.2012e-10	7.1662e-11	1.9189e-10	4.2221e-11	2.2611e-10	4.7682e-11	2.7604e-10	5.3013e-11	1.3052e-10	3.1385e-11	3.2443e-10	2.9018e-11	8.6907e-11	2.0712e-11	7.7175e-11	9.1429e-12	8.6972e-11	1.4963e-11	6.7816e-11	1.6938e-11	6.7844e-11	2.5683e-11	4.2636e-11	8.7132e-12	4.3163e-11	6.3009e-12	3.9305e-11	3.5422e-12	3.9322e-11	1.3591e-11	5.8338e-11	3.8387e-11	7.2914e-11	1.3602e-11	2.383e-11	7.3042e-12	6.8192e-11	3.5532e-12	3.9616e-12	2.3984e-12
8.39607	0.068086	0.052261	5.6505e-05	7.342e-06	8.7227e-05	0.00064177	0.0016051	0.012687	7.443e-06	0.0034467	1.6916e-05	0.00012077	2.0454e-05	7.4348e-05	1.2769e-06	8.0066e-06	6.0207e-07	3.8222e-05	1.6384e-06	1.2361e-05	1.8854e-06	7.3597e-06	5.7611e-06	9.9054e-06	7.4627e-06	4.6478e-05	8.8387e-08	1.8189e-06	3.1734e-08	4.1023e-08	3.0496e-09	6.5802e-09	4.1836e-10	2.4557e-09	4.5648e-10	1.2757e-09	4.1512e-10	1.3675e-09	3.0579e-10	7.5279e-10	1.3627e-10	3.8123e-10	4.4691e-11	1.4607e-10	7.532e-11	2.1706e-10	7.0665e-11	1.8922e-10	4.1634e-11	2.2297e-10	4.7021e-11	2.7218e-10	5.2278e-11	1.287e-10	3.0946e-11	3.199e-10	2.8612e-11	8.5692e-11	2.0425e-11	7.6099e-11	9.0161e-12	8.5757e-11	1.4754e-11	6.6869e-11	1.6701e-11	6.6896e-11	2.5324e-11	4.2041e-11	8.5915e-12	4.2561e-11	6.2129e-12	3.8757e-11	3.4928e-12	3.8773e-11	1.3401e-11	5.7525e-11	3.7852e-11	7.1897e-11	1.3412e-11	2.3498e-11	7.2024e-12	6.7241e-11	3.5037e-12	3.907e-12	2.3654e-12
8.51275	0.066472	0.052187	5.586e-05	7.3006e-06	8.6282e-05	0.00063373	0.0016059	0.012649	7.3552e-06	0.0033726	1.668e-05	0.00011891	2.0154e-05	7.3218e-05	1.2639e-06	7.9036e-06	5.9772e-07	3.6451e-05	1.6234e-06	1.2182e-05	1.8622e-06	7.2684e-06	5.6812e-06	9.7686e-06	7.3536e-06	4.5848e-05	8.7652e-08	1.795e-06	3.1304e-08	4.0467e-08	3.0083e-09	6.4909e-09	4.1269e-10	2.4224e-09	4.5029e-10	1.2584e-09	4.095e-10	1.349e-09	3.0165e-10	7.4259e-10	1.3442e-10	3.7606e-10	4.4085e-11	1.4409e-10	7.43e-11	2.1412e-10	6.9708e-11	1.8667e-10	4.1071e-11	2.1996e-10	4.6382e-11	2.6848e-10	5.1566e-11	1.2695e-10	3.0525e-11	3.1554e-10	2.8223e-11	8.4525e-11	2.0147e-11	7.5062e-11	8.8943e-12	8.4589e-11	1.4553e-11	6.596e-11	1.6474e-11	6.5987e-11	2.498e-11	4.1469e-11	8.4746e-12	4.1982e-11	6.1284e-12	3.823e-11	3.4453e-12	3.8246e-11	1.3219e-11	5.6744e-11	3.7338e-11	7.092e-11	1.323e-11	2.3179e-11	7.1046e-12	6.6329e-11	3.4561e-12	3.8546e-12	2.3337e-12
8.63106	0.064938	0.052131	5.5243e-05	7.2621e-06	8.538e-05	0.00062601	0.0016061	0.012596	7.2711e-06	0.0032972	1.6454e-05	0.00011713	1.9866e-05	7.2133e-05	1.2512e-06	7.8051e-06	5.9363e-07	3.4798e-05	1.6087e-06	1.2009e-05	1.8401e-06	7.1809e-06	5.6042e-06	9.6375e-06	7.2489e-06	4.5243e-05	8.6956e-08	1.772e-06	3.0892e-08	3.9934e-08	2.9686e-09	6.4054e-09	4.0725e-10	2.3906e-09	4.4436e-10	1.2419e-09	4.0411e-10	1.3312e-09	2.9768e-10	7.328e-10	1.3265e-10	3.7111e-10	4.3504e-11	1.4219e-10	7.3321e-11	2.113e-10	6.879e-11	1.8421e-10	4.0531e-11	2.1705e-10	4.5767e-11	2.6493e-10	5.0882e-11	1.2527e-10	3.012e-11	3.1137e-10	2.7849e-11	8.3406e-11	1.988e-11	7.4068e-11	8.7764e-12	8.3469e-11	1.436e-11	6.5088e-11	1.6256e-11	6.5114e-11	2.4649e-11	4.0921e-11	8.3625e-12	4.1427e-11	6.0474e-12	3.7725e-11	3.3998e-12	3.7741e-11	1.3044e-11	5.5994e-11	3.6844e-11	6.9984e-11	1.3055e-11	2.2873e-11	7.0112e-12	6.5458e-11	3.4105e-12	3.8044e-12	2.3032e-12
8.75101	0.063479	0.052092	5.4652e-05	7.2263e-06	8.4518e-05	0.0006186	0.0016071	0.012538	7.1907e-06	0.003219	1.6237e-05	0.00011541	1.9589e-05	7.1092e-05	1.2392e-06	7.7107e-06	5.8979e-07	3.3232e-05	1.5947e-06	1.1844e-05	1.8189e-06	7.0971e-06	5.5301e-06	9.5115e-06	7.1479e-06	4.4664e-05	8.6296e-08	1.7499e-06	3.0497e-08	3.9423e-08	2.9305e-09	6.3233e-09	4.0203e-10	2.36e-09	4.3867e-10	1.226e-09	3.9894e-10	1.3142e-09	2.9386e-10	7.2342e-10	1.3095e-10	3.6635e-10	4.2947e-11	1.4037e-10	7.2382e-11	2.086e-10	6.7909e-11	1.8186e-10	4.0013e-11	2.1425e-10	4.5177e-11	2.6152e-10	5.0226e-11	1.2365e-10	2.9733e-11	3.0737e-10	2.7491e-11	8.2332e-11	1.9624e-11	7.3114e-11	8.6632e-12	8.2394e-11	1.4175e-11	6.4251e-11	1.6047e-11	6.4277e-11	2.4333e-11	4.0395e-11	8.2549e-12	4.0895e-11	5.9696e-12	3.724e-11	3.3561e-12	3.7256e-11	1.2877e-11	5.5276e-11	3.6371e-11	6.9086e-11	1.2888e-11	2.2581e-11	6.9222e-12	6.4628e-11	3.3672e-12	3.7562e-12	2.2741e-12
8.87262	0.062093	0.052068	5.4087e-05	7.1935e-06	8.3697e-05	0.00061152	0.0016067	0.012477	7.1141e-06	0.0031408	1.6029e-05	0.00011375	1.9324e-05	7.0095e-05	1.2277e-06	7.6206e-06	5.862e-07	3.1742e-05	1.5814e-06	1.1685e-05	1.7986e-06	7.0168e-06	5.4592e-06	9.3909e-06	7.0509e-06	4.4108e-05	8.5672e-08	1.7288e-06	3.0116e-08	3.8933e-08	2.8941e-09	6.2447e-09	3.9703e-10	2.3307e-09	4.3322e-10	1.2108e-09	3.9398e-10	1.2979e-09	2.9021e-10	7.1443e-10	1.2932e-10	3.618e-10	4.2413e-11	1.3863e-10	7.1483e-11	2.0601e-10	6.7066e-11	1.7958e-10	3.9513e-11	2.1157e-10	4.4612e-11	2.5826e-10	4.9598e-11	1.2211e-10	2.9361e-11	3.0353e-10	2.7148e-11	8.1303e-11	1.9379e-11	7.22e-11	8.5548e-12	8.1365e-11	1.3998e-11	6.3449e-11	1.5847e-11	6.3475e-11	2.4029e-11	3.9891e-11	8.1519e-12	4.0385e-11	5.8952e-12	3.6776e-11	3.3143e-12	3.6792e-11	1.2716e-11	5.4596e-11	3.5922e-11	6.8235e-11	1.2728e-11	2.2303e-11	6.837e-12	6.3832e-11	3.3257e-12	3.7101e-12	2.2462e-12
8.99593	0.060776	0.05206	5.3715e-05	7.1635e-06	8.2914e-05	0.00060475	0.0016045	0.012414	7.0409e-06	0.0030643	1.5831e-05	0.00011215	1.907e-05	6.9135e-05	1.2168e-06	7.5344e-06	5.8286e-07	3.0337e-05	1.5689e-06	1.1534e-05	1.7792e-06	6.9398e-06	5.3911e-06	9.275e-06	6.9578e-06	4.3577e-05	8.5082e-08	1.7087e-06	2.9752e-08	3.8462e-08	2.8591e-09	6.1694e-09	3.9224e-10	2.3025e-09	4.28e-10	1.1961e-09	3.8924e-10	1.2822e-09	2.8671e-10	7.0582e-10	1.2776e-10	3.5744e-10	4.1902e-11	1.3696e-10	7.0622e-11	2.0353e-10	6.6258e-11	1.774e-10	3.9032e-11	2.09e-10	4.4071e-11	2.5514e-10	4.8997e-11	1.2063e-10	2.9005e-11	2.9986e-10	2.6819e-11	8.0318e-11	1.9144e-11	7.1325e-11	8.451e-12	8.038e-11	1.3828e-11	6.2681e-11	1.5655e-11	6.2707e-11	2.3738e-11	3.9408e-11	8.0533e-12	3.9898e-11	5.8239e-12	3.6335e-11	3.2745e-12	3.6353e-11	1.2564e-11	5.3944e-11	3.5493e-11	6.742e-11	1.2576e-11	2.2036e-11	6.7554e-12	6.3071e-11	3.2861e-12	3.6659e-12	2.2194e-12
9.12095	0.059525	0.052069	5.3192e-05	7.1362e-06	8.2166e-05	0.00059806	0.001602	0.012346	6.9711e-06	0.0029832	1.564e-05	0.00011061	1.8827e-05	6.82e-05	1.2065e-06	7.4501e-06	5.7977e-07	2.9009e-05	1.557e-06	1.1385e-05	1.7607e-06	6.8662e-06	5.3259e-06	9.1637e-06	6.8686e-06	4.3067e-05	8.4528e-08	1.6894e-06	2.9404e-08	3.8011e-08	2.8257e-09	6.0974e-09	3.8766e-10	2.2753e-09	4.23e-10	1.182e-09	3.8466e-10	1.2672e-09	2.8337e-10	6.9758e-10	1.2627e-10	3.5327e-10	4.1413e-11	1.3536e-10	6.9798e-11	2.0113e-10	6.5485e-11	1.7531e-10	3.8573e-11	2.0654e-10	4.3553e-11	2.5216e-10	4.8421e-11	1.1922e-10	2.8665e-11	2.9635e-10	2.6505e-11	7.9375e-11	1.8919e-11	7.0487e-11	8.3517e-12	7.9437e-11	1.3666e-11	6.1951e-11	1.5471e-11	6.198e-11	2.3463e-11	3.895e-11	7.9589e-12	3.9437e-11	5.7564e-12	3.5914e-11	3.2367e-12	3.5932e-11	1.2419e-11	5.332e-11	3.5083e-11	6.6641e-11	1.2431e-11	2.1782e-11	6.6774e-12	6.2343e-11	3.2481e-12	3.6237e-12	2.1939e-12
9.2477	0.058338	0.052092	5.2695e-05	7.1118e-06	8.1457e-05	0.00059162	0.0015989	0.012275	6.9048e-06	0.0029033	1.5458e-05	0.00010914	1.8594e-05	6.7304e-05	1.1968e-06	7.3698e-06	5.7692e-07	2.7754e-05	1.5459e-06	1.1243e-05	1.743e-06	6.796e-06	5.2635e-06	9.0573e-06	6.7831e-06	4.2578e-05	8.401e-08	1.671e-06	2.9071e-08	3.758e-08	2.7938e-09	6.0286e-09	3.8329e-10	2.2494e-09	4.1822e-10	1.1685e-09	3.8028e-10	1.2527e-09	2.8017e-10	6.8971e-10	1.2484e-10	3.4927e-10	4.0946e-11	1.3382e-10	6.9007e-11	1.9884e-10	6.4739e-11	1.7332e-10	3.8134e-11	2.042e-10	4.3058e-11	2.4933e-10	4.7871e-11	1.1786e-10	2.834e-11	2.9303e-10	2.6205e-11	7.8474e-11	1.8704e-11	6.9687e-11	8.2567e-12	7.8535e-11	1.3511e-11	6.1258e-11	1.5298e-11	6.1286e-11	2.32e-11	3.8514e-11	7.8697e-12	3.8995e-11	5.692e-12	3.5513e-11	3.2005e-12	3.553e-11	1.228e-11	5.2725e-11	3.4691e-11	6.5896e-11	1.2292e-11	2.1538e-11	6.6029e-12	6.1647e-11	3.2118e-12	3.5833e-12	2.1695e-12
9.37622	0.057213	0.05213	5.2222e-05	7.1128e-06	8.0785e-05	0.00058542	0.0015949	0.012204	6.8419e-06	0.0028221	1.5285e-05	0.00010773	1.8371e-05	6.6448e-05	1.1876e-06	7.2933e-06	5.7431e-07	2.6563e-05	1.5355e-06	1.1107e-05	1.7262e-06	6.7291e-06	5.2039e-06	8.9557e-06	6.7013e-06	4.2112e-05	8.3528e-08	1.6535e-06	2.8753e-08	3.7169e-08	2.7633e-09	5.9626e-09	3.7909e-10	2.2247e-09	4.1361e-10	1.1556e-09	3.7609e-10	1.239e-09	2.7708e-10	6.8211e-10	1.2348e-10	3.4543e-10	4.0495e-11	1.3234e-10	6.8247e-11	1.9665e-10	6.4026e-11	1.7141e-10	3.7715e-11	2.0196e-10	4.2586e-11	2.4664e-10	4.7346e-11	1.1659e-10	2.8029e-11	2.8987e-10	2.5922e-11	7.7615e-11	1.8499e-11	6.8923e-11	8.1661e-12	7.7682e-11	1.3363e-11	6.0596e-11	1.5132e-11	6.0624e-11	2.295e-11	3.8098e-11	7.7847e-12	3.8575e-11	5.6305e-12	3.513e-11	3.1659e-12	3.5147e-11	1.2148e-11	5.2156e-11	3.4317e-11	6.5186e-11	1.2159e-11	2.1306e-11	6.5318e-12	6.0983e-11	3.1772e-12	3.5448e-12	2.1462e-12
9.50653	0.056146	0.052182	5.1772e-05	7.0937e-06	8.015e-05	0.00057948	0.0015902	0.012118	6.7818e-06	0.0027418	1.5119e-05	0.00010638	1.8159e-05	6.563e-05	1.179e-06	7.2206e-06	5.7194e-07	2.5438e-05	1.5258e-06	1.0978e-05	1.7101e-06	6.6655e-06	5.1469e-06	8.8586e-06	6.6231e-06	4.1667e-05	8.3081e-08	1.6368e-06	2.8449e-08	3.6777e-08	2.7343e-09	5.8992e-09	3.7506e-10	2.2011e-09	4.0921e-10	1.1434e-09	3.721e-10	1.2258e-09	2.7414e-10	6.7485e-10	1.2217e-10	3.4175e-10	4.0064e-11	1.3094e-10	6.7521e-11	1.9456e-10	6.3345e-11	1.6959e-10	3.7315e-11	1.9982e-10	4.2135e-11	2.4407e-10	4.6845e-11	1.1537e-10	2.7737e-11	2.8685e-10	2.5652e-11	7.6805e-11	1.8303e-11	6.8197e-11	8.0796e-12	7.6871e-11	1.3223e-11	5.9965e-11	1.4975e-11	5.9993e-11	2.2711e-11	3.7701e-11	7.7036e-12	3.8173e-11	5.5719e-12	3.4764e-11	3.133e-12	3.4782e-11	1.2021e-11	5.1614e-11	3.396e-11	6.4508e-11	1.2033e-11	2.1085e-11	6.464e-12	6.035e-11	3.1442e-12	3.5081e-12	2.1239e-12
9.63864	0.055135	0.052247	5.1346e-05	7.0766e-06	7.9551e-05	0.00057379	0.0015849	0.012032	6.7249e-06	0.0026626	1.4961e-05	0.00010509	1.7956e-05	6.4848e-05	1.1709e-06	7.1515e-06	5.6981e-07	2.4378e-05	1.5167e-06	1.0854e-05	1.6949e-06	6.6051e-06	5.1091e-06	8.7661e-06	6.5483e-06	4.1243e-05	8.2668e-08	1.6208e-06	2.816e-08	3.6403e-08	2.7062e-09	5.8387e-09	3.7122e-10	2.1786e-09	4.0502e-10	1.1317e-09	3.6829e-10	1.2132e-09	2.7133e-10	6.6794e-10	1.2091e-10	3.3825e-10	3.9654e-11	1.296e-10	6.6829e-11	1.9257e-10	6.2697e-11	1.6786e-10	3.6934e-11	1.9778e-10	4.1708e-11	2.4162e-10	4.6373e-11	1.1421e-10	2.7458e-11	2.8397e-10	2.5394e-11	7.6034e-11	1.8117e-11	6.7511e-11	7.9972e-12	7.61e-11	1.309e-11	5.9364e-11	1.4824e-11	5.9392e-11	2.2483e-11	3.7324e-11	7.6264e-12	3.7791e-11	5.5161e-12	3.4416e-11	3.1016e-12	3.4434e-11	1.1901e-11	5.1098e-11	3.362e-11	6.3863e-11	1.1913e-11	2.0874e-11	6.3994e-12	5.9748e-11	3.1128e-12	3.4732e-12	2.1028e-12
9.7726	0.054178	0.052323	5.0942e-05	7.0622e-06	7.8988e-05	0.00056835	0.0015796	0.011943	6.6711e-06	0.0025828	1.4809e-05	0.00010386	1.7762e-05	6.4102e-05	1.1633e-06	7.086e-06	5.6788e-07	2.3384e-05	1.5083e-06	1.0737e-05	1.6805e-06	6.5478e-06	5.0572e-06	8.6779e-06	6.4769e-06	4.0839e-05	8.229e-08	1.6057e-06	2.7886e-08	3.6047e-08	2.6795e-09	5.7812e-09	3.6756e-10	2.1571e-09	4.0103e-10	1.1206e-09	3.6467e-10	1.2013e-09	2.6866e-10	6.6136e-10	1.1972e-10	3.3492e-10	3.9263e-11	1.2832e-10	6.6171e-11	1.9068e-10	6.208e-11	1.6621e-10	3.6571e-11	1.9585e-10	4.1305e-11	2.393e-10	4.5925e-11	1.1311e-10	2.7193e-11	2.8124e-10	2.515e-11	7.53e-11	1.7942e-11	6.686e-11	7.9196e-12	7.5366e-11	1.2964e-11	5.8793e-11	1.4682e-11	5.882e-11	2.2267e-11	3.6965e-11	7.5529e-12	3.7427e-11	5.463e-12	3.4085e-11	3.0718e-12	3.4103e-11	1.1787e-11	5.0608e-11	3.3297e-11	6.325e-11	1.1798e-11	2.0674e-11	6.338e-12	5.9175e-11	3.083e-12	3.4399e-12	2.0827e-12
9.90841	0.053273	0.052407	5.0561e-05	7.0506e-06	7.846e-05	0.00056315	0.0015733	0.011843	6.6204e-06	0.0025028	1.4666e-05	0.00010268	1.7576e-05	6.3392e-05	1.1562e-06	7.0241e-06	5.6618e-07	2.2441e-05	1.5005e-06	1.0625e-05	1.6669e-06	6.4936e-06	5.0071e-06	8.594e-06	6.4298e-06	4.0455e-05	8.2216e-08	1.5913e-06	2.7624e-08	3.5709e-08	2.6541e-09	5.7265e-09	3.6408e-10	2.1368e-09	3.9724e-10	1.11e-09	3.6122e-10	1.19e-09	2.6612e-10	6.5511e-10	1.1859e-10	3.3175e-10	3.8892e-11	1.2711e-10	6.5546e-11	1.8888e-10	6.1493e-11	1.6464e-10	3.6226e-11	1.9404e-10	4.0922e-11	2.3709e-10	4.55e-11	1.1207e-10	2.6942e-11	2.7864e-10	2.4917e-11	7.4603e-11	1.7776e-11	6.6241e-11	7.8462e-12	7.4669e-11	1.2844e-11	5.825e-11	1.4546e-11	5.8278e-11	2.2061e-11	3.6623e-11	7.4832e-12	3.7082e-11	5.4126e-12	3.3771e-11	3.0435e-12	3.3788e-11	1.1678e-11	5.0141e-11	3.2991e-11	6.2667e-11	1.1689e-11	2.0483e-11	6.2797e-12	5.863e-11	3.0546e-12	3.4084e-12	2.0636e-12
10.0461	0.052418	0.052503	5.0202e-05	7.0418e-06	7.7967e-05	0.00055822	0.0015662	0.011744	6.5728e-06	0.0024234	1.4529e-05	0.00010157	1.74e-05	6.2715e-05	1.1496e-06	6.9656e-06	5.6473e-07	2.154e-05	1.4934e-06	1.0518e-05	1.6541e-06	6.4637e-06	4.9595e-06	8.5426e-06	6.3642e-06	4.0092e-05	8.1905e-08	1.5776e-06	2.7376e-08	3.5389e-08	2.6301e-09	5.6746e-09	3.6078e-10	2.1175e-09	3.9364e-10	1.1e-09	3.5796e-10	1.1792e-09	2.6371e-10	6.4918e-10	1.1751e-10	3.2875e-10	3.854e-11	1.2596e-10	6.4952e-11	1.8717e-10	6.0937e-11	1.6317e-10	3.5902e-11	1.9232e-10	4.0559e-11	2.35e-10	4.5096e-11	1.1108e-10	2.6703e-11	2.7618e-10	2.4697e-11	7.3943e-11	1.7618e-11	6.5654e-11	7.7766e-12	7.4009e-11	1.273e-11	5.7735e-11	1.4418e-11	5.7763e-11	2.1866e-11	3.63e-11	7.4171e-12	3.6755e-11	5.3648e-12	3.3473e-11	3.0166e-12	3.349e-11	1.1575e-11	4.97e-11	3.27e-11	6.2116e-11	1.1586e-11	2.0303e-11	6.2245e-12	5.8115e-11	3.0277e-12	3.3785e-12	2.0455e-12
10.1857	0.051611	0.052611	4.9865e-05	7.0356e-06	7.7766e-05	0.00055353	0.0015584	0.011633	6.5281e-06	0.0023454	1.44e-05	0.0001005	1.7233e-05	6.2072e-05	1.1435e-06	6.9105e-06	5.635e-07	2.0697e-05	1.4868e-06	1.0417e-05	1.642e-06	6.415e-06	4.9142e-06	8.4669e-06	6.3015e-06	3.9747e-05	8.162e-08	1.5648e-06	2.7137e-08	3.5083e-08	2.6072e-09	5.6254e-09	3.5766e-10	2.0993e-09	3.9023e-10	1.0906e-09	3.5486e-10	1.169e-09	2.6142e-10	6.4355e-10	1.165e-10	3.259e-10	3.8206e-11	1.2487e-10	6.439e-11	1.8555e-10	6.0409e-11	1.6179e-10	3.5598e-11	1.9069e-10	4.0216e-11	2.3301e-10	4.4715e-11	1.1014e-10	2.6478e-11	2.7385e-10	2.4488e-11	7.3318e-11	1.7469e-11	6.5099e-11	7.7107e-12	7.3383e-11	1.2623e-11	5.7249e-11	1.4296e-11	5.7276e-11	2.1682e-11	3.5994e-11	7.3545e-12	3.6445e-11	5.3196e-12	3.3191e-11	2.9912e-12	3.3208e-11	1.1478e-11	4.9282e-11	3.2425e-11	6.1593e-11	1.1489e-11	2.0132e-11	6.1722e-12	5.7626e-11	3.0023e-12	3.3502e-12	2.0284e-12
10.3273	0.050849	0.052729	4.9555e-05	7.0323e-06	7.7336e-05	0.00054897	0.00155	0.011515	6.4864e-06	0.0022686	1.4278e-05	9.9486e-05	1.7074e-05	6.1462e-05	1.1379e-06	6.8588e-06	5.6251e-07	1.9896e-05	1.481e-06	1.0322e-05	1.6361e-06	6.3688e-06	4.8712e-06	8.3945e-06	6.242e-06	3.9554e-05	8.1366e-08	1.5527e-06	2.7002e-08	3.4909e-08	2.5944e-09	5.5977e-09	3.5589e-10	2.0893e-09	3.8831e-10	1.0854e-09	3.5315e-10	1.1633e-09	2.6013e-10	6.4038e-10	1.1592e-10	3.243e-10	3.8018e-11	1.2425e-10	6.4073e-11	1.8466e-10	6.0112e-11	1.6102e-10	3.5428e-11	1.8978e-10	4.0025e-11	2.3192e-10	4.4503e-11	1.0962e-10	2.6353e-11	2.7256e-10	2.4373e-11	7.2972e-11	1.7386e-11	6.4791e-11	7.6741e-12	7.3038e-11	1.2563e-11	5.698e-11	1.4229e-11	5.7007e-11	2.158e-11	3.5825e-11	7.3199e-12	3.6274e-11	5.2946e-12	3.3036e-11	2.9772e-12	3.3053e-11	1.1424e-11	4.9051e-11	3.2273e-11	6.1305e-11	1.1435e-11	2.0038e-11	6.1434e-12	5.7358e-11	2.9883e-12	3.3347e-12	2.019e-12
10.4708	0.050126	0.052858	4.9267e-05	7.0316e-06	7.6933e-05	0.00054461	0.0015411	0.011393	6.4476e-06	0.002191	1.4162e-05	9.8521e-05	1.6924e-05	6.0881e-05	1.1327e-06	6.8102e-06	5.6174e-07	1.9149e-05	1.4757e-06	1.0231e-05	1.6255e-06	6.3253e-06	4.8305e-06	8.3257e-06	6.1854e-06	3.9244e-05	8.1145e-08	1.5413e-06	2.6789e-08	3.4633e-08	2.574e-09	5.5537e-09	3.531e-10	2.0732e-09	3.8527e-10	1.077e-09	3.5043e-10	1.1544e-09	2.5809e-10	6.3536e-10	1.1501e-10	3.2176e-10	3.7719e-11	1.2329e-10	6.3572e-11	1.8324e-10	5.9647e-11	1.5978e-10	3.5156e-11	1.8833e-10	3.9719e-11	2.3015e-10	4.4163e-11	1.0878e-10	2.6152e-11	2.7049e-10	2.4187e-11	7.2415e-11	1.7253e-11	6.4296e-11	7.6154e-12	7.248e-11	1.2467e-11	5.6546e-11	1.412e-11	5.6573e-11	2.1416e-11	3.5552e-11	7.2641e-12	3.5998e-11	5.2543e-12	3.2785e-11	2.9546e-12	3.2802e-11	1.1337e-11	4.8679e-11	3.2028e-11	6.0839e-11	1.1348e-11	1.9886e-11	6.0968e-12	5.6923e-11	2.9656e-12	3.309e-12	2.0032e-12
10.6163	0.049445	0.052996	4.9e-05	7.0337e-06	7.6562e-05	0.00054044	0.001532	0.011266	6.4335e-06	0.0021144	1.4054e-05	9.7606e-05	1.6782e-05	6.0329e-05	1.1281e-06	6.7645e-06	5.6121e-07	1.843e-05	1.4711e-06	1.0145e-05	1.6154e-06	6.2847e-06	4.7921e-06	8.2608e-06	6.1318e-06	3.895e-05	8.0956e-08	1.5306e-06	2.6589e-08	3.4373e-08	2.5548e-09	5.5124e-09	3.5047e-10	2.0581e-09	3.8245e-10	1.0692e-09	3.4788e-10	1.1459e-09	2.562e-10	6.3069e-10	1.1415e-10	3.194e-10	3.7442e-11	1.2239e-10	6.3108e-11	1.8191e-10	5.9211e-11	1.5862e-10	3.4901e-11	1.8696e-10	3.9431e-11	2.2849e-10	4.3843e-11	1.08e-10	2.5962e-11	2.6854e-10	2.4013e-11	7.1891e-11	1.7128e-11	6.383e-11	7.5601e-12	7.1956e-11	1.2377e-11	5.6138e-11	1.4018e-11	5.6165e-11	2.1262e-11	3.5296e-11	7.2117e-12	3.5739e-11	5.2164e-12	3.2548e-11	2.9333e-12	3.2565e-11	1.1255e-11	4.8329e-11	3.1797e-11	6.0402e-11	1.1267e-11	1.9743e-11	6.053e-12	5.6514e-11	2.9443e-12	3.2843e-12	1.9882e-12
10.7639	0.048806	0.053143	4.8753e-05	7.0386e-06	7.6224e-05	0.00053648	0.001522	0.011135	6.4003e-06	0.0020399	1.3952e-05	9.674e-05	1.6648e-05	5.9808e-05	1.124e-06	6.7219e-06	5.6091e-07	1.7744e-05	1.4671e-06	1.0064e-05	1.606e-06	6.2468e-06	4.7559e-06	8.1996e-06	6.0811e-06	3.8673e-05	8.08e-08	1.5258e-06	2.6401e-08	3.413e-08	2.5367e-09	5.4743e-09	3.4805e-10	2.044e-09	3.7981e-10	1.0619e-09	3.4548e-10	1.1381e-09	2.5443e-10	6.2634e-10	1.1336e-10	3.172e-10	3.7184e-11	1.2155e-10	6.2672e-11	1.8066e-10	5.8803e-11	1.5753e-10	3.4661e-11	1.8568e-10	3.9161e-11	2.2693e-10	4.3543e-11	1.0726e-10	2.5785e-11	2.6671e-10	2.3849e-11	7.14e-11	1.7011e-11	6.3394e-11	7.5083e-12	7.1465e-11	1.2292e-11	5.5755e-11	1.3923e-11	5.5783e-11	2.1117e-11	3.5055e-11	7.1625e-12	3.5496e-11	5.1809e-12	3.2327e-11	2.9133e-12	3.2344e-11	1.1179e-11	4.8001e-11	3.1582e-11	5.9992e-11	1.119e-11	1.9609e-11	6.012e-12	5.6131e-11	2.9243e-12	3.2612e-12	1.9742e-12
10.9134	0.048207	0.053299	4.8525e-05	7.0471e-06	7.5918e-05	0.0005327	0.0015115	0.010999	6.369e-06	0.0019655	1.3904e-05	9.5922e-05	1.6522e-05	5.9317e-05	1.1203e-06	6.6824e-06	5.6277e-07	1.7099e-05	1.4637e-06	9.988e-06	1.5973e-06	6.2116e-06	4.7217e-06	8.1422e-06	6.0331e-06	3.8413e-05	8.0676e-08	1.5165e-06	2.6224e-08	3.3901e-08	2.5201e-09	5.4386e-09	3.4579e-10	2.0307e-09	3.7734e-10	1.055e-09	3.4324e-10	1.1307e-09	2.5277e-10	6.2227e-10	1.1262e-10	3.1514e-10	3.6942e-11	1.2076e-10	6.2265e-11	1.7948e-10	5.8421e-11	1.5651e-10	3.4437e-11	1.8448e-10	3.8909e-11	2.2548e-10	4.3262e-11	1.0657e-10	2.5619e-11	2.65e-10	2.3696e-11	7.094e-11	1.6901e-11	6.2986e-11	7.4599e-12	7.1005e-11	1.2213e-11	5.5398e-11	1.3833e-11	5.5425e-11	2.0981e-11	3.4831e-11	7.1166e-12	3.5268e-11	5.1477e-12	3.212e-11	2.8947e-12	3.2137e-11	1.1107e-11	4.7694e-11	3.138e-11	5.9608e-11	1.1119e-11	1.9484e-11	5.973e-12	5.5764e-11	2.9056e-12	3.2394e-12	1.9611e-12
11.0651	0.047647	0.053465	4.8319e-05	7.0585e-06	7.5644e-05	0.00052914	0.0015011	0.010856	6.3406e-06	0.0018927	1.3813e-05	9.5152e-05	1.646e-05	5.8855e-05	1.121e-06	6.6461e-06	5.6293e-07	1.648e-05	1.4609e-06	9.9168e-06	1.5893e-06	6.1792e-06	4.6898e-06	8.0885e-06	5.9881e-06	3.8172e-05	8.0587e-08	1.5077e-06	2.6059e-08	3.3688e-08	2.5047e-09	5.4055e-09	3.4368e-10	2.0184e-09	3.7504e-10	1.0486e-09	3.4116e-10	1.1238e-09	2.5123e-10	6.1848e-10	1.1194e-10	3.1322e-10	3.6717e-11	1.2003e-10	6.1886e-11	1.7839e-10	5.8066e-11	1.5556e-10	3.4228e-11	1.8337e-10	3.8674e-11	2.2413e-10	4.3002e-11	1.0593e-10	2.5465e-11	2.6341e-10	2.3553e-11	7.0514e-11	1.68e-11	6.2607e-11	7.4149e-12	7.0579e-11	1.214e-11	5.5066e-11	1.375e-11	5.5093e-11	2.0856e-11	3.4622e-11	7.0739e-12	3.5057e-11	5.1169e-12	3.1928e-11	2.8774e-12	3.1945e-11	1.1041e-11	4.7407e-11	3.1192e-11	5.9251e-11	1.1052e-11	1.9365e-11	5.9356e-12	5.5415e-11	2.8874e-12	3.2192e-12	1.9488e-12
11.2189	0.047124	0.053636	4.8131e-05	7.0727e-06	7.5401e-05	0.00052576	0.001489	0.010706	6.3148e-06	0.0018215	1.3728e-05	9.4428e-05	1.6348e-05	5.8421e-05	1.1183e-06	6.6127e-06	5.6325e-07	1.589e-05	1.4639e-06	9.8503e-06	1.582e-06	6.1493e-06	4.6602e-06	8.0383e-06	5.9457e-06	3.7946e-05	8.0528e-08	1.4996e-06	2.5906e-08	3.349e-08	2.4904e-09	5.3747e-09	3.4172e-10	2.007e-09	3.7291e-10	1.0426e-09	3.3922e-10	1.1174e-09	2.498e-10	6.1496e-10	1.113e-10	3.1144e-10	3.6508e-11	1.1934e-10	6.1534e-11	1.7738e-10	5.7736e-11	1.5468e-10	3.4035e-11	1.8233e-10	3.8456e-11	2.2287e-10	4.2759e-11	1.0534e-10	2.5322e-11	2.6193e-10	2.3421e-11	7.0118e-11	1.6705e-11	6.2254e-11	7.373e-12	7.0182e-11	1.2071e-11	5.4758e-11	1.3673e-11	5.4785e-11	2.0739e-11	3.4428e-11	7.0342e-12	3.4861e-11	5.0883e-12	3.175e-11	2.8613e-12	3.1765e-11	1.0979e-11	4.7128e-11	3.1011e-11	5.8903e-11	1.0988e-11	1.9251e-11	5.9008e-12	5.509e-11	2.8705e-12	3.2004e-12	1.9374e-12
11.3748	0.046637	0.053796	4.7963e-05	7.0897e-06	7.5189e-05	0.00052259	0.0014761	0.010554	6.2917e-06	0.0017522	1.365e-05	9.3749e-05	1.6243e-05	5.8016e-05	1.116e-06	6.5824e-06	5.6381e-07	1.5327e-05	1.4623e-06	9.7883e-06	1.5753e-06	6.1221e-06	4.633e-06	7.9917e-06	5.9063e-06	3.7738e-05	8.0502e-08	1.4921e-06	2.5765e-08	3.3307e-08	2.4772e-09	5.3463e-09	3.3992e-10	1.9964e-09	3.7094e-10	1.0372e-09	3.3743e-10	1.1115e-09	2.4849e-10	6.1172e-10	1.1071e-10	3.098e-10	3.6315e-11	1.1872e-10	6.121e-11	1.7645e-10	5.7432e-11	1.5387e-10	3.3856e-11	1.8138e-10	3.8255e-11	2.2172e-10	4.2536e-11	1.0479e-10	2.519e-11	2.6057e-10	2.3299e-11	6.9752e-11	1.6618e-11	6.193e-11	7.3345e-12	6.9817e-11	1.2009e-11	5.4473e-11	1.3602e-11	5.4501e-11	2.0631e-11	3.425e-11	6.9977e-12	3.4677e-11	5.0619e-12	3.1578e-11	2.8458e-12	3.1591e-11	1.0919e-11	4.6871e-11	3.0841e-11	5.8581e-11	1.0928e-11	1.9146e-11	5.8685e-12	5.4789e-11	2.8548e-12	3.183e-12	1.9269e-12
11.5329	0.046185	0.053962	4.7813e-05	7.1094e-06	7.5008e-05	0.00051958	0.0014627	0.010401	6.2712e-06	0.0016841	1.3577e-05	9.3443e-05	1.6145e-05	5.7637e-05	1.1141e-06	6.5549e-06	5.646e-07	1.4792e-05	1.4612e-06	9.7309e-06	1.5693e-06	6.0974e-06	4.6077e-06	7.9486e-06	5.87e-06	3.7546e-05	8.0513e-08	1.4852e-06	2.5638e-08	3.3139e-08	2.4651e-09	5.3202e-09	3.3826e-10	1.9867e-09	3.6913e-10	1.0321e-09	3.3579e-10	1.1061e-09	2.4727e-10	6.0873e-10	1.1017e-10	3.0828e-10	3.6138e-11	1.1814e-10	6.0911e-11	1.7559e-10	5.7152e-11	1.5312e-10	3.3692e-11	1.805e-10	3.8071e-11	2.2063e-10	4.2331e-11	1.0429e-10	2.5069e-11	2.5931e-10	2.3188e-11	6.9417e-11	1.6537e-11	6.1631e-11	7.2991e-12	6.9482e-11	1.1951e-11	5.4204e-11	1.3537e-11	5.4227e-11	2.0528e-11	3.4079e-11	6.9642e-12	3.45e-11	5.0362e-12	3.1417e-11	2.8313e-12	3.1431e-11	1.0864e-11	4.6633e-11	3.0684e-11	5.8283e-11	1.0873e-11	1.9049e-11	5.8388e-12	5.4511e-11	2.8403e-12	3.167e-12	1.9173e-12
11.6932	0.045768	0.054135	4.7683e-05	7.1321e-06	7.4858e-05	0.00051673	0.0014491	0.010246	6.2533e-06	0.0016176	1.351e-05	9.285e-05	1.6054e-05	5.7286e-05	1.1126e-06	6.5303e-06	5.6562e-07	1.428e-05	1.4607e-06	9.6779e-06	1.564e-06	6.0761e-06	4.5844e-06	7.9092e-06	5.8362e-06	3.737e-05	8.0562e-08	1.479e-06	2.5522e-08	3.2989e-08	2.454e-09	5.2964e-09	3.3674e-10	1.9779e-09	3.6748e-10	1.0275e-09	3.343e-10	1.1012e-09	2.4617e-10	6.0601e-10	1.0968e-10	3.0691e-10	3.5976e-11	1.1761e-10	6.0639e-11	1.7481e-10	5.6897e-11	1.5244e-10	3.3542e-11	1.7971e-10	3.7903e-11	2.196e-10	4.2144e-11	1.0383e-10	2.4959e-11	2.5809e-10	2.3084e-11	6.9111e-11	1.6464e-11	6.136e-11	7.2668e-12	6.9176e-11	1.1898e-11	5.395e-11	1.3474e-11	5.3973e-11	2.0432e-11	3.3919e-11	6.9315e-12	3.4339e-11	5.0126e-12	3.127e-11	2.8181e-12	3.1284e-11	1.0813e-11	4.6415e-11	3.0541e-11	5.8011e-11	1.0822e-11	1.896e-11	5.8116e-12	5.4258e-11	2.8271e-12	3.1526e-12	1.9087e-12
11.8557	0.045382	0.054381	4.7571e-05	7.1575e-06	7.4749e-05	0.00051563	0.0014351	0.010088	6.238e-06	0.0015525	1.3449e-05	9.2289e-05	1.597e-05	5.7164e-05	1.1116e-06	6.5318e-06	5.6688e-07	1.3789e-05	1.4608e-06	9.6637e-06	1.5593e-06	6.0573e-06	4.5631e-06	7.874e-06	5.805e-06	3.7211e-05	8.0644e-08	1.4734e-06	2.5417e-08	3.2853e-08	2.444e-09	5.2748e-09	3.3537e-10	1.9699e-09	3.6598e-10	1.0234e-09	3.3294e-10	1.0967e-09	2.4516e-10	6.0354e-10	1.0923e-10	3.0566e-10	3.583e-11	1.1713e-10	6.0392e-11	1.741e-10	5.6665e-11	1.5183e-10	3.3407e-11	1.7898e-10	3.7751e-11	2.1866e-10	4.1975e-11	1.0338e-10	2.4858e-11	2.5698e-10	2.2984e-11	6.8833e-11	1.6398e-11	6.1114e-11	7.2376e-12	6.8887e-11	1.1851e-11	5.3719e-11	1.3417e-11	5.3742e-11	2.0344e-11	3.3774e-11	6.9018e-12	3.4192e-11	4.9912e-12	3.1136e-11	2.8061e-12	3.115e-11	1.0767e-11	4.6217e-11	3.0411e-11	5.7764e-11	1.0776e-11	1.8879e-11	5.7869e-12	5.4027e-11	2.815e-12	3.1398e-12	1.9009e-12
12.0204	0.045029	0.054569	4.7478e-05	7.1859e-06	7.4669e-05	0.00051312	0.0014203	0.0099209	6.2253e-06	0.001489	1.3394e-05	9.1768e-05	1.5893e-05	5.686e-05	1.1111e-06	6.5125e-06	5.6837e-07	1.3313e-05	1.4615e-06	9.6188e-06	1.5554e-06	6.0409e-06	4.5436e-06	7.842e-06	5.7762e-06	3.7071e-05	8.0757e-08	1.4685e-06	2.5322e-08	3.273e-08	2.435e-09	5.2554e-09	3.3414e-10	1.9627e-09	3.6464e-10	1.0196e-09	3.3172e-10	1.0927e-09	2.4426e-10	6.0133e-10	1.0883e-10	3.0454e-10	3.5698e-11	1.167e-10	6.0171e-11	1.7346e-10	5.6458e-11	1.5128e-10	3.3286e-11	1.7834e-10	3.7614e-11	2.1781e-10	4.1824e-11	1.0298e-10	2.4761e-11	2.5598e-10	2.2895e-11	6.8565e-11	1.6339e-11	6.0887e-11	7.2114e-12	6.8618e-11	1.1805e-11	5.351e-11	1.3364e-11	5.3533e-11	2.0265e-11	3.3643e-11	6.875e-12	3.4059e-11	4.9718e-12	3.1016e-11	2.7952e-12	3.103e-11	1.0725e-11	4.6039e-11	3.0293e-11	5.7541e-11	1.0734e-11	1.8806e-11	5.7646e-12	5.3819e-11	2.8042e-12	3.1283e-12	1.894e-12
12.1875	0.044707	0.054772	4.7404e-05	7.2172e-06	7.4619e-05	0.00051062	0.0014057	0.0097445	6.2152e-06	0.0014273	1.3344e-05	9.1289e-05	1.5823e-05	5.6578e-05	1.111e-06	6.4955e-06	5.701e-07	1.2861e-05	1.4628e-06	9.5774e-06	1.5522e-06	6.0271e-06	4.526e-06	7.8133e-06	5.7499e-06	3.6948e-05	8.0904e-08	1.4641e-06	2.5238e-08	3.2622e-08	2.427e-09	5.2382e-09	3.3304e-10	1.9563e-09	3.6345e-10	1.0163e-09	3.3065e-10	1.0892e-09	2.4347e-10	5.9936e-10	1.0847e-10	3.0354e-10	3.5582e-11	1.1632e-10	5.9974e-11	1.729e-10	5.6274e-11	1.5079e-10	3.3178e-11	1.7776e-10	3.7489e-11	2.1705e-10	4.168e-11	1.0262e-10	2.4674e-11	2.5509e-10	2.2815e-11	6.8325e-11	1.6285e-11	6.0674e-11	7.1882e-12	6.8378e-11	1.1763e-11	5.3324e-11	1.3318e-11	5.3347e-11	2.0195e-11	3.3525e-11	6.851e-12	3.3941e-11	4.9545e-12	3.0908e-11	2.7855e-12	3.0922e-11	1.0688e-11	4.5879e-11	3.0188e-11	5.7342e-11	1.0697e-11	1.8741e-11	5.7452e-12	5.3639e-11	2.7946e-12	3.118e-12	1.8878e-12
12.3569	0.044415	0.05498	4.7347e-05	7.2514e-06	7.4599e-05	0.0005083	0.0013896	0.0095731	6.2081e-06	0.0013679	1.33e-05	9.085e-05	1.576e-05	5.6321e-05	1.1114e-06	6.4813e-06	5.7206e-07	1.2418e-05	1.4647e-06	9.5402e-06	1.5496e-06	6.0156e-06	4.5102e-06	7.7878e-06	5.7259e-06	3.6839e-05	8.1082e-08	1.4604e-06	2.5165e-08	3.2526e-08	2.42e-09	5.2231e-09	3.3209e-10	1.9508e-09	3.6241e-10	1.0135e-09	3.297e-10	1.0861e-09	2.4277e-10	5.9764e-10	1.0816e-10	3.0267e-10	3.548e-11	1.1599e-10	5.9803e-11	1.7241e-10	5.6113e-11	1.5036e-10	3.3084e-11	1.7723e-10	3.7373e-11	2.1638e-10	4.155e-11	1.023e-10	2.4598e-11	2.5431e-10	2.2745e-11	6.8113e-11	1.6234e-11	6.0485e-11	7.1664e-12	6.8166e-11	1.1727e-11	5.316e-11	1.3277e-11	5.3182e-11	2.0133e-11	3.3422e-11	6.8299e-12	3.3837e-11	4.9393e-12	3.0813e-11	2.7769e-12	3.0827e-11	1.0655e-11	4.5742e-11	3.0096e-11	5.7169e-11	1.0664e-11	1.8686e-11	5.7286e-12	5.3484e-11	2.7865e-12	3.1091e-12	1.8824e-12
12.5286	0.044152	0.055194	4.7309e-05	7.2886e-06	7.4609e-05	0.00050612	0.0013731	0.0093957	6.2039e-06	0.0013097	1.3262e-05	9.0451e-05	1.5704e-05	5.6089e-05	1.1122e-06	6.4699e-06	5.7427e-07	1.1995e-05	1.4672e-06	9.5072e-06	1.5477e-06	6.0065e-06	4.4963e-06	7.7655e-06	5.7043e-06	3.6746e-05	8.1293e-08	1.4574e-06	2.5101e-08	3.2445e-08	2.414e-09	5.2102e-09	3.3127e-10	1.946e-09	3.6152e-10	1.011e-09	3.289e-10	1.0834e-09	2.4217e-10	5.9617e-10	1.0789e-10	3.0193e-10	3.5392e-11	1.1571e-10	5.9656e-11	1.7199e-10	5.5976e-11	1.5e-10	3.3004e-11	1.7675e-10	3.7271e-11	2.158e-10	4.1438e-11	1.0203e-10	2.4531e-11	2.5362e-10	2.2683e-11	6.7929e-11	1.619e-11	6.0322e-11	7.1469e-12	6.7983e-11	1.1695e-11	5.3017e-11	1.3241e-11	5.304e-11	2.0079e-11	3.3333e-11	6.8115e-12	3.3746e-11	4.926e-12	3.0731e-11	2.7695e-12	3.0746e-11	1.0627e-11	4.5627e-11	3.0021e-11	5.7026e-11	1.0637e-11	1.8639e-11	5.7143e-12	5.3352e-11	2.7796e-12	3.1015e-12	1.8778e-12
12.7027	0.043917	0.055411	4.7288e-05	7.3287e-06	7.4647e-05	0.00050406	0.0013564	0.0092155	6.2021e-06	0.0012536	1.3231e-05	9.0091e-05	1.5654e-05	5.5881e-05	1.1135e-06	6.4611e-06	5.7677e-07	1.1586e-05	1.4703e-06	9.4781e-06	1.5463e-06	5.9998e-06	4.4841e-06	7.7462e-06	5.685e-06	3.6667e-05	8.1536e-08	1.455e-06	2.5048e-08	3.2375e-08	2.409e-09	5.1994e-09	3.3058e-10	1.942e-09	3.6077e-10	1.0089e-09	3.2822e-10	1.0812e-09	2.4167e-10	5.9494e-10	1.0767e-10	3.013e-10	3.5319e-11	1.1547e-10	5.9532e-11	1.7163e-10	5.586e-11	1.4966e-10	3.293e-11	1.7634e-10	3.7185e-11	2.153e-10	4.1341e-11	1.0179e-10	2.4475e-11	2.5304e-10	2.2631e-11	6.7772e-11	1.6152e-11	6.0182e-11	7.1303e-12	6.7826e-11	1.1668e-11	5.2896e-11	1.3211e-11	5.2919e-11	2.0033e-11	3.3256e-11	6.7959e-12	3.3672e-11	4.9149e-12	3.0666e-11	2.7636e-12	3.0681e-11	1.0604e-11	4.5531e-11	2.9957e-11	5.6905e-11	1.0615e-11	1.86e-11	5.7023e-12	5.324e-11	2.7737e-12	3.095e-12	1.8739e-12
12.8792	0.043711	0.055633	4.7286e-05	7.372e-06	7.4716e-05	0.00050215	0.0013386	0.0090327	6.2028e-06	0.0011993	1.3205e-05	8.977e-05	1.5613e-05	5.5698e-05	1.1153e-06	6.4551e-06	5.7955e-07	1.119e-05	1.4741e-06	9.4532e-06	1.5456e-06	5.9955e-06	4.4738e-06	7.7302e-06	5.668e-06	3.6603e-05	8.1813e-08	1.4533e-06	2.5005e-08	3.232e-08	2.4049e-09	5.1907e-09	3.3003e-10	1.9386e-09	3.6017e-10	1.007e-09	3.2768e-10	1.0794e-09	2.4127e-10	5.9395e-10	1.0749e-10	3.008e-10	3.526e-11	1.1528e-10	5.9434e-11	1.7135e-10	5.5767e-11	1.4937e-10	3.2866e-11	1.76e-10	3.7113e-11	2.1492e-10	4.1262e-11	1.016e-10	2.4428e-11	2.5258e-10	2.2588e-11	6.7643e-11	1.6121e-11	6.0067e-11	7.1166e-12	6.7697e-11	1.1646e-11	5.2802e-11	1.3186e-11	5.2828e-11	1.9998e-11	3.3198e-11	6.7833e-12	3.3614e-11	4.9064e-12	3.0613e-11	2.7589e-12	3.0629e-11	1.0586e-11	4.5454e-11	2.9906e-11	5.6808e-11	1.0596e-11	1.8568e-11	5.6927e-12	5.315e-11	2.769e-12	3.0897e-12	1.8704e-12
13.0582	0.043532	0.055858	4.7288e-05	7.4182e-06	7.4814e-05	0.00050035	0.0013207	0.0088459	6.206e-06	0.0011474	1.3185e-05	8.9486e-05	1.5578e-05	5.5537e-05	1.1176e-06	6.4517e-06	5.8256e-07	1.0809e-05	1.4786e-06	9.4322e-06	1.5455e-06	5.9935e-06	4.4651e-06	7.7171e-06	5.6532e-06	3.6553e-05	8.2122e-08	1.4522e-06	2.4972e-08	3.2277e-08	2.4018e-09	5.1841e-09	3.296e-10	1.9356e-09	3.5971e-10	1.0055e-09	3.2721e-10	1.0779e-09	2.4096e-10	5.9319e-10	1.0735e-10	3.0042e-10	3.5215e-11	1.1513e-10	5.9358e-11	1.7109e-10	5.5697e-11	1.4914e-10	3.2815e-11	1.7573e-10	3.7056e-11	2.1463e-10	4.1199e-11	1.0145e-10	2.4391e-11	2.5224e-10	2.2556e-11	6.754e-11	1.6097e-11	5.9975e-11	7.1056e-12	6.7595e-11	1.1628e-11	5.2731e-11	1.3168e-11	5.2757e-11	1.9971e-11	3.3154e-11	6.7742e-12	3.357e-11	4.8999e-12	3.0573e-11	2.7552e-12	3.0588e-11	1.0572e-11	4.5394e-11	2.9867e-11	5.6734e-11	1.0582e-11	1.8544e-11	5.6853e-12	5.308e-11	2.7654e-12	3.0849e-12	1.8676e-12
13.2397	0.043379	0.056086	4.7307e-05	7.4676e-06	7.4941e-05	0.00049874	0.0013018	0.0086561	6.2117e-06	0.0010973	1.317e-05	8.924e-05	1.5549e-05	5.54e-05	1.1204e-06	6.4509e-06	5.8583e-07	1.0441e-05	1.4837e-06	9.4151e-06	1.546e-06	5.9938e-06	4.4582e-06	7.707e-06	5.6407e-06	3.6518e-05	8.2464e-08	1.4516e-06	2.4949e-08	3.2246e-08	2.3996e-09	5.1794e-09	3.2931e-10	1.9333e-09	3.5939e-10	1.0043e-09	3.2682e-10	1.0766e-09	2.4075e-10	5.9266e-10	1.0725e-10	3.0015e-10	3.5184e-11	1.15e-10	5.9302e-11	1.7089e-10	5.5636e-11	1.4897e-10	3.2777e-11	1.7553e-10	3.7014e-11	2.1442e-10	4.1152e-11	1.0135e-10	2.4365e-11	2.5201e-10	2.2535e-11	6.7467e-11	1.6078e-11	5.9907e-11	7.0975e-12	6.7528e-11	1.1615e-11	5.2682e-11	1.3155e-11	5.2707e-11	1.9953e-11	3.3123e-11	6.7677e-12	3.3538e-11	4.8953e-12	3.0544e-11	2.7527e-12	3.056e-11	1.0562e-11	4.5352e-11	2.9839e-11	5.6681e-11	1.0573e-11	1.8527e-11	5.6801e-12	5.3032e-11	2.7629e-12	3.0814e-12	1.8654e-12
13.4237	0.043252	0.056317	4.7342e-05	7.5201e-06	7.5097e-05	0.00049724	0.0012819	0.0084713	6.2198e-06	0.0010493	1.316e-05	8.9039e-05	1.5527e-05	5.5287e-05	1.1237e-06	6.4529e-06	5.8934e-07	1.009e-05	1.4895e-06	9.4019e-06	1.5471e-06	5.9964e-06	4.453e-06	7.7e-06	5.6303e-06	3.6498e-05	8.2839e-08	1.4516e-06	2.4935e-08	3.2229e-08	2.3984e-09	5.1768e-09	3.2913e-10	1.9318e-09	3.5911e-10	1.0035e-09	3.2656e-10	1.0758e-09	2.4057e-10	5.9223e-10	1.072e-10	2.9991e-10	3.5159e-11	1.1491e-10	5.9255e-11	1.7076e-10	5.5592e-11	1.4885e-10	3.2751e-11	1.7539e-10	3.6987e-11	2.1431e-10	4.1122e-11	1.0129e-10	2.4351e-11	2.5187e-10	2.2522e-11	6.7429e-11	1.6066e-11	5.9869e-11	7.0921e-12	6.749e-11	1.1609e-11	5.2653e-11	1.3148e-11	5.2678e-11	1.9942e-11	3.3104e-11	6.764e-12	3.352e-11	4.8926e-12	3.0527e-11	2.7512e-12	3.0543e-11	1.0556e-11	4.5328e-11	2.9823e-11	5.6651e-11	1.0567e-11	1.8517e-11	5.6769e-12	5.3e-11	2.7614e-12	3.0792e-12	1.8641e-12
13.6103	0.043142	0.05655	4.7395e-05	7.5757e-06	7.5283e-05	0.00049586	0.0012618	0.0082863	6.2303e-06	0.0010034	1.3155e-05	8.8878e-05	1.5511e-05	5.5197e-05	1.1274e-06	6.4575e-06	5.9311e-07	9.7482e-06	1.4959e-06	9.3927e-06	1.5488e-06	6.0013e-06	4.4495e-06	7.6959e-06	5.6221e-06	3.6491e-05	8.3247e-08	1.4521e-06	2.4931e-08	3.2223e-08	2.3981e-09	5.1746e-09	3.2899e-10	1.931e-09	3.5897e-10	1.0031e-09	3.2643e-10	1.0754e-09	2.4047e-10	5.9198e-10	1.0716e-10	2.9979e-10	3.5144e-11	1.1486e-10	5.9231e-11	1.7069e-10	5.5569e-11	1.488e-10	3.2739e-11	1.7533e-10	3.6977e-11	2.1427e-10	4.1114e-11	1.0128e-10	2.4346e-11	2.5182e-10	2.2518e-11	6.7416e-11	1.6062e-11	5.9857e-11	7.0895e-12	6.7477e-11	1.1606e-11	5.2644e-11	1.3146e-11	5.267e-11	1.9938e-11	3.3099e-11	6.7628e-12	3.3515e-11	4.8918e-12	3.0523e-11	2.7507e-12	3.0539e-11	1.0555e-11	4.5321e-11	2.9819e-11	5.6643e-11	1.0565e-11	1.8513e-11	5.6747e-12	5.2979e-11	2.7605e-12	3.078e-12	1.8634e-12
13.7994	0.043056	0.056792	4.7466e-05	7.6323e-06	7.5497e-05	0.00049466	0.0012412	0.0080936	6.2433e-06	0.00095885	1.3156e-05	8.8753e-05	1.5501e-05	5.5136e-05	1.1316e-06	6.4655e-06	5.9713e-07	9.4187e-06	1.5029e-06	9.3884e-06	1.5511e-06	6.0085e-06	4.4476e-06	7.6948e-06	5.6161e-06	3.6498e-05	8.369e-08	1.4533e-06	2.4937e-08	3.223e-08	2.3982e-09	5.1744e-09	3.2898e-10	1.931e-09	3.5895e-10	1.0031e-09	3.2643e-10	1.0753e-09	2.4047e-10	5.9197e-10	1.0716e-10	2.9978e-10	3.5143e-11	1.1486e-10	5.9229e-11	1.7069e-10	5.5568e-11	1.4879e-10	3.2739e-11	1.7535e-10	3.6983e-11	2.1432e-10	4.1121e-11	1.013e-10	2.4351e-11	2.5188e-10	2.2523e-11	6.7429e-11	1.6065e-11	5.9868e-11	7.0907e-12	6.7491e-11	1.1609e-11	5.2655e-11	1.3148e-11	5.2681e-11	1.9943e-11	3.3106e-11	6.7642e-12	3.3522e-11	4.8929e-12	3.053e-11	2.7514e-12	3.0546e-11	1.0557e-11	4.5321e-11	2.9821e-11	5.6644e-11	1.0567e-11	1.8513e-11	5.6747e-12	5.2979e-11	2.7605e-12	3.0781e-12	1.8634e-12
13.9912	0.042995	0.057036	4.7554e-05	7.6921e-06	7.5742e-05	0.00049359	0.0012203	0.0078996	6.2588e-06	0.0009163	1.3161e-05	8.8664e-05	1.5497e-05	5.5098e-05	1.1362e-06	6.4762e-06	6.0142e-07	9.0992e-06	1.5105e-06	9.388e-06	1.5541e-06	6.018e-06	4.4474e-06	7.6966e-06	5.6121e-06	3.652e-05	8.4166e-08	1.455e-06	2.4952e-08	3.225e-08	2.399e-09	5.1762e-09	3.291e-10	1.9317e-09	3.5908e-10	1.0035e-09	3.2655e-10	1.0757e-09	2.4055e-10	5.9217e-10	1.0719e-10	2.9989e-10	3.5156e-11	1.149e-10	5.925e-11	1.7075e-10	5.5588e-11	1.4885e-10	3.2751e-11	1.7545e-10	3.7004e-11	2.1444e-10	4.1145e-11	1.0136e-10	2.4365e-11	2.5203e-10	2.2536e-11	6.7468e-11	1.6074e-11	5.9903e-11	7.0947e-12	6.753e-11	1.1615e-11	5.2687e-11	1.3156e-11	5.2713e-11	1.9955e-11	3.3126e-11	6.7683e-12	3.3541e-11	4.8958e-12	3.0544e-11	2.7526e-12	3.0557e-11	1.0562e-11	4.5338e-11	2.9832e-11	5.6665e-11	1.0571e-11	1.852e-11	5.6769e-12	5.3e-11	2.7615e-12	3.0794e-12	1.8642e-12
14.1856	0.042958	0.057281	4.7659e-05	7.7552e-06	7.6015e-05	0.00049265	0.0011988	0.0077082	6.2766e-06	0.00087596	1.3172e-05	8.861e-05	1.5499e-05	5.5081e-05	1.1413e-06	6.4895e-06	6.0597e-07	8.789e-06	1.5188e-06	9.3913e-06	1.5575e-06	6.0298e-06	4.4481e-06	7.7012e-06	5.6103e-06	3.6555e-05	8.4677e-08	1.4573e-06	2.4977e-08	3.2282e-08	2.4007e-09	5.18e-09	3.2934e-10	1.9332e-09	3.5934e-10	1.0043e-09	3.2679e-10	1.0765e-09	2.4073e-10	5.9261e-10	1.0727e-10	3.0011e-10	3.5181e-11	1.1499e-10	5.9294e-11	1.7088e-10	5.5629e-11	1.4898e-10	3.2781e-11	1.7562e-10	3.7039e-11	2.1465e-10	4.1184e-11	1.0145e-10	2.4389e-11	2.5227e-10	2.2558e-11	6.7533e-11	1.6089e-11	5.996e-11	7.1014e-12	6.7595e-11	1.1627e-11	5.2734e-11	1.3169e-11	5.2757e-11	1.9971e-11	3.3155e-11	6.7749e-12	3.3566e-11	4.8997e-12	3.0566e-11	2.7547e-12	3.058e-11	1.0569e-11	4.5372e-11	2.9854e-11	5.6708e-11	1.0579e-11	1.8534e-11	5.6812e-12	5.304e-11	2.7636e-12	3.0818e-12	1.8657e-12
14.3828	0.042945	0.057527	4.7781e-05	7.8216e-06	7.6318e-05	0.00049186	0.001177	0.0075129	6.2969e-06	0.00083776	1.3188e-05	8.859e-05	1.5507e-05	5.5086e-05	1.1469e-06	6.5053e-06	6.1078e-07	8.4899e-06	1.5277e-06	9.3982e-06	1.5616e-06	6.0438e-06	4.4498e-06	7.7088e-06	5.6097e-06	3.6604e-05	8.5222e-08	1.4601e-06	2.5011e-08	3.2325e-08	2.4033e-09	5.1856e-09	3.297e-10	1.9355e-09	3.5974e-10	1.0055e-09	3.2715e-10	1.0777e-09	2.4099e-10	5.9326e-10	1.0739e-10	3.0044e-10	3.522e-11	1.1511e-10	5.9359e-11	1.7107e-10	5.5691e-11	1.4918e-10	3.2823e-11	1.7585e-10	3.7088e-11	2.1488e-10	4.1238e-11	1.0159e-10	2.4421e-11	2.5255e-10	2.2587e-11	6.7623e-11	1.6111e-11	6.004e-11	7.1107e-12	6.7686e-11	1.1642e-11	5.2792e-11	1.3185e-11	5.2815e-11	1.9993e-11	3.3191e-11	6.7826e-12	3.3603e-11	4.9051e-12	3.06e-11	2.7577e-12	3.0614e-11	1.0581e-11	4.5423e-11	2.9888e-11	5.6771e-11	1.059e-11	1.8555e-11	5.6876e-12	5.31e-11	2.7667e-12	3.0854e-12	1.8679e-12
14.5826	0.042955	0.057764	4.7928e-05	7.8914e-06	7.665e-05	0.00049118	0.0011544	0.007314	6.3196e-06	0.00080098	1.3209e-05	8.8605e-05	1.5521e-05	5.5112e-05	1.1529e-06	6.5237e-06	6.1586e-07	8.2043e-06	1.5372e-06	9.4089e-06	1.5663e-06	6.06e-06	4.4532e-06	7.7191e-06	5.6103e-06	3.6667e-05	8.5789e-08	1.4635e-06	2.5046e-08	3.2379e-08	2.4068e-09	5.1932e-09	3.3018e-10	1.9387e-09	3.6027e-10	1.0072e-09	3.2769e-10	1.0794e-09	2.4135e-10	5.9413e-10	1.0754e-10	3.0088e-10	3.5272e-11	1.1529e-10	5.9447e-11	1.7135e-10	5.5773e-11	1.4943e-10	3.2878e-11	1.7614e-10	3.7151e-11	2.152e-10	4.1308e-11	1.0174e-10	2.4463e-11	2.5292e-10	2.262e-11	6.7738e-11	1.6138e-11	6.0142e-11	7.1227e-12	6.7794e-11	1.1662e-11	5.287e-11	1.3204e-11	5.2893e-11	2.0023e-11	3.324e-11	6.7926e-12	3.3653e-11	4.9124e-12	3.0646e-11	2.7618e-12	3.066e-11	1.0597e-11	4.5491e-11	2.9933e-11	5.6856e-11	1.0606e-11	1.8583e-11	5.6962e-12	5.318e-11	2.7709e-12	3.0901e-12	1.8707e-12
14.7853	0.042988	0.057991	4.8092e-05	7.9645e-06	7.7008e-05	0.00049063	0.0011316	0.0071162	6.3447e-06	0.0007656	1.3234e-05	8.8654e-05	1.5541e-05	5.516e-05	1.1594e-06	6.5447e-06	6.2121e-07	7.926e-06	1.5474e-06	9.4231e-06	1.5716e-06	6.0765e-06	4.4581e-06	7.7314e-06	5.6128e-06	3.6743e-05	8.6377e-08	1.4674e-06	2.5091e-08	3.2437e-08	2.4112e-09	5.2027e-09	3.3078e-10	1.9427e-09	3.6094e-10	1.0092e-09	3.2835e-10	1.0816e-09	2.4179e-10	5.9523e-10	1.0774e-10	3.0145e-10	3.5337e-11	1.1552e-10	5.956e-11	1.717e-10	5.5884e-11	1.4973e-10	3.2945e-11	1.765e-10	3.7227e-11	2.1559e-10	4.1393e-11	1.0193e-10	2.4508e-11	2.5338e-10	2.2662e-11	6.7863e-11	1.6171e-11	6.0263e-11	7.1373e-12	6.7917e-11	1.1684e-11	5.2967e-11	1.3228e-11	5.299e-11	2.006e-11	3.3301e-11	6.8051e-12	3.3715e-11	4.9214e-12	3.0702e-11	2.7669e-12	3.0716e-11	1.0616e-11	4.5576e-11	2.9988e-11	5.6962e-11	1.0626e-11	1.8617e-11	5.7068e-12	5.328e-11	2.7761e-12	3.0959e-12	1.8743e-12
14.9908	0.043043	0.058218	4.8273e-05	8.041e-06	7.7375e-05	0.00049024	0.001109	0.0069167	6.3723e-06	0.00073252	1.3265e-05	8.8736e-05	1.5566e-05	5.5229e-05	1.1663e-06	6.5682e-06	6.2684e-07	7.6558e-06	1.5582e-06	9.441e-06	1.5774e-06	6.0954e-06	4.4645e-06	7.7449e-06	5.6173e-06	3.6831e-05	8.7e-08	1.4719e-06	2.5145e-08	3.2506e-08	2.4164e-09	5.2144e-09	3.3153e-10	1.9473e-09	3.6179e-10	1.0116e-09	3.2913e-10	1.0842e-09	2.4236e-10	5.9663e-10	1.0798e-10	3.0216e-10	3.5419e-11	1.1579e-10	5.9701e-11	1.721e-10	5.6016e-11	1.5009e-10	3.3024e-11	1.7693e-10	3.7315e-11	2.1607e-10	4.1487e-11	1.0215e-10	2.4561e-11	2.5394e-10	2.2711e-11	6.8011e-11	1.6209e-11	6.0394e-11	7.1545e-12	6.8066e-11	1.1709e-11	5.3084e-11	1.3257e-11	5.3107e-11	2.0104e-11	3.3375e-11	6.82e-12	3.3789e-11	4.9323e-12	3.077e-11	2.773e-12	3.0784e-11	1.064e-11	4.5677e-11	3.0055e-11	5.7088e-11	1.0649e-11	1.8659e-11	5.7196e-12	5.3399e-11	2.7822e-12	3.1029e-12	1.8785e-12
15.1991	0.04312	0.058443	4.8471e-05	8.1215e-06	7.7771e-05	0.00048993	0.0010863	0.0067216	6.4023e-06	0.00070118	1.33e-05	8.8852e-05	1.5598e-05	5.5319e-05	1.1737e-06	6.5944e-06	6.3276e-07	7.3966e-06	1.5697e-06	9.4626e-06	1.5835e-06	6.1164e-06	4.4726e-06	7.7614e-06	5.6238e-06	3.6923e-05	8.7658e-08	1.477e-06	2.5209e-08	3.2588e-08	2.4226e-09	5.2286e-09	3.3243e-10	1.9526e-09	3.6278e-10	1.0144e-09	3.3003e-10	1.0871e-09	2.4302e-10	5.9826e-10	1.0827e-10	3.0298e-10	3.5516e-11	1.1611e-10	5.9863e-11	1.7258e-10	5.617e-11	1.505e-10	3.3115e-11	1.774e-10	3.741e-11	2.1662e-10	4.1592e-11	1.0241e-10	2.4624e-11	2.5459e-10	2.2769e-11	6.8184e-11	1.625e-11	6.0547e-11	7.1733e-12	6.8239e-11	1.1739e-11	5.322e-11	1.3291e-11	5.3243e-11	2.0155e-11	3.346e-11	6.8375e-12	3.3876e-11	4.9449e-12	3.0849e-11	2.7802e-12	3.0864e-11	1.0667e-11	4.5795e-11	3.0132e-11	5.7236e-11	1.0677e-11	1.8707e-11	5.7344e-12	5.3537e-11	2.7895e-12	3.111e-12	1.8834e-12
15.4103	0.04322	0.058668	4.8687e-05	8.2066e-06	7.8197e-05	0.00048972	0.0010634	0.006528	6.4347e-06	0.00067136	1.3341e-05	8.9001e-05	1.5635e-05	5.543e-05	1.1816e-06	6.6231e-06	6.3896e-07	7.1497e-06	1.5818e-06	9.4877e-06	1.5901e-06	6.1397e-06	4.4822e-06	7.7805e-06	5.6323e-06	3.7028e-05	8.8352e-08	1.4826e-06	2.5281e-08	3.2681e-08	2.43e-09	5.2446e-09	3.3345e-10	1.9587e-09	3.639e-10	1.0176e-09	3.3105e-10	1.0905e-09	2.4377e-10	6.001e-10	1.086e-10	3.0392e-10	3.5625e-11	1.1647e-10	6.0048e-11	1.7311e-10	5.6343e-11	1.5097e-10	3.3218e-11	1.7791e-10	3.7518e-11	2.1725e-10	4.1712e-11	1.0271e-10	2.4695e-11	2.5533e-10	2.2836e-11	6.8382e-11	1.6297e-11	6.0722e-11	7.194e-12	6.8437e-11	1.1773e-11	5.3375e-11	1.333e-11	5.3399e-11	2.0214e-11	3.3558e-11	6.8574e-12	3.3975e-11	4.9594e-12	3.094e-11	2.7883e-12	3.0954e-11	1.0699e-11	4.593e-11	3.0221e-11	5.7404e-11	1.0708e-11	1.8762e-11	5.7513e-12	5.3695e-11	2.7977e-12	3.1203e-12	1.8891e-12
15.6245	0.043341	0.058895	4.8919e-05	8.2953e-06	7.8653e-05	0.00048964	0.0010399	0.0063315	6.4683e-06	0.00064333	1.3386e-05	8.9183e-05	1.5678e-05	5.5561e-05	1.19e-06	6.6545e-06	6.4545e-07	6.9106e-06	1.5946e-06	9.5164e-06	1.5972e-06	6.1652e-06	4.4934e-06	7.8025e-06	5.6428e-06	3.7146e-05	8.9083e-08	1.4887e-06	2.5363e-08	3.2786e-08	2.4383e-09	5.2626e-09	3.346e-10	1.9655e-09	3.6515e-10	1.0211e-09	3.3219e-10	1.0943e-09	2.446e-10	6.0216e-10	1.0898e-10	3.0496e-10	3.5748e-11	1.1687e-10	6.0254e-11	1.7371e-10	5.6537e-11	1.5148e-10	3.3329e-11	1.7849e-10	3.7639e-11	2.1796e-10	4.1847e-11	1.0304e-10	2.4775e-11	2.5617e-10	2.291e-11	6.8604e-11	1.635e-11	6.0919e-11	7.2172e-12	6.866e-11	1.1811e-11	5.355e-11	1.3374e-11	5.3573e-11	2.0281e-11	3.3668e-11	6.8798e-12	3.4086e-11	4.9756e-12	3.1041e-11	2.7975e-12	3.1056e-11	1.0734e-11	4.6081e-11	3.032e-11	5.7593e-11	1.0743e-11	1.8824e-11	5.7703e-12	5.3873e-11	2.8069e-12	3.1312e-12	1.8959e-12
15.8416	0.043484	0.059118	4.9169e-05	8.3877e-06	7.9137e-05	0.00048971	0.0010157	0.0061377	6.5037e-06	0.00061685	1.3436e-05	8.9398e-05	1.5726e-05	5.5714e-05	1.1989e-06	6.6884e-06	6.5223e-07	6.6822e-06	1.6081e-06	9.5487e-06	1.6049e-06	6.1929e-06	4.5067e-06	7.8271e-06	5.6552e-06	3.7278e-05	8.9849e-08	1.4951e-06	2.5453e-08	3.2903e-08	2.4475e-09	5.2825e-09	3.3586e-10	1.9728e-09	3.6653e-10	1.0248e-09	3.3345e-10	1.0984e-09	2.4553e-10	6.0443e-10	1.0939e-10	3.0611e-10	3.5883e-11	1.1731e-10	6.0482e-11	1.7437e-10	5.6751e-11	1.5202e-10	3.3447e-11	1.7912e-10	3.7774e-11	2.1875e-10	4.1997e-11	1.0342e-10	2.4864e-11	2.5709e-10	2.2993e-11	6.8851e-11	1.6408e-11	6.1138e-11	7.243e-12	6.8907e-11	1.1854e-11	5.3743e-11	1.3422e-11	5.3767e-11	2.0354e-11	3.3789e-11	6.9046e-12	3.421e-11	4.9936e-12	3.1154e-11	2.8076e-12	3.1168e-11	1.0773e-11	4.6248e-11	3.043e-11	5.7802e-11	1.0782e-11	1.8892e-11	5.7913e-12	5.4069e-11	2.8171e-12	3.1435e-12	1.9034e-12
16.0618	0.043649	0.059339	4.9427e-05	8.4838e-06	7.9652e-05	0.00048989	0.00099204	0.0059451	6.5414e-06	0.00059204	1.3486e-05	8.9645e-05	1.5779e-05	5.5886e-05	1.2082e-06	6.7248e-06	6.5912e-07	6.4633e-06	1.6222e-06	9.5845e-06	1.6132e-06	6.2227e-06	4.5217e-06	7.8544e-06	5.6701e-06	3.7423e-05	9.0652e-08	1.5019e-06	2.5553e-08	3.3031e-08	2.4575e-09	5.3042e-09	3.3724e-10	1.9805e-09	3.6804e-10	1.0288e-09	3.3479e-10	1.1029e-09	2.4654e-10	6.0692e-10	1.0984e-10	3.0737e-10	3.603e-11	1.1779e-10	6.0731e-11	1.7506e-10	5.6985e-11	1.5261e-10	3.3578e-11	1.7983e-10	3.7922e-11	2.1962e-10	4.2162e-11	1.0382e-10	2.4962e-11	2.5811e-10	2.3083e-11	6.9121e-11	1.6472e-11	6.1378e-11	7.2714e-12	6.9178e-11	1.19e-11	5.3956e-11	1.3475e-11	5.398e-11	2.0434e-11	3.3923e-11	6.9319e-12	3.4345e-11	5.0134e-12	3.1277e-11	2.8187e-12	3.1292e-11	1.0815e-11	4.6432e-11	3.0551e-11	5.8032e-11	1.0825e-11	1.8968e-11	5.8144e-12	5.4285e-11	2.8283e-12	3.157e-12	1.9115e-12
16.285	0.043835	0.059557	4.9698e-05	8.5838e-06	8.0196e-05	0.0004902	0.00096821	0.0057594	6.5816e-06	0.00056859	1.3542e-05	8.9924e-05	1.5834e-05	5.6079e-05	1.2179e-06	6.7639e-06	6.6629e-07	6.2544e-06	1.6371e-06	9.6238e-06	1.622e-06	6.2551e-06	4.5382e-06	7.8845e-06	5.6872e-06	3.7581e-05	9.1502e-08	1.5092e-06	2.5666e-08	3.3174e-08	2.4684e-09	5.3278e-09	3.3874e-10	1.9888e-09	3.6968e-10	1.0332e-09	3.362e-10	1.1075e-09	2.4763e-10	6.0962e-10	1.1033e-10	3.0874e-10	3.6191e-11	1.183e-10	6.1002e-11	1.758e-10	5.7231e-11	1.5325e-10	3.372e-11	1.8059e-10	3.8083e-11	2.2056e-10	4.2341e-11	1.0427e-10	2.5069e-11	2.5922e-10	2.3182e-11	6.9417e-11	1.6543e-11	6.164e-11	7.3023e-12	6.9474e-11	1.1951e-11	5.4187e-11	1.3532e-11	5.4211e-11	2.0522e-11	3.4068e-11	6.9616e-12	3.4493e-11	5.0349e-12	3.1412e-11	2.8309e-12	3.1427e-11	1.0862e-11	4.6632e-11	3.0683e-11	5.8282e-11	1.0872e-11	1.9049e-11	5.8403e-12	5.4529e-11	2.8407e-12	3.1716e-12	1.9204e-12
16.5113	0.044041	0.059766	4.9987e-05	8.6878e-06	8.0775e-05	0.00049067	0.00094425	0.0055716	6.6242e-06	0.00054643	1.3603e-05	9.0235e-05	1.5894e-05	5.6293e-05	1.2278e-06	6.8055e-06	6.7377e-07	6.0553e-06	1.6521e-06	9.6667e-06	1.6315e-06	6.2904e-06	4.5562e-06	7.918e-06	5.7062e-06	3.7752e-05	9.2395e-08	1.5171e-06	2.5788e-08	3.3331e-08	2.4802e-09	5.3532e-09	3.4036e-10	1.9979e-09	3.7137e-10	1.0379e-09	3.3773e-10	1.1126e-09	2.4878e-10	6.1245e-10	1.1085e-10	3.1015e-10	3.6359e-11	1.1884e-10	6.1279e-11	1.766e-10	5.7491e-11	1.5395e-10	3.3874e-11	1.8142e-10	3.8258e-11	2.2158e-10	4.2536e-11	1.0475e-10	2.5184e-11	2.6041e-10	2.3289e-11	6.9736e-11	1.6619e-11	6.1923e-11	7.3358e-12	6.9794e-11	1.2006e-11	5.4438e-11	1.3595e-11	5.4462e-11	2.0617e-11	3.4226e-11	6.9937e-12	3.4652e-11	5.0582e-12	3.1557e-11	2.844e-12	3.1572e-11	1.0912e-11	4.6852e-11	3.0825e-11	5.8556e-11	1.0922e-11	1.9141e-11	5.869e-12	5.4798e-11	2.8547e-12	3.1873e-12	1.9299e-12
16.7408	0.044269	0.059971	5.0292e-05	8.7956e-06	8.1392e-05	0.00049123	0.00092036	0.0053841	6.6692e-06	0.00052551	1.3668e-05	9.0578e-05	1.596e-05	5.6526e-05	1.2383e-06	6.8497e-06	6.8154e-07	5.8658e-06	1.6678e-06	9.7131e-06	1.6415e-06	6.3279e-06	4.5757e-06	7.9547e-06	5.7271e-06	3.7938e-05	9.3326e-08	1.5255e-06	2.5918e-08	3.3499e-08	2.4928e-09	5.3793e-09	3.4201e-10	2.0076e-09	3.7318e-10	1.0429e-09	3.3938e-10	1.118e-09	2.4999e-10	6.1542e-10	1.114e-10	3.1166e-10	3.6535e-11	1.1941e-10	6.1576e-11	1.7746e-10	5.7771e-11	1.5471e-10	3.4039e-11	1.8231e-10	3.8446e-11	2.2267e-10	4.2745e-11	1.0526e-10	2.5308e-11	2.617e-10	2.3404e-11	7.0079e-11	1.67e-11	6.2227e-11	7.3717e-12	7.0138e-11	1.2065e-11	5.4707e-11	1.3662e-11	5.4731e-11	2.0719e-11	3.4395e-11	7.0283e-12	3.4824e-11	5.0832e-12	3.1713e-11	2.8581e-12	3.1731e-11	1.0967e-11	4.7098e-11	3.0986e-11	5.8862e-11	1.0979e-11	1.9241e-11	5.8998e-12	5.5086e-11	2.8696e-12	3.2041e-12	1.9401e-12
16.9735	0.044518	0.060171	5.0615e-05	8.9056e-06	8.204e-05	0.00049191	0.00089636	0.0052037	6.7168e-06	0.00050596	1.3738e-05	9.0933e-05	1.6032e-05	5.678e-05	1.2492e-06	6.8966e-06	6.8964e-07	5.6848e-06	1.6842e-06	9.763e-06	1.6524e-06	6.3676e-06	4.5968e-06	7.9941e-06	5.7499e-06	3.8141e-05	9.4296e-08	1.5345e-06	2.6057e-08	3.3679e-08	2.5059e-09	5.4071e-09	3.4378e-10	2.0181e-09	3.7511e-10	1.0484e-09	3.4114e-10	1.1238e-09	2.5129e-10	6.1861e-10	1.1197e-10	3.1327e-10	3.6725e-11	1.2003e-10	6.1896e-11	1.7838e-10	5.8071e-11	1.5551e-10	3.4217e-11	1.8326e-10	3.8647e-11	2.2384e-10	4.2969e-11	1.0582e-10	2.5441e-11	2.6308e-10	2.3527e-11	7.0447e-11	1.6788e-11	6.2553e-11	7.4103e-12	7.0506e-11	1.2129e-11	5.4995e-11	1.3734e-11	5.502e-11	2.0828e-11	3.4576e-11	7.0653e-12	3.5013e-11	5.1101e-12	3.1889e-11	2.8738e-12	3.1907e-11	1.1028e-11	4.736e-11	3.1158e-11	5.919e-11	1.104e-11	1.9348e-11	5.9327e-12	5.5393e-11	2.8856e-12	3.2219e-12	1.9507e-12
17.2093	0.044785	0.060366	5.0954e-05	9.0193e-06	8.2719e-05	0.00049274	0.00087227	0.0050238	6.7668e-06	0.00048727	1.3813e-05	9.1311e-05	1.6109e-05	5.7048e-05	1.2607e-06	6.9456e-06	6.9804e-07	5.5122e-06	1.7013e-06	9.8159e-06	1.6639e-06	6.4096e-06	4.6193e-06	8.0362e-06	5.7745e-06	3.8357e-05	9.5305e-08	1.544e-06	2.6206e-08	3.3871e-08	2.5196e-09	5.4368e-09	3.4567e-10	2.0292e-09	3.7717e-10	1.0542e-09	3.4302e-10	1.13e-09	2.5267e-10	6.2201e-10	1.1259e-10	3.15e-10	3.6926e-11	1.2069e-10	6.2236e-11	1.7936e-10	5.839e-11	1.5637e-10	3.4406e-11	1.8427e-10	3.8861e-11	2.2512e-10	4.3207e-11	1.0641e-10	2.5582e-11	2.6457e-10	2.3658e-11	7.0839e-11	1.6881e-11	6.2901e-11	7.4513e-12	7.0899e-11	1.2196e-11	5.5311e-11	1.381e-11	5.5341e-11	2.0949e-11	3.4777e-11	7.1049e-12	3.5218e-11	5.14e-12	3.2076e-11	2.8907e-12	3.2094e-11	1.1092e-11	4.7638e-11	3.1341e-11	5.9537e-11	1.1105e-11	1.9462e-11	5.9677e-12	5.5719e-11	2.9026e-12	3.2404e-12	1.9619e-12
17.4485	0.045074	0.060564	5.1311e-05	9.1373e-06	8.3429e-05	0.00049354	0.00084894	0.0048475	6.8203e-06	0.00046971	1.3893e-05	9.1721e-05	1.6191e-05	5.7325e-05	1.2726e-06	6.9956e-06	7.0678e-07	5.3465e-06	1.7192e-06	9.8698e-06	1.6759e-06	6.4538e-06	4.6429e-06	8.0811e-06	5.801e-06	3.8587e-05	9.6355e-08	1.554e-06	2.6363e-08	3.4074e-08	2.5342e-09	5.4684e-09	3.4767e-10	2.041e-09	3.7936e-10	1.0603e-09	3.4502e-10	1.1366e-09	2.5413e-10	6.2562e-10	1.1324e-10	3.1683e-10	3.7141e-11	1.214e-10	6.2597e-11	1.8041e-10	5.873e-11	1.5728e-10	3.4607e-11	1.8535e-10	3.9089e-11	2.2651e-10	4.346e-11	1.0704e-10	2.5733e-11	2.662e-10	2.38e-11	7.1255e-11	1.698e-11	6.327e-11	7.495e-12	7.1316e-11	1.2268e-11	5.5653e-11	1.3895e-11	5.5683e-11	2.1079e-11	3.4992e-11	7.1487e-12	3.5435e-11	5.1717e-12	3.2274e-11	2.9086e-12	3.2293e-11	1.1161e-11	4.7933e-11	3.1535e-11	5.9906e-11	1.1173e-11	1.9582e-11	6.0047e-12	5.6065e-11	2.9206e-12	3.26e-12	1.9738e-12
17.691	0.045383	0.060757	5.1685e-05	9.2593e-06	8.4169e-05	0.00049447	0.00082588	0.0046749	6.8763e-06	0.00045315	1.3978e-05	9.2161e-05	1.6279e-05	5.762e-05	1.2851e-06	7.0481e-06	7.1585e-07	5.1893e-06	1.7378e-06	9.9271e-06	1.6886e-06	6.5002e-06	4.6673e-06	8.1285e-06	5.8289e-06	3.8829e-05	9.7444e-08	1.5649e-06	2.653e-08	3.4289e-08	2.5497e-09	5.5017e-09	3.4979e-10	2.0535e-09	3.8168e-10	1.0668e-09	3.4713e-10	1.1435e-09	2.5569e-10	6.2943e-10	1.1393e-10	3.1876e-10	3.7367e-11	1.2214e-10	6.2979e-11	1.8151e-10	5.9088e-11	1.5825e-10	3.4819e-11	1.8649e-10	3.9329e-11	2.2797e-10	4.3728e-11	1.0773e-10	2.5893e-11	2.6792e-10	2.3954e-11	7.1699e-11	1.7084e-11	6.366e-11	7.541e-12	7.1771e-11	1.2343e-11	5.6012e-11	1.3985e-11	5.6043e-11	2.1215e-11	3.5218e-11	7.1949e-12	3.5665e-11	5.2052e-12	3.2483e-11	2.9274e-12	3.2502e-11	1.1233e-11	4.8244e-11	3.174e-11	6.0295e-11	1.1246e-11	1.971e-11	6.0436e-12	5.6426e-11	2.9396e-12	3.2807e-12	1.9863e-12
17.9369	0.045713	0.060943	5.2076e-05	9.3856e-06	8.4942e-05	0.00049553	0.00080252	0.0045079	6.935e-06	0.00043754	1.4069e-05	9.2632e-05	1.6373e-05	5.7936e-05	1.298e-06	7.1033e-06	7.2536e-07	5.0402e-06	1.7571e-06	9.9879e-06	1.7019e-06	6.5489e-06	4.6931e-06	8.1786e-06	5.8577e-06	3.9085e-05	9.8566e-08	1.5763e-06	2.6699e-08	3.4514e-08	2.5659e-09	5.5369e-09	3.5203e-10	2.0667e-09	3.8412e-10	1.0737e-09	3.4935e-10	1.1508e-09	2.5732e-10	6.3347e-10	1.1466e-10	3.208e-10	3.7607e-11	1.2292e-10	6.3383e-11	1.8268e-10	5.9467e-11	1.5927e-10	3.5043e-11	1.877e-10	3.9583e-11	2.2951e-10	4.4011e-11	1.0845e-10	2.6068e-11	2.6973e-10	2.4116e-11	7.2182e-11	1.7194e-11	6.4081e-11	7.5897e-12	7.2255e-11	1.2427e-11	5.6391e-11	1.408e-11	5.6422e-11	2.1359e-11	3.5456e-11	7.2435e-12	3.5906e-11	5.2404e-12	3.2703e-11	2.9472e-12	3.2722e-11	1.1309e-11	4.8572e-11	3.1955e-11	6.0704e-11	1.1322e-11	1.9843e-11	6.0836e-12	5.68e-11	2.9592e-12	3.3025e-12	1.9995e-12
18.1861	0.046063	0.061123	5.2484e-05	9.5162e-06	8.5746e-05	0.00049668	0.00077926	0.0043438	6.9961e-06	0.00042281	1.4165e-05	9.3133e-05	1.6475e-05	5.8271e-05	1.3117e-06	7.1611e-06	7.3521e-07	4.8983e-06	1.7772e-06	1.0052e-05	1.7157e-06	6.5983e-06	4.7204e-06	8.2309e-06	5.8882e-06	3.9354e-05	9.9713e-08	1.5882e-06	2.6877e-08	3.4744e-08	2.5831e-09	5.5739e-09	3.5438e-10	2.0806e-09	3.8669e-10	1.0809e-09	3.517e-10	1.1586e-09	2.5904e-10	6.3771e-10	1.1543e-10	3.2295e-10	3.7858e-11	1.2374e-10	6.3807e-11	1.839e-10	5.9866e-11	1.6034e-10	3.5279e-11	1.8896e-10	3.9856e-11	2.3113e-10	4.4319e-11	1.0922e-10	2.6251e-11	2.7164e-10	2.4286e-11	7.269e-11	1.7313e-11	6.4531e-11	7.6409e-12	7.2764e-11	1.2514e-11	5.6789e-11	1.4179e-11	5.682e-11	2.1509e-11	3.5706e-11	7.2946e-12	3.616e-11	5.2774e-12	3.2935e-11	2.9681e-12	3.2954e-11	1.1389e-11	4.8908e-11	3.2178e-11	6.1125e-11	1.1401e-11	1.998e-11	6.1256e-12	5.7192e-11	2.9796e-12	3.3254e-12	2.0134e-12
18.4389	0.046435	0.061295	5.2909e-05	9.6512e-06	8.656e-05	0.00049797	0.00075652	0.0041843	7.0598e-06	0.00040885	1.4266e-05	9.3665e-05	1.6581e-05	5.8626e-05	1.3259e-06	7.2215e-06	7.454e-07	4.7646e-06	1.7982e-06	1.012e-05	1.7302e-06	6.6497e-06	4.7492e-06	8.2843e-06	5.9205e-06	3.9635e-05	1.009e-07	1.6007e-06	2.7063e-08	3.4984e-08	2.6011e-09	5.6128e-09	3.5685e-10	2.0952e-09	3.8939e-10	1.0884e-09	3.5416e-10	1.1667e-09	2.6085e-10	6.4215e-10	1.1623e-10	3.252e-10	3.8122e-11	1.2461e-10	6.4253e-11	1.8519e-10	6.0284e-11	1.6146e-10	3.5526e-11	1.9033e-10	4.0147e-11	2.3283e-10	4.4643e-11	1.1002e-10	2.6443e-11	2.7363e-10	2.4464e-11	7.3222e-11	1.744e-11	6.5003e-11	7.6964e-12	7.3297e-11	1.2605e-11	5.7206e-11	1.4283e-11	5.7238e-11	2.1668e-11	3.5969e-11	7.3482e-12	3.6425e-11	5.3162e-12	3.3173e-11	2.9896e-12	3.3191e-11	1.1472e-11	4.9259e-11	3.2409e-11	6.1564e-11	1.1483e-11	2.0123e-11	6.1697e-12	5.7604e-11	3.001e-12	3.3493e-12	2.0278e-12
18.6951	0.047139	0.06146	5.3352e-05	9.7907e-06	8.7405e-05	0.00049939	0.00073391	0.0040275	7.126e-06	0.00039576	1.4372e-05	9.4228e-05	1.6694e-05	5.8999e-05	1.3406e-06	7.2845e-06	7.5595e-07	4.6375e-06	1.8201e-06	1.0191e-05	1.745e-06	6.7034e-06	4.7794e-06	8.3403e-06	5.9546e-06	3.992e-05	1.0213e-07	1.6138e-06	2.7258e-08	3.5236e-08	2.6199e-09	5.6534e-09	3.5944e-10	2.1104e-09	3.9222e-10	1.0963e-09	3.5673e-10	1.1751e-09	2.6274e-10	6.4681e-10	1.1707e-10	3.2756e-10	3.8399e-11	1.2551e-10	6.4719e-11	1.8653e-10	6.0721e-11	1.6264e-10	3.5785e-11	1.9177e-10	4.0451e-11	2.346e-10	4.4981e-11	1.1086e-10	2.6644e-11	2.7572e-10	2.465e-11	7.3778e-11	1.7572e-11	6.5496e-11	7.7547e-12	7.3854e-11	1.2701e-11	5.7639e-11	1.4392e-11	5.7668e-11	2.1831e-11	3.624e-11	7.4041e-12	3.6696e-11	5.3561e-12	3.342e-11	3.0119e-12	3.3438e-11	1.1557e-11	4.9626e-11	3.2651e-11	6.2023e-11	1.1569e-11	2.0273e-11	6.2157e-12	5.8034e-11	3.0234e-12	3.3741e-12	2.0428e-12
18.9549	0.047554	0.061617	5.3812e-05	9.9348e-06	8.8283e-05	0.00050095	0.0007112	0.0038768	7.1949e-06	0.00038331	1.4482e-05	9.4835e-05	1.6811e-05	5.9393e-05	1.3559e-06	7.3502e-06	7.6686e-07	4.5174e-06	1.8427e-06	1.0265e-05	1.7603e-06	6.7593e-06	4.8111e-06	8.3989e-06	5.9905e-06	4.0218e-05	1.034e-07	1.6274e-06	2.7462e-08	3.5499e-08	2.6396e-09	5.696e-09	3.6215e-10	2.1264e-09	3.9517e-10	1.1046e-09	3.5942e-10	1.184e-09	2.6472e-10	6.5168e-10	1.1795e-10	3.3003e-10	3.8688e-11	1.2646e-10	6.5206e-11	1.8794e-10	6.1179e-11	1.639e-10	3.6064e-11	1.9327e-10	4.0769e-11	2.3641e-10	4.5335e-11	1.1173e-10	2.6854e-11	2.7784e-10	2.4844e-11	7.436e-11	1.771e-11	6.6012e-11	7.8156e-12	7.4436e-11	1.2801e-11	5.8084e-11	1.4504e-11	5.8113e-11	2.1999e-11	3.652e-11	7.4615e-12	3.6979e-11	5.3974e-12	3.3679e-11	3.0351e-12	3.3697e-11	1.1646e-11	5.001e-11	3.2903e-11	6.2503e-11	1.1658e-11	2.043e-11	6.2639e-12	5.8484e-11	3.0468e-12	3.4e-12	2.0585e-12
19.2184	0.04799	0.061767	5.4289e-05	1.0083e-05	8.9191e-05	0.00050266	0.00068901	0.0037286	7.2654e-06	0.00037148	1.4597e-05	9.5474e-05	1.6934e-05	5.9812e-05	1.3718e-06	7.419e-06	7.7812e-07	4.4048e-06	1.8661e-06	1.0344e-05	1.7761e-06	6.8174e-06	4.8443e-06	8.4601e-06	6.0282e-06	4.0528e-05	1.0472e-07	1.6415e-06	2.7674e-08	3.5774e-08	2.6601e-09	5.7403e-09	3.6497e-10	2.1433e-09	3.9825e-10	1.1135e-09	3.6223e-10	1.1932e-09	2.6678e-10	6.5676e-10	1.1887e-10	3.326e-10	3.8989e-11	1.2745e-10	6.5715e-11	1.8941e-10	6.1656e-11	1.6523e-10	3.6356e-11	1.9484e-10	4.1101e-11	2.383e-10	4.5704e-11	1.1262e-10	2.7073e-11	2.8006e-10	2.5042e-11	7.4965e-11	1.7854e-11	6.6549e-11	7.8791e-12	7.5037e-11	1.2905e-11	5.8547e-11	1.4619e-11	5.8577e-11	2.2174e-11	3.6811e-11	7.521e-12	3.7274e-11	5.4404e-12	3.3948e-11	3.0594e-12	3.3966e-11	1.1739e-11	5.041e-11	3.3166e-11	6.3002e-11	1.1751e-11	2.0594e-11	6.3141e-12	5.8951e-11	3.0712e-12	3.427e-12	2.0749e-12
19.4854	0.048447	0.06191	5.4799e-05	1.0237e-05	9.0132e-05	0.00050455	0.00066697	0.0035874	7.3376e-06	0.00036029	1.4717e-05	9.6142e-05	1.7063e-05	6.0253e-05	1.3882e-06	7.4913e-06	7.8976e-07	4.2986e-06	1.8903e-06	1.0427e-05	1.7925e-06	6.8778e-06	4.8788e-06	8.524e-06	6.0676e-06	4.0852e-05	1.0607e-07	1.656e-06	2.7896e-08	3.606e-08	2.6814e-09	5.7865e-09	3.679e-10	2.1612e-09	4.0146e-10	1.1228e-09	3.6523e-10	1.203e-09	2.6893e-10	6.6205e-10	1.1983e-10	3.3528e-10	3.9303e-11	1.2847e-10	6.6244e-11	1.9099e-10	6.2153e-11	1.6661e-10	3.666e-11	1.9647e-10	4.1445e-11	2.4026e-10	4.6087e-11	1.1355e-10	2.7296e-11	2.8236e-10	2.5248e-11	7.5583e-11	1.8003e-11	6.7106e-11	7.9451e-12	7.5654e-11	1.3012e-11	5.9029e-11	1.474e-11	5.9059e-11	2.2357e-11	3.7114e-11	7.5829e-12	3.7582e-11	5.4853e-12	3.4227e-11	3.0846e-12	3.4246e-11	1.1836e-11	5.0826e-11	3.344e-11	6.3523e-11	1.1848e-11	2.0764e-11	6.3657e-12	5.9433e-11	3.0964e-12	3.4551e-12	2.0919e-12
19.7562	0.048926	0.062044	5.5327e-05	1.0395e-05	9.1106e-05	0.00050657	0.00064568	0.00345	7.4124e-06	0.00034966	1.4838e-05	9.6842e-05	1.7196e-05	6.0715e-05	1.4051e-06	7.5662e-06	8.0162e-07	4.1984e-06	1.9153e-06	1.0514e-05	1.8095e-06	6.9404e-06	4.9149e-06	8.5904e-06	6.1088e-06	4.1188e-05	1.0747e-07	1.6709e-06	2.8126e-08	3.6358e-08	2.7037e-09	5.8345e-09	3.7096e-10	2.1798e-09	4.048e-10	1.1325e-09	3.6837e-10	1.2134e-09	2.7117e-10	6.6755e-10	1.2082e-10	3.3808e-10	3.963e-11	1.2958e-10	6.6801e-11	1.9263e-10	6.2684e-11	1.6804e-10	3.6975e-11	1.9817e-10	4.1802e-11	2.423e-10	4.6481e-11	1.1451e-10	2.7527e-11	2.8476e-10	2.5462e-11	7.6223e-11	1.8158e-11	6.7674e-11	8.0137e-12	7.6295e-11	1.3122e-11	5.953e-11	1.4865e-11	5.9561e-11	2.2547e-11	3.7429e-11	7.6472e-12	3.7901e-11	5.5319e-12	3.4518e-11	3.1108e-12	3.4537e-11	1.1937e-11	5.1255e-11	3.3723e-11	6.4059e-11	1.1949e-11	2.0939e-11	6.4193e-12	5.9934e-11	3.1225e-12	3.4843e-12	2.1096e-12
20.0308	0.049425	0.062169	5.5872e-05	1.0558e-05	9.2112e-05	0.00050873	0.00062494	0.0033169	7.4897e-06	0.00033959	1.4963e-05	9.757e-05	1.7331e-05	6.1196e-05	1.4225e-06	7.6439e-06	8.1381e-07	4.104e-06	1.9412e-06	1.0604e-05	1.8272e-06	7.0052e-06	4.9523e-06	8.6594e-06	6.1517e-06	4.1537e-05	1.0892e-07	1.6863e-06	2.8365e-08	3.6667e-08	2.7267e-09	5.8847e-09	3.7415e-10	2.199e-09	4.0837e-10	1.1425e-09	3.7162e-10	1.2241e-09	2.7355e-10	6.7342e-10	1.2186e-10	3.4106e-10	3.9978e-11	1.3072e-10	6.739e-11	1.9433e-10	6.3238e-11	1.6953e-10	3.7303e-11	1.9992e-10	4.2166e-11	2.4441e-10	4.6885e-11	1.1551e-10	2.7767e-11	2.8724e-10	2.5684e-11	7.6887e-11	1.8316e-11	6.8262e-11	8.084e-12	7.696e-11	1.3237e-11	6.005e-11	1.4994e-11	6.0081e-11	2.2744e-11	3.7756e-11	7.714e-12	3.8232e-11	5.5802e-12	3.4819e-11	3.1379e-12	3.4837e-11	1.204e-11	5.1699e-11	3.4015e-11	6.4614e-11	1.2052e-11	2.112e-11	6.475e-12	6.0453e-11	3.1495e-12	3.5147e-12	2.1281e-12
20.3092	0.049946	0.062287	5.6435e-05	1.0726e-05	9.3151e-05	0.00051106	0.00060428	0.003189	7.5697e-06	0.00033005	1.5094e-05	9.833e-05	1.7471e-05	6.1696e-05	1.4402e-06	7.7243e-06	8.2639e-07	4.0156e-06	1.9674e-06	1.0697e-05	1.8454e-06	7.0723e-06	4.9912e-06	8.7311e-06	6.1964e-06	4.1899e-05	1.1041e-07	1.7023e-06	2.8613e-08	3.6987e-08	2.7507e-09	5.938e-09	3.7754e-10	2.219e-09	4.1208e-10	1.1529e-09	3.75e-10	1.2352e-09	2.7603e-10	6.7953e-10	1.2296e-10	3.4416e-10	4.034e-11	1.3191e-10	6.8001e-11	1.961e-10	6.3811e-11	1.7108e-10	3.7642e-11	2.017e-10	4.2543e-11	2.466e-10	4.7304e-11	1.1655e-10	2.8015e-11	2.8982e-10	2.5914e-11	7.7575e-11	1.848e-11	6.8873e-11	8.1563e-12	7.7649e-11	1.3355e-11	6.0588e-11	1.5129e-11	6.0618e-11	2.2947e-11	3.8094e-11	7.7832e-12	3.8572e-11	5.63e-12	3.5128e-11	3.1658e-12	3.5146e-11	1.2147e-11	5.2159e-11	3.4318e-11	6.5189e-11	1.216e-11	2.1308e-11	6.5327e-12	6.0992e-11	3.1776e-12	3.5465e-12	2.1473e-12
20.5914	0.050489	0.062397	5.7016e-05	1.0902e-05	9.4222e-05	0.00051353	0.00058424	0.0030662	7.6522e-06	0.00032091	1.5229e-05	9.9119e-05	1.7617e-05	6.2215e-05	1.4585e-06	7.8074e-06	8.3935e-07	3.9332e-06	1.9944e-06	1.0794e-05	1.8642e-06	7.1416e-06	5.0315e-06	8.8053e-06	6.2428e-06	4.2274e-05	1.1195e-07	1.7188e-06	2.887e-08	3.7318e-08	2.7761e-09	5.9932e-09	3.8105e-10	2.2397e-09	4.1591e-10	1.1636e-09	3.7849e-10	1.2467e-09	2.7859e-10	6.8584e-10	1.241e-10	3.4736e-10	4.0715e-11	1.3313e-10	6.8633e-11	1.9793e-10	6.4405e-11	1.7266e-10	3.799e-11	2.0355e-10	4.2933e-11	2.4885e-10	4.7738e-11	1.1762e-10	2.8272e-11	2.9246e-10	2.6152e-11	7.8287e-11	1.8649e-11	6.9505e-11	8.231e-12	7.8362e-11	1.3478e-11	6.114e-11	1.5267e-11	6.117e-11	2.3156e-11	3.8441e-11	7.8543e-12	3.8923e-11	5.6813e-12	3.5449e-11	3.1947e-12	3.5467e-11	1.2258e-11	5.2635e-11	3.4631e-11	6.5784e-11	1.2271e-11	2.1502e-11	6.5924e-12	6.155e-11	3.2066e-12	3.5794e-12	2.1673e-12
20.8776	0.051053	0.062497	5.7615e-05	1.1084e-05	9.5327e-05	0.00051616	0.00056468	0.002949	7.7374e-06	0.00031217	1.5369e-05	9.9923e-05	1.7768e-05	6.2754e-05	1.4773e-06	7.8934e-06	8.527e-07	3.8553e-06	2.0222e-06	1.0895e-05	1.8837e-06	7.2131e-06	5.0732e-06	8.8821e-06	6.2909e-06	4.2662e-05	1.1353e-07	1.7359e-06	2.9135e-08	3.7661e-08	2.8025e-09	6.0502e-09	3.8468e-10	2.261e-09	4.1987e-10	1.1746e-09	3.821e-10	1.2586e-09	2.8125e-10	6.9237e-10	1.2528e-10	3.5066e-10	4.1102e-11	1.344e-10	6.9287e-11	1.9981e-10	6.5019e-11	1.7428e-10	3.8346e-11	2.0546e-10	4.3336e-11	2.5117e-10	4.8187e-11	1.1872e-10	2.8538e-11	2.9519e-10	2.6396e-11	7.9024e-11	1.8825e-11	7.0159e-11	8.3082e-12	7.9098e-11	1.3605e-11	6.1711e-11	1.541e-11	6.1741e-11	2.3372e-11	3.88e-11	7.9275e-12	3.9287e-11	5.7343e-12	3.578e-11	3.2245e-12	3.5799e-11	1.2373e-11	5.3128e-11	3.4955e-11	6.6399e-11	1.2385e-11	2.1704e-11	6.6542e-12	6.2129e-11	3.2367e-12	3.6133e-12	2.1879e-12
21.1677	0.051615	0.062586	5.8226e-05	1.127e-05	9.6465e-05	0.00051892	0.00054601	0.0028366	7.8253e-06	0.00030389	1.5513e-05	0.00010075	1.7924e-05	6.3309e-05	1.4967e-06	7.9819e-06	8.6646e-07	3.7832e-06	2.0508e-06	1.0998e-05	1.9037e-06	7.287e-06	5.1174e-06	8.9615e-06	6.3408e-06	4.3063e-05	1.1516e-07	1.7535e-06	2.941e-08	3.8016e-08	2.8298e-09	6.1091e-09	3.8842e-10	2.2827e-09	4.2396e-10	1.1859e-09	3.858e-10	1.2708e-09	2.8398e-10	6.9912e-10	1.265e-10	3.5408e-10	4.1503e-11	1.3571e-10	6.9962e-11	2.0174e-10	6.5653e-11	1.7595e-10	3.8714e-11	2.0743e-10	4.3752e-11	2.5357e-10	4.865e-11	1.1985e-10	2.8811e-11	2.9801e-10	2.6648e-11	7.9779e-11	1.9006e-11	7.0833e-11	8.3881e-12	7.9852e-11	1.3735e-11	6.23e-11	1.5557e-11	6.2331e-11	2.3596e-11	3.917e-11	8.0032e-12	3.9663e-11	5.7891e-12	3.6122e-11	3.2554e-12	3.6141e-11	1.2491e-11	5.3637e-11	3.5289e-11	6.7035e-11	1.2504e-11	2.1912e-11	6.7187e-12	6.2731e-11	3.2679e-12	3.6485e-12	2.2091e-12
21.4619	0.052196	0.062644	5.885e-05	1.1462e-05	9.7636e-05	0.00052169	0.00052757	0.0027297	7.9157e-06	0.00029589	1.5662e-05	0.0001016	1.8085e-05	6.387e-05	1.5167e-06	8.0713e-06	8.8061e-07	3.716e-06	2.0803e-06	1.1103e-05	1.9244e-06	7.363e-06	5.1633e-06	9.0434e-06	6.3934e-06	4.3476e-05	1.1683e-07	1.7717e-06	2.9694e-08	3.8381e-08	2.8579e-09	6.1698e-09	3.9228e-10	2.305e-09	4.2817e-10	1.1975e-09	3.8957e-10	1.2832e-09	2.8681e-10	7.0607e-10	1.2776e-10	3.576e-10	4.1915e-11	1.3705e-10	7.0658e-11	2.0371e-10	6.63e-11	1.7767e-10	3.9093e-11	2.0947e-10	4.4182e-11	2.5605e-10	4.9126e-11	1.2102e-10	2.9092e-11	3.0092e-10	2.6908e-11	8.0556e-11	1.9192e-11	7.1523e-11	8.4704e-12	8.063e-11	1.3869e-11	6.2908e-11	1.5709e-11	6.2939e-11	2.3826e-11	3.9552e-11	8.0813e-12	4.005e-11	5.8456e-12	3.6475e-11	3.2872e-12	3.6494e-11	1.2613e-11	5.4166e-11	3.5636e-11	6.7697e-11	1.2627e-11	2.2129e-11	6.7851e-12	6.3351e-11	3.3003e-12	3.6847e-12	2.2311e-12
21.7602	0.052799	0.062688	5.9492e-05	1.1659e-05	9.8842e-05	0.00052463	0.00050952	0.0026261	8.0089e-06	0.0002882	1.5816e-05	0.00010248	1.8251e-05	6.445e-05	1.5373e-06	8.1635e-06	8.9518e-07	3.6542e-06	2.1107e-06	1.1211e-05	1.9457e-06	7.4418e-06	5.2107e-06	9.1279e-06	6.4483e-06	4.3902e-05	1.1858e-07	1.7904e-06	2.9994e-08	3.8763e-08	2.8868e-09	6.2324e-09	3.9626e-10	2.328e-09	4.3247e-10	1.2095e-09	3.9346e-10	1.2961e-09	2.8969e-10	7.1317e-10	1.2905e-10	3.6118e-10	4.2337e-11	1.3842e-10	7.1363e-11	2.0575e-10	6.6962e-11	1.7945e-10	3.9484e-11	2.1156e-10	4.4621e-11	2.586e-10	4.9614e-11	1.2222e-10	2.9381e-11	3.0392e-10	2.7176e-11	8.1357e-11	1.9383e-11	7.2234e-11	8.5549e-12	8.1432e-11	1.4006e-11	6.3535e-11	1.5865e-11	6.3567e-11	2.4063e-11	3.9947e-11	8.1618e-12	4.045e-11	5.9039e-12	3.6841e-11	3.3201e-12	3.6862e-11	1.274e-11	5.4713e-11	3.5996e-11	6.838e-11	1.2754e-11	2.2352e-11	6.8537e-12	6.3991e-11	3.3336e-12	3.7227e-12	2.2544e-12
22.0626	0.053423	0.06272	6.0152e-05	1.1862e-05	0.00010009	0.00052772	0.00049234	0.0025275	8.1047e-06	0.00028082	1.5974e-05	0.00010339	1.8423e-05	6.5049e-05	1.5584e-06	8.2584e-06	9.1017e-07	3.5969e-06	2.1419e-06	1.1322e-05	1.9676e-06	7.5244e-06	5.2594e-06	9.2164e-06	6.505e-06	4.4341e-05	1.2038e-07	1.8097e-06	3.0303e-08	3.9162e-08	2.9167e-09	6.2959e-09	4.0029e-10	2.3517e-09	4.3686e-10	1.2218e-09	3.9746e-10	1.3092e-09	2.9264e-10	7.2041e-10	1.3037e-10	3.6485e-10	4.2767e-11	1.3982e-10	7.2089e-11	2.0784e-10	6.7643e-11	1.8128e-10	3.9887e-11	2.137e-10	4.5072e-11	2.6123e-10	5.0116e-11	1.2346e-10	2.9679e-11	3.0701e-10	2.7451e-11	8.2182e-11	1.9579e-11	7.2965e-11	8.6415e-12	8.2258e-11	1.4148e-11	6.4182e-11	1.6026e-11	6.4217e-11	2.4309e-11	4.0355e-11	8.2447e-12	4.0866e-11	5.9643e-12	3.7219e-11	3.3542e-12	3.7241e-11	1.2871e-11	5.5276e-11	3.6366e-11	6.9083e-11	1.2885e-11	2.2582e-11	6.9243e-12	6.465e-11	3.3679e-12	3.7623e-12	2.2784e-12
22.3692	0.054069	0.062742	6.083e-05	1.2068e-05	0.00010139	0.00053096	0.00047563	0.002434	8.2033e-06	0.00027377	1.6138e-05	0.00010433	1.86e-05	6.5667e-05	1.5802e-06	8.3562e-06	9.2559e-07	3.544e-06	2.174e-06	1.1437e-05	1.9901e-06	7.6094e-06	5.3097e-06	9.3086e-06	6.5635e-06	4.4797e-05	1.2223e-07	1.8296e-06	3.0621e-08	3.9572e-08	2.947e-09	6.3611e-09	4.0444e-10	2.3762e-09	4.4139e-10	1.2345e-09	4.0159e-10	1.3228e-09	2.9567e-10	7.2788e-10	1.3172e-10	3.6863e-10	4.3211e-11	1.4127e-10	7.2836e-11	2.1e-10	6.8344e-11	1.8316e-10	4.03e-11	2.1591e-10	4.5538e-11	2.6396e-10	5.0634e-11	1.2474e-10	2.9986e-11	3.1022e-10	2.7736e-11	8.3031e-11	1.9781e-11	7.3719e-11	8.7306e-12	8.3109e-11	1.4295e-11	6.4854e-11	1.6193e-11	6.4889e-11	2.4564e-11	4.0777e-11	8.3307e-12	4.1293e-11	6.0268e-12	3.7609e-11	3.3894e-12	3.7631e-11	1.3006e-11	5.5855e-11	3.6747e-11	6.9807e-11	1.302e-11	2.2819e-11	6.9969e-12	6.5329e-11	3.4033e-12	3.803e-12	2.3031e-12
22.6801	0.054737	0.062755	6.1526e-05	1.228e-05	0.00010273	0.00053436	0.00045957	0.0023462	8.3045e-06	0.00026705	1.6305e-05	0.0001053	1.8782e-05	6.6303e-05	1.6025e-06	8.4567e-06	9.4143e-07	3.4958e-06	2.207e-06	1.1555e-05	2.0137e-06	7.6967e-06	5.3613e-06	9.4034e-06	6.6235e-06	4.5274e-05	1.2414e-07	1.85e-06	3.0948e-08	3.9994e-08	2.978e-09	6.428e-09	4.087e-10	2.4012e-09	4.4604e-10	1.2475e-09	4.0582e-10	1.3368e-09	2.9878e-10	7.3554e-10	1.3311e-10	3.7252e-10	4.3666e-11	1.4276e-10	7.3603e-11	2.1222e-10	6.9064e-11	1.8507e-10	4.0722e-11	2.1817e-10	4.6016e-11	2.6677e-10	5.1165e-11	1.2606e-10	3.0301e-11	3.1351e-10	2.803e-11	8.3904e-11	1.9989e-11	7.4494e-11	8.8222e-12	8.3987e-11	1.4445e-11	6.5543e-11	1.6365e-11	6.5579e-11	2.4825e-11	4.121e-11	8.4193e-12	4.1733e-11	6.0909e-12	3.801e-11	3.4255e-12	3.8031e-11	1.3144e-11	5.6451e-11	3.7139e-11	7.0551e-11	1.3159e-11	2.3062e-11	7.0727e-12	6.6041e-11	3.4398e-12	3.8449e-12	2.3285e-12
22.9953	0.055426	0.062756	6.2236e-05	1.2498e-05	0.0001041	0.00053791	0.00044415	0.0022623	8.4084e-06	0.0002606	1.6478e-05	0.00010629	1.897e-05	6.6958e-05	1.6255e-06	8.56e-06	9.5772e-07	3.4515e-06	2.2409e-06	1.1677e-05	2.038e-06	7.7863e-06	5.414e-06	9.5008e-06	6.6854e-06	4.5764e-05	1.2609e-07	1.871e-06	3.1284e-08	4.0428e-08	3.0099e-09	6.4969e-09	4.1307e-10	2.4268e-09	4.5082e-10	1.2608e-09	4.1017e-10	1.3511e-09	3.0198e-10	7.4342e-10	1.3453e-10	3.7651e-10	4.4134e-11	1.4429e-10	7.4392e-11	2.1448e-10	6.9805e-11	1.8705e-10	4.1156e-11	2.205e-10	4.6507e-11	2.6965e-10	5.1712e-11	1.2742e-10	3.0628e-11	3.169e-10	2.8333e-11	8.4809e-11	2.0202e-11	7.5291e-11	8.9164e-12	8.4894e-11	1.46e-11	6.6252e-11	1.6542e-11	6.6288e-11	2.5094e-11	4.1656e-11	8.5103e-12	4.2184e-11	6.1568e-12	3.8421e-11	3.4625e-12	3.8443e-11	1.3287e-11	5.7068e-11	3.7541e-11	7.1321e-11	1.3301e-11	2.3316e-11	7.1516e-12	6.6778e-11	3.4781e-12	3.888e-12	2.3546e-12
23.3148	0.056137	0.062744	6.2962e-05	1.2721e-05	0.0001055	0.00054161	0.00042946	0.0021818	8.517e-06	0.0002544	1.6655e-05	0.00010732	1.9162e-05	6.7631e-05	1.6491e-06	8.6661e-06	9.7444e-07	3.4113e-06	2.2757e-06	1.1802e-05	2.063e-06	7.8782e-06	5.4674e-06	9.6007e-06	6.7485e-06	4.6267e-05	1.281e-07	1.8925e-06	3.1628e-08	4.0873e-08	3.0426e-09	6.5675e-09	4.1756e-10	2.453e-09	4.5572e-10	1.2744e-09	4.146e-10	1.3657e-09	3.0527e-10	7.5151e-10	1.36e-10	3.8061e-10	4.4614e-11	1.4586e-10	7.5202e-11	2.168e-10	7.0562e-11	1.8907e-10	4.1601e-11	2.2289e-10	4.7012e-11	2.7261e-10	5.2276e-11	1.2882e-10	3.0963e-11	3.2038e-10	2.8644e-11	8.5738e-11	2.0421e-11	7.6115e-11	9.013e-12	8.5824e-11	1.476e-11	6.698e-11	1.6723e-11	6.7016e-11	2.5369e-11	4.2114e-11	8.6037e-12	4.2648e-11	6.2244e-12	3.8843e-11	3.5006e-12	3.8869e-11	1.3433e-11	5.7714e-11	3.7966e-11	7.2128e-11	1.3451e-11	2.358e-11	7.2327e-12	6.7535e-11	3.5175e-12	3.932e-12	2.381e-12
23.6389	0.05687	0.062743	6.3705e-05	1.2951e-05	0.00010695	0.00054549	0.00041532	0.0021064	8.6288e-06	0.00024841	1.6839e-05	0.00010837	1.936e-05	6.8323e-05	1.6732e-06	8.775e-06	9.9165e-07	3.3751e-06	2.3114e-06	1.193e-05	2.0885e-06	7.9725e-06	5.5222e-06	9.7032e-06	6.8124e-06	4.6783e-05	1.3015e-07	1.915e-06	3.1977e-08	4.1329e-08	3.0761e-09	6.64e-09	4.2217e-10	2.4799e-09	4.6073e-10	1.2884e-09	4.1914e-10	1.3807e-09	3.0863e-10	7.5978e-10	1.375e-10	3.8478e-10	4.5105e-11	1.4746e-10	7.6026e-11	2.1918e-10	7.1335e-11	1.9114e-10	4.2058e-11	2.2535e-10	4.7534e-11	2.7565e-10	5.2856e-11	1.3025e-10	3.1308e-11	3.2395e-10	2.8963e-11	8.6692e-11	2.0648e-11	7.6961e-11	9.1126e-12	8.6779e-11	1.4924e-11	6.7726e-11	1.691e-11	6.7763e-11	2.5652e-11	4.2583e-11	8.6995e-12	4.3131e-11	6.294e-12	3.9289e-11	3.5407e-12	3.9315e-11	1.3588e-11	5.8377e-11	3.8401e-11	7.2956e-11	1.3605e-11	2.3851e-11	7.3158e-12	6.8311e-11	3.558e-12	3.9765e-12	2.408e-12
23.9674	0.057625	0.062732	6.4467e-05	1.3186e-05	0.00010843	0.00054954	0.00040185	0.002036	8.7433e-06	0.00024267	1.703e-05	0.00010945	1.9564e-05	6.9034e-05	1.698e-06	8.8867e-06	1.0096e-06	3.3427e-06	2.3481e-06	1.2061e-05	2.1148e-06	8.0677e-06	5.5784e-06	9.8079e-06	6.8778e-06	4.7312e-05	1.3223e-07	1.9382e-06	3.2333e-08	4.1789e-08	3.1105e-09	6.7138e-09	4.2686e-10	2.5075e-09	4.6584e-10	1.3027e-09	4.238e-10	1.396e-09	3.1205e-10	7.6821e-10	1.3903e-10	3.8905e-10	4.5605e-11	1.4909e-10	7.687e-11	2.2161e-10	7.2128e-11	1.9327e-10	4.2526e-11	2.2788e-10	4.8069e-11	2.7881e-10	5.3452e-11	1.3172e-10	3.1661e-11	3.2765e-10	2.929e-11	8.7669e-11	2.0881e-11	7.7829e-11	9.2151e-12	8.7758e-11	1.5093e-11	6.8506e-11	1.7101e-11	6.855e-11	2.5949e-11	4.3075e-11	8.7983e-12	4.3632e-11	6.3671e-12	3.9745e-11	3.5818e-12	3.9772e-11	1.3745e-11	5.9056e-11	3.8848e-11	7.3805e-11	1.3764e-11	2.4129e-11	7.401e-12	6.9107e-11	3.5994e-12	4.0221e-12	2.4356e-12
24.3005	0.058403	0.062707	6.5246e-05	1.3426e-05	0.00010992	0.00055373	0.00038891	0.0019689	8.8606e-06	0.00023719	1.7225e-05	0.00011056	1.9778e-05	6.9762e-05	1.7238e-06	9.0012e-06	1.0279e-06	3.3139e-06	2.3858e-06	1.2196e-05	2.1416e-06	8.165e-06	5.636e-06	9.9137e-06	6.9449e-06	4.7854e-05	1.3437e-07	1.962e-06	3.2698e-08	4.2261e-08	3.1456e-09	6.7892e-09	4.3166e-10	2.5357e-09	4.7108e-10	1.3174e-09	4.2857e-10	1.4117e-09	3.1556e-10	7.7685e-10	1.4059e-10	3.9343e-10	4.6118e-11	1.5077e-10	7.7735e-11	2.2411e-10	7.2939e-11	1.9546e-10	4.3008e-11	2.3048e-10	4.8617e-11	2.8208e-10	5.4062e-11	1.3324e-10	3.2022e-11	3.3151e-10	2.963e-11	8.867e-11	2.1119e-11	7.8717e-11	9.3202e-12	8.8761e-11	1.5265e-11	6.9311e-11	1.7302e-11	6.9356e-11	2.6255e-11	4.3582e-11	8.9017e-12	4.4146e-11	6.442e-12	4.0213e-11	3.624e-12	4.0241e-11	1.3907e-11	5.9752e-11	3.9306e-11	7.4675e-11	1.3926e-11	2.4413e-11	7.4882e-12	6.9918e-11	3.6418e-12	4.0688e-12	2.4639e-12
24.6382	0.059203	0.062646	6.6042e-05	1.3672e-05	0.00011145	0.00055808	0.00037676	0.0019063	8.9808e-06	0.00023192	1.7426e-05	0.00011169	1.9996e-05	7.0509e-05	1.7503e-06	9.1186e-06	1.0468e-06	3.289e-06	2.425e-06	1.2335e-05	2.1689e-06	8.2646e-06	5.6948e-06	1.0022e-05	7.0136e-06	4.8399e-05	1.3656e-07	1.9863e-06	3.3072e-08	4.2744e-08	3.1813e-09	6.8665e-09	4.3657e-10	2.5647e-09	4.7644e-10	1.3325e-09	4.3346e-10	1.4278e-09	3.1915e-10	7.8569e-10	1.4219e-10	3.9791e-10	4.6643e-11	1.5249e-10	7.862e-11	2.2666e-10	7.377e-11	1.9771e-10	4.3503e-11	2.3314e-10	4.9179e-11	2.8544e-10	5.4686e-11	1.3482e-10	3.2396e-11	3.3545e-10	2.9982e-11	8.9703e-11	2.1363e-11	7.9627e-11	9.4278e-12	8.981e-11	1.5442e-11	7.0136e-11	1.7507e-11	7.0181e-11	2.6567e-11	4.4101e-11	9.0075e-12	4.4671e-11	6.5187e-12	4.0692e-11	3.6672e-12	4.072e-11	1.4073e-11	6.0465e-11	3.9774e-11	7.5565e-11	1.4092e-11	2.4703e-11	7.576e-12	7.0738e-11	3.6847e-12	4.1166e-12	2.4929e-12
24.9806	0.060026	0.062551	6.6862e-05	1.3925e-05	0.00011301	0.0005626	0.00036508	0.0018477	9.1038e-06	0.00022688	1.7631e-05	0.00011286	2.0219e-05	7.1274e-05	1.7774e-06	9.2388e-06	1.0661e-06	3.2674e-06	2.4651e-06	1.2476e-05	2.1966e-06	8.3666e-06	5.7549e-06	1.0133e-05	7.084e-06	4.8958e-05	1.3881e-07	2.0112e-06	3.3455e-08	4.3238e-08	3.2179e-09	6.9455e-09	4.416e-10	2.5946e-09	4.8193e-10	1.348e-09	4.3848e-10	1.4443e-09	3.2283e-10	7.9474e-10	1.4383e-10	4.0249e-10	4.718e-11	1.5425e-10	7.9526e-11	2.293e-10	7.4621e-11	2.0002e-10	4.4011e-11	2.3586e-10	4.9753e-11	2.8887e-10	5.5325e-11	1.3644e-10	3.2785e-11	3.3948e-10	3.0342e-11	9.078e-11	2.1612e-11	8.0572e-11	9.5378e-12	9.0889e-11	1.5627e-11	7.098e-11	1.7718e-11	7.1026e-11	2.6887e-11	4.4631e-11	9.1159e-12	4.5209e-11	6.5972e-12	4.1182e-11	3.7114e-12	4.1211e-11	1.4243e-11	6.1182e-11	4.0249e-11	7.6464e-11	1.426e-11	2.4996e-11	7.6659e-12	7.1577e-11	3.7284e-12	4.1656e-12	2.5225e-12
25.3277	0.060874	0.062443	6.7701e-05	1.4183e-05	0.00011462	0.00056728	0.00035416	0.001793	9.2288e-06	0.00022202	1.7841e-05	0.00011408	2.0448e-05	7.2058e-05	1.8053e-06	9.3618e-06	1.086e-06	3.2493e-06	2.5063e-06	1.2621e-05	2.225e-06	8.4708e-06	5.8159e-06	1.0246e-05	7.1557e-06	4.9529e-05	1.411e-07	2.0367e-06	3.3846e-08	4.3743e-08	3.2554e-09	7.0264e-09	4.4674e-10	2.6251e-09	4.8755e-10	1.3639e-09	4.4364e-10	1.4613e-09	3.2659e-10	8.04e-10	1.455e-10	4.0718e-10	4.773e-11	1.5606e-10	8.0453e-11	2.3199e-10	7.5495e-11	2.0237e-10	4.4529e-11	2.3865e-10	5.035e-11	2.9239e-10	5.5996e-11	1.381e-10	3.3183e-11	3.4361e-10	3.0711e-11	9.1883e-11	2.1872e-11	8.1549e-11	9.6505e-12	9.1994e-11	1.5817e-11	7.1844e-11	1.7933e-11	7.1891e-11	2.7214e-11	4.5175e-11	9.2268e-12	4.5758e-11	6.6775e-12	4.1679e-11	3.7561e-12	4.1705e-11	1.4414e-11	6.1915e-11	4.0731e-11	7.738e-11	1.4431e-11	2.5296e-11	7.7578e-12	7.2436e-11	3.7731e-12	4.2157e-12	2.5529e-12
25.6797	0.061753	0.062326	6.8559e-05	1.4448e-05	0.00011625	0.00057214	0.0003438	0.0017418	9.3557e-06	0.00021737	1.8055e-05	0.00011533	2.0682e-05	7.287e-05	1.8337e-06	9.4888e-06	1.1063e-06	3.2346e-06	2.5484e-06	1.2771e-05	2.2539e-06	8.5773e-06	5.8782e-06	1.0362e-05	7.2285e-06	5.0113e-05	1.4345e-07	2.0625e-06	3.4243e-08	4.4259e-08	3.2936e-09	7.109e-09	4.5199e-10	2.6564e-09	4.9332e-10	1.3801e-09	4.4891e-10	1.4787e-09	3.3045e-10	8.1351e-10	1.4721e-10	4.1201e-10	4.8294e-11	1.5791e-10	8.1408e-11	2.3475e-10	7.6391e-11	2.0478e-10	4.5059e-11	2.4155e-10	5.0966e-11	2.9597e-10	5.6682e-11	1.3979e-10	3.359e-11	3.4783e-10	3.1088e-11	9.3009e-11	2.214e-11	8.2549e-11	9.7684e-12	9.3122e-11	1.6011e-11	7.2722e-11	1.8153e-11	7.2765e-11	2.7545e-11	4.5725e-11	9.3401e-12	4.6311e-11	6.7585e-12	4.2183e-11	3.8015e-12	4.2209e-11	1.4588e-11	6.2664e-11	4.1224e-11	7.8316e-11	1.4606e-11	2.5602e-11	7.8518e-12	7.3313e-11	3.8188e-12	4.2669e-12	2.5839e-12
26.0366	0.062655	0.062209	6.9434e-05	1.4719e-05	0.00011793	0.00057729	0.00033404	0.0016939	9.4854e-06	0.00021296	1.8271e-05	0.00011661	2.092e-05	7.3709e-05	1.8629e-06	9.6202e-06	1.127e-06	3.2227e-06	2.5916e-06	1.2926e-05	2.2836e-06	8.6854e-06	5.9418e-06	1.048e-05	7.3028e-06	5.0709e-05	1.4585e-07	2.0888e-06	3.4648e-08	4.4783e-08	3.3327e-09	7.1941e-09	4.5741e-10	2.6883e-09	4.9924e-10	1.3967e-09	4.543e-10	1.4964e-09	3.3441e-10	8.2326e-10	1.4897e-10	4.1695e-10	4.8873e-11	1.598e-10	8.2384e-11	2.3757e-10	7.7307e-11	2.0724e-10	4.5601e-11	2.4453e-10	5.1596e-11	2.9958e-10	5.7382e-11	1.4152e-10	3.4005e-11	3.5207e-10	3.1472e-11	9.416e-11	2.2413e-11	8.3569e-11	9.889e-12	9.4275e-11	1.6209e-11	7.3608e-11	1.8376e-11	7.3652e-11	2.7881e-11	4.6283e-11	9.4543e-12	4.6876e-11	6.8409e-12	4.2697e-11	3.8479e-12	4.2724e-11	1.4766e-11	6.343e-11	4.1727e-11	7.9272e-11	1.4784e-11	2.5915e-11	7.9477e-12	7.421e-11	3.8655e-12	4.3192e-12	2.6156e-12
26.3984	0.06358	0.062079	7.0386e-05	1.4999e-05	0.00011962	0.00058259	0.00032487	0.0016491	9.6179e-06	0.00020876	1.8491e-05	0.00011791	2.116e-05	7.4567e-05	1.8926e-06	9.7545e-06	1.1481e-06	3.214e-06	2.6357e-06	1.3085e-05	2.3138e-06	8.7955e-06	6.0067e-06	1.0599e-05	7.3786e-06	5.1318e-05	1.4829e-07	2.1156e-06	3.5062e-08	4.5317e-08	3.3728e-09	7.281e-09	4.6293e-10	2.7208e-09	5.0527e-10	1.4136e-09	4.598e-10	1.5145e-09	3.3845e-10	8.3321e-10	1.5077e-10	4.2199e-10	4.9463e-11	1.6174e-10	8.338e-11	2.4044e-10	7.8242e-11	2.0981e-10	4.6167e-11	2.4758e-10	5.2239e-11	3.0326e-10	5.8098e-11	1.4327e-10	3.443e-11	3.564e-10	3.1859e-11	9.5335e-11	2.2693e-11	8.4612e-11	1.0012e-11	9.5443e-11	1.6411e-11	7.4513e-11	1.8602e-11	7.4558e-11	2.8224e-11	4.6852e-11	9.5704e-12	4.7453e-11	6.925e-12	4.3223e-11	3.8953e-12	4.325e-11	1.4948e-11	6.4211e-11	4.2241e-11	8.0249e-11	1.4966e-11	2.6234e-11	8.0458e-12	7.5125e-11	3.9131e-12	4.3726e-12	2.6479e-12
26.7653	0.064529	0.061937	7.13e-05	1.5284e-05	0.00012136	0.00058808	0.00031625	0.0016077	9.7533e-06	0.00020475	1.8716e-05	0.00011925	2.1405e-05	7.5442e-05	1.9227e-06	9.8917e-06	1.1697e-06	3.2085e-06	2.6804e-06	1.3247e-05	2.3445e-06	8.9079e-06	6.0729e-06	1.0721e-05	7.4559e-06	5.1935e-05	1.5079e-07	2.1429e-06	3.5484e-08	4.5862e-08	3.4138e-09	7.3697e-09	4.6857e-10	2.7546e-09	5.1143e-10	1.4313e-09	4.6541e-10	1.533e-09	3.4258e-10	8.4336e-10	1.526e-10	4.2713e-10	5.0066e-11	1.6371e-10	8.4396e-11	2.4339e-10	7.9196e-11	2.1244e-10	4.6745e-11	2.5069e-10	5.2895e-11	3.0702e-10	5.8828e-11	1.4504e-10	3.4856e-11	3.6082e-10	3.2253e-11	9.6517e-11	2.2978e-11	8.5673e-11	1.0138e-11	9.6625e-11	1.6615e-11	7.5437e-11	1.8832e-11	7.5482e-11	2.8574e-11	4.7432e-11	9.689e-12	4.8041e-11	7.0109e-12	4.3759e-11	3.9436e-12	4.3787e-11	1.5133e-11	6.5009e-11	4.2766e-11	8.1246e-11	1.5152e-11	2.656e-11	8.1458e-12	7.6059e-11	3.9618e-12	4.4271e-12	2.6801e-12
27.1373	0.065502	0.061797	7.2251e-05	1.5577e-05	0.00012313	0.00059373	0.00030821	0.0015684	9.8914e-06	0.00020095	1.8945e-05	0.00012061	2.1655e-05	7.6336e-05	1.9534e-06	1.0032e-05	1.1919e-06	3.206e-06	2.7261e-06	1.3412e-05	2.3758e-06	9.0225e-06	6.1406e-06	1.0846e-05	7.5347e-06	5.2563e-05	1.5335e-07	2.1708e-06	3.5914e-08	4.6417e-08	3.4557e-09	7.4601e-09	4.7432e-10	2.7893e-09	5.1771e-10	1.4494e-09	4.7126e-10	1.5521e-09	3.4679e-10	8.5372e-10	1.5448e-10	4.3238e-10	5.0681e-11	1.6572e-10	8.5433e-11	2.4646e-10	8.017e-11	2.1512e-10	4.7336e-11	2.5386e-10	5.3563e-11	3.1085e-10	5.9565e-11	1.4685e-10	3.5291e-11	3.6532e-10	3.2656e-11	9.772e-11	2.3268e-11	8.674e-11	1.0266e-11	9.7829e-11	1.6822e-11	7.6379e-11	1.9067e-11	7.6425e-11	2.8931e-11	4.8025e-11	9.81e-12	4.8641e-11	7.0985e-12	4.4306e-11	3.9929e-12	4.4335e-11	1.5322e-11	6.5822e-11	4.3301e-11	8.2262e-11	1.5341e-11	2.6892e-11	8.2478e-12	7.7012e-11	4.0114e-12	4.4798e-12	2.712e-12
27.5144	0.066498	0.061644	7.3221e-05	1.589e-05	0.00012493	0.00059954	0.0003007	0.0015318	1.0032e-05	0.00019733	1.9179e-05	0.00012198	2.191e-05	7.7247e-05	1.9849e-06	1.0175e-05	1.2146e-06	3.2064e-06	2.7728e-06	1.358e-05	2.4076e-06	9.1393e-06	6.2099e-06	1.0973e-05	7.6151e-06	5.3204e-05	1.5596e-07	2.1993e-06	3.6352e-08	4.6984e-08	3.4983e-09	7.5523e-09	4.8018e-10	2.8248e-09	5.2414e-10	1.4678e-09	4.7724e-10	1.5718e-09	3.5107e-10	8.6428e-10	1.5639e-10	4.3776e-10	5.1307e-11	1.6783e-10	8.6501e-11	2.4958e-10	8.1185e-11	2.1786e-10	4.7938e-11	2.5707e-10	5.4234e-11	3.1476e-10	6.0312e-11	1.487e-10	3.5733e-11	3.6991e-10	3.3066e-11	9.8946e-11	2.3559e-11	8.7828e-11	1.0396e-11	9.9057e-11	1.7033e-11	7.7339e-11	1.9307e-11	7.7386e-11	2.9294e-11	4.8629e-11	9.9332e-12	4.9253e-11	7.1877e-12	4.4864e-11	4.0431e-12	4.4893e-11	1.5515e-11	6.6652e-11	4.3846e-11	8.3299e-11	1.5535e-11	2.7231e-11	8.3518e-12	7.7984e-11	4.062e-12	4.5334e-12	2.7444e-12
27.8968	0.067519	0.061478	7.4209e-05	1.6196e-05	0.00012677	0.00060552	0.00029374	0.0014977	1.0175e-05	0.00019388	1.9418e-05	0.00012337	2.2169e-05	7.8173e-05	2.017e-06	1.0321e-05	1.2378e-06	3.2097e-06	2.8205e-06	1.3752e-05	2.4401e-06	9.2583e-06	6.2804e-06	1.1102e-05	7.6976e-06	5.3856e-05	1.5864e-07	2.2282e-06	3.6802e-08	4.7562e-08	3.5418e-09	7.647e-09	4.8622e-10	2.8609e-09	5.3083e-10	1.4865e-09	4.8334e-10	1.5919e-09	3.5555e-10	8.7531e-10	1.5834e-10	4.4335e-10	5.1961e-11	1.6997e-10	8.7605e-11	2.5277e-10	8.2222e-11	2.2065e-10	4.8551e-11	2.6031e-10	5.4918e-11	3.1874e-10	6.1073e-11	1.5058e-10	3.6185e-11	3.7459e-10	3.3484e-11	1.002e-10	2.3856e-11	8.8937e-11	1.0527e-11	1.0031e-10	1.7248e-11	7.8318e-11	1.9551e-11	7.8366e-11	2.9665e-11	4.9244e-11	1.0059e-11	4.9877e-11	7.2788e-12	4.5432e-11	4.0944e-12	4.5462e-11	1.5712e-11	6.7497e-11	4.4402e-11	8.4355e-11	1.5732e-11	2.7577e-11	8.4579e-12	7.897e-11	4.1135e-12	4.5881e-12	2.7775e-12
28.2845	0.068565	0.061272	7.5215e-05	1.6511e-05	0.00012865	0.00061156	0.00028719	0.0014659	1.032e-05	0.00019062	1.9658e-05	0.00012478	2.2434e-05	7.9105e-05	2.0497e-06	1.0468e-05	1.2614e-06	3.2176e-06	2.8693e-06	1.3925e-05	2.4732e-06	9.3805e-06	6.3576e-06	1.1233e-05	7.7815e-06	5.4521e-05	1.6138e-07	2.2576e-06	3.7261e-08	4.8155e-08	3.5862e-09	7.7451e-09	4.9245e-10	2.8977e-09	5.3765e-10	1.5057e-09	4.8955e-10	1.6124e-09	3.6011e-10	8.8655e-10	1.6037e-10	4.4904e-10	5.2628e-11	1.7215e-10	8.873e-11	2.5603e-10	8.3278e-11	2.2347e-10	4.9171e-11	2.6361e-10	5.5615e-11	3.228e-10	6.1849e-11	1.5249e-10	3.6645e-11	3.7936e-10	3.391e-11	1.0147e-10	2.4159e-11	9.0066e-11	1.066e-11	1.0158e-10	1.7468e-11	7.9315e-11	1.98e-11	7.9364e-11	3.0043e-11	4.9871e-11	1.0187e-11	5.0513e-11	7.3715e-12	4.6011e-11	4.1466e-12	4.6041e-11	1.5912e-11	6.8359e-11	4.4969e-11	8.5432e-11	1.5932e-11	2.7929e-11	8.5609e-12	7.9925e-11	4.1645e-12	4.6437e-12	2.8112e-12
28.6776	0.069635	0.061052	7.624e-05	1.6837e-05	0.00013058	0.00061777	0.00028112	0.0014362	1.0468e-05	0.00018754	1.9904e-05	0.00012623	2.2701e-05	8.0054e-05	2.0831e-06	1.0618e-05	1.2855e-06	3.2262e-06	2.9191e-06	1.41e-05	2.5069e-06	9.5049e-06	6.4307e-06	1.1368e-05	7.8736e-06	5.5198e-05	1.6418e-07	2.2875e-06	3.7728e-08	4.8758e-08	3.6324e-09	7.845e-09	4.9881e-10	2.935e-09	5.4458e-10	1.525e-09	4.9588e-10	1.6332e-09	3.6476e-10	8.9799e-10	1.6244e-10	4.5484e-10	5.3307e-11	1.7438e-10	8.9875e-11	2.5934e-10	8.4354e-11	2.2631e-10	4.9797e-11	2.6697e-10	5.6325e-11	3.2693e-10	6.2638e-11	1.5444e-10	3.7113e-11	3.8422e-10	3.4344e-11	1.0277e-10	2.4467e-11	9.1217e-11	1.0796e-11	1.0288e-10	1.7691e-11	8.0331e-11	2.0053e-11	8.038e-11	3.0428e-11	5.051e-11	1.0317e-11	5.116e-11	7.4659e-12	4.6601e-11	4.1997e-12	4.6632e-11	1.6116e-11	6.9203e-11	4.5535e-11	8.6492e-11	1.6135e-11	2.8269e-11	8.6651e-12	8.0898e-11	4.2151e-12	4.7006e-12	2.8463e-12
29.0761	0.070729	0.060819	7.7271e-05	1.717e-05	0.00013254	0.00062413	0.00027552	0.0014084	1.0619e-05	0.00018463	2.0153e-05	0.00012769	2.2972e-05	8.102e-05	2.117e-06	1.077e-05	1.3102e-06	3.2375e-06	2.9697e-06	1.4279e-05	2.5414e-06	9.6314e-06	6.5049e-06	1.1505e-05	7.9603e-06	5.5891e-05	1.6718e-07	2.3179e-06	3.8204e-08	4.9372e-08	3.6794e-09	7.9466e-09	5.0527e-10	2.9725e-09	5.5164e-10	1.5445e-09	5.0227e-10	1.6543e-09	3.6949e-10	9.0963e-10	1.6454e-10	4.6073e-10	5.3998e-11	1.7664e-10	9.1041e-11	2.6266e-10	8.5448e-11	2.2921e-10	5.0434e-11	2.7039e-10	5.7047e-11	3.3114e-10	6.3441e-11	1.5642e-10	3.7589e-11	3.8916e-10	3.4785e-11	1.0408e-10	2.4781e-11	9.2387e-11	1.0935e-11	1.042e-10	1.7918e-11	8.1364e-11	2.0311e-11	8.1414e-11	3.0819e-11	5.116e-11	1.045e-11	5.1818e-11	7.5619e-12	4.719e-11	4.2528e-12	4.7211e-11	1.6318e-11	7.0048e-11	4.6091e-11	8.7548e-11	1.6332e-11	2.8614e-11	8.7709e-12	8.1886e-11	4.2666e-12	4.7603e-12	2.8825e-12
29.4802	0.071848	0.060593	7.8315e-05	1.751e-05	0.00013454	0.00063064	0.00027043	0.0013826	1.0773e-05	0.00018189	2.0407e-05	0.00012918	2.3248e-05	8.2003e-05	2.1516e-06	1.0926e-05	1.3354e-06	3.252e-06	3.0213e-06	1.4461e-05	2.5766e-06	9.7685e-06	6.5822e-06	1.1655e-05	8.0485e-06	5.6597e-05	1.701e-07	2.3489e-06	3.8687e-08	4.9996e-08	3.7272e-09	8.0501e-09	5.1185e-10	3.0107e-09	5.5883e-10	1.5643e-09	5.0871e-10	1.6756e-09	3.743e-10	9.2148e-10	1.6668e-10	4.6674e-10	5.4702e-11	1.7892e-10	9.2227e-11	2.6604e-10	8.6552e-11	2.3215e-10	5.1083e-11	2.7388e-10	5.7782e-11	3.3542e-10	6.4259e-11	1.5844e-10	3.8074e-11	3.9419e-10	3.5234e-11	1.0543e-10	2.51e-11	9.3578e-11	1.1075e-11	1.0555e-10	1.8149e-11	8.2411e-11	2.0574e-11	8.2446e-11	3.121e-11	5.1813e-11	1.0585e-11	5.2455e-11	7.6571e-12	4.7768e-11	4.3049e-12	4.779e-11	1.6518e-11	7.0908e-11	4.6656e-11	8.8623e-11	1.6532e-11	2.8965e-11	8.8787e-12	8.2892e-11	4.319e-12	4.8211e-12	2.9193e-12
29.8899	0.072993	0.060358	7.9377e-05	1.7858e-05	0.00013669	0.00063732	0.00026571	0.0013585	1.093e-05	0.00017932	2.0665e-05	0.00013069	2.3529e-05	8.3003e-05	2.1868e-06	1.1084e-05	1.3612e-06	3.2691e-06	3.0739e-06	1.4647e-05	2.6124e-06	9.8995e-06	6.6609e-06	1.1796e-05	8.1399e-06	5.7315e-05	1.7307e-07	2.3804e-06	3.9183e-08	5.0631e-08	3.7759e-09	8.1554e-09	5.1854e-10	3.0495e-09	5.6605e-10	1.5845e-09	5.1527e-10	1.6972e-09	3.7915e-10	9.3341e-10	1.6886e-10	4.7276e-10	5.541e-11	1.8122e-10	9.3413e-11	2.6946e-10	8.7666e-11	2.3515e-10	5.1742e-11	2.7742e-10	5.8529e-11	3.3957e-10	6.509e-11	1.605e-10	3.8567e-11	3.9909e-10	3.5691e-11	1.0679e-10	2.5425e-11	9.4789e-11	1.1219e-11	1.0692e-10	1.8384e-11	8.3424e-11	2.0835e-11	8.346e-11	3.1594e-11	5.245e-11	1.0718e-11	5.3101e-11	7.7513e-12	4.8356e-11	4.3579e-12	4.8378e-11	1.6721e-11	7.1781e-11	4.7231e-11	8.9714e-11	1.6736e-11	2.9322e-11	8.9884e-12	8.3924e-11	4.3723e-12	4.8829e-12	2.9568e-12
30.3053	0.074151	0.060112	8.0456e-05	1.8214e-05	0.00013876	0.00064415	0.00026132	0.0013359	1.1091e-05	0.0001769	2.0927e-05	0.00013222	2.3814e-05	8.4018e-05	2.2228e-06	1.1246e-05	1.3875e-06	3.2886e-06	3.1276e-06	1.4835e-05	2.651e-06	1.0034e-05	6.7408e-06	1.194e-05	8.2334e-06	5.8094e-05	1.7615e-07	2.4126e-06	3.9728e-08	5.1329e-08	3.8286e-09	8.2677e-09	5.2568e-10	3.0916e-09	5.7384e-10	1.6063e-09	5.2237e-10	1.7206e-09	3.8437e-10	9.4626e-10	1.7119e-10	4.7927e-10	5.6174e-11	1.8372e-10	9.47e-11	2.7318e-10	8.8874e-11	2.384e-10	5.2457e-11	2.8125e-10	5.9339e-11	3.4405e-10	6.5991e-11	1.6266e-10	3.9102e-11	4.0435e-10	3.6164e-11	1.0827e-10	2.5777e-11	9.6102e-11	1.1374e-11	1.0838e-10	1.8639e-11	8.4526e-11	2.111e-11	8.4562e-11	3.2012e-11	5.3143e-11	1.086e-11	5.3802e-11	7.8537e-12	4.8995e-11	4.4155e-12	4.9018e-11	1.6942e-11	7.2731e-11	4.7856e-11	9.0901e-11	1.6957e-11	2.9712e-11	9.1115e-12	8.5074e-11	4.4316e-12	4.95e-12	2.9974e-12
30.7265	0.075332	0.059846	8.1552e-05	1.8573e-05	0.00014089	0.00065109	0.00025732	0.0013148	1.1254e-05	0.00017465	2.1196e-05	0.00013377	2.4104e-05	8.5042e-05	2.2593e-06	1.1409e-05	1.4145e-06	3.3104e-06	3.1823e-06	1.5025e-05	2.6881e-06	1.0172e-05	6.822e-06	1.2089e-05	8.3282e-06	5.8835e-05	1.793e-07	2.4455e-06	4.0249e-08	5.2001e-08	3.8784e-09	8.3747e-09	5.3248e-10	3.1317e-09	5.8127e-10	1.6272e-09	5.2915e-10	1.7429e-09	3.8935e-10	9.5851e-10	1.7341e-10	4.8547e-10	5.6901e-11	1.861e-10	9.5926e-11	2.7672e-10	9.0026e-11	2.4149e-10	5.3138e-11	2.8491e-10	6.0111e-11	3.4831e-10	6.685e-11	1.6467e-10	3.9593e-11	4.0936e-10	3.6611e-11	1.0963e-10	2.6112e-11	9.7353e-11	1.1522e-11	1.0972e-10	1.8876e-11	8.5572e-11	2.1371e-11	8.5609e-11	3.2408e-11	5.38e-11	1.0994e-11	5.4469e-11	7.9509e-12	4.9602e-11	4.4702e-12	4.9625e-11	1.7152e-11	7.3662e-11	4.846e-11	9.206e-11	1.717e-11	3.0094e-11	9.2287e-12	8.6169e-11	4.4886e-12	5.0138e-12	3.0361e-12
31.1535	0.076538	0.059569	8.2665e-05	1.8939e-05	0.00014308	0.00065817	0.00025372	0.0012951	1.1429e-05	0.00017257	2.1468e-05	0.00013535	2.44e-05	8.6082e-05	2.2967e-06	1.1574e-05	1.4421e-06	3.3347e-06	3.2381e-06	1.5218e-05	2.7257e-06	1.0313e-05	6.9043e-06	1.2241e-05	8.4244e-06	5.9596e-05	1.8251e-07	2.4788e-06	4.0777e-08	5.2683e-08	3.9287e-09	8.4833e-09	5.3939e-10	3.1724e-09	5.8882e-10	1.6483e-09	5.3602e-10	1.7655e-09	3.944e-10	9.7095e-10	1.7566e-10	4.9178e-10	5.7639e-11	1.8852e-10	9.7172e-11	2.8032e-10	9.1195e-11	2.4464e-10	5.3829e-11	2.8862e-10	6.0895e-11	3.5263e-10	6.7704e-11	1.6671e-10	4.0083e-11	4.1443e-10	3.7065e-11	1.1099e-10	2.6452e-11	9.856e-11	1.1672e-11	1.1108e-10	1.9109e-11	8.6634e-11	2.1636e-11	8.6671e-11	3.281e-11	5.4468e-11	1.113e-11	5.5148e-11	8.0496e-12	5.023e-11	4.5268e-12	5.0261e-11	1.7371e-11	7.4611e-11	4.9085e-11	9.3247e-11	1.7391e-11	3.0482e-11	9.3478e-12	8.7281e-11	4.5465e-12	5.0787e-12	3.0754e-12
31.5864	0.077768	0.059282	8.3795e-05	1.9314e-05	0.0001453	0.0006654	0.00025042	0.0012767	1.1598e-05	0.00017063	2.1764e-05	0.00013694	2.4701e-05	8.7137e-05	2.3349e-06	1.1743e-05	1.4703e-06	3.361e-06	3.2953e-06	1.5414e-05	2.7648e-06	1.0456e-05	6.9871e-06	1.2396e-05	8.522e-06	6.0379e-05	1.8579e-07	2.5149e-06	4.1314e-08	5.3376e-08	3.9797e-09	8.5936e-09	5.464e-10	3.2138e-09	5.9648e-10	1.6698e-09	5.4301e-10	1.7885e-09	3.9953e-10	9.8358e-10	1.7794e-10	4.9817e-10	5.8389e-11	1.9097e-10	9.8436e-11	2.8397e-10	9.2382e-11	2.4783e-10	5.4532e-11	2.9236e-10	6.1651e-11	3.5702e-10	6.8544e-11	1.6878e-10	4.0581e-11	4.1959e-10	3.7525e-11	1.1237e-10	2.678e-11	9.9783e-11	1.1822e-11	1.1246e-10	1.9347e-11	8.7721e-11	2.1905e-11	8.7771e-11	3.3226e-11	5.5155e-11	1.1269e-11	5.5859e-11	8.1522e-12	5.0878e-11	4.5852e-12	5.0909e-11	1.7595e-11	7.5575e-11	4.9719e-11	9.4452e-11	1.7616e-11	3.0876e-11	9.4687e-12	8.841e-11	4.6053e-12	5.1445e-12	3.1152e-12
32.0254	0.079024	0.058956	8.4943e-05	1.9695e-05	0.00014757	0.00067277	0.00024745	0.0012597	1.177e-05	0.00016886	2.2045e-05	0.00013857	2.5027e-05	8.8208e-05	2.3738e-06	1.1914e-05	1.5003e-06	3.3892e-06	3.3535e-06	1.5613e-05	2.8045e-06	1.0601e-05	7.0702e-06	1.2552e-05	8.6202e-06	6.1173e-05	1.8912e-07	2.5493e-06	4.1859e-08	5.408e-08	4.0315e-09	8.7055e-09	5.5352e-10	3.2557e-09	6.0425e-10	1.6917e-09	5.5009e-10	1.8118e-09	4.0474e-10	9.964e-10	1.8026e-10	5.0467e-10	5.915e-11	1.9346e-10	9.972e-11	2.8768e-10	9.3587e-11	2.5107e-10	5.5245e-11	2.9599e-10	6.2417e-11	3.6163e-10	6.9396e-11	1.7088e-10	4.1085e-11	4.25e-10	3.7994e-11	1.1377e-10	2.7113e-11	1.0102e-10	1.1968e-11	1.1386e-10	1.9587e-11	8.8854e-11	2.2183e-11	8.8905e-11	3.3655e-11	5.5868e-11	1.1413e-11	5.6582e-11	8.2576e-12	5.1536e-11	4.6445e-12	5.1568e-11	1.7823e-11	7.6554e-11	5.0362e-11	9.5675e-11	1.7844e-11	3.1276e-11	9.5914e-12	8.9556e-11	4.665e-12	5.2113e-12	3.1557e-12
32.4705	0.080305	0.058619	8.6107e-05	2.0085e-05	0.00014987	0.00068029	0.00024479	0.0012437	1.1947e-05	0.00016722	2.233e-05	0.00014022	2.5337e-05	8.9295e-05	2.4154e-06	1.2089e-05	1.5296e-06	3.4198e-06	3.4129e-06	1.5815e-05	2.8448e-06	1.0748e-05	7.1545e-06	1.2711e-05	8.7186e-06	6.1979e-05	1.9251e-07	2.5843e-06	4.2403e-08	5.4792e-08	4.084e-09	8.8191e-09	5.6074e-10	3.2983e-09	6.1214e-10	1.7138e-09	5.5728e-10	1.8355e-09	4.1002e-10	1.0094e-09	1.8261e-10	5.1126e-10	5.9922e-11	1.9599e-10	1.0102e-10	2.9144e-10	9.4809e-11	2.5431e-10	5.5956e-11	2.9967e-10	6.3194e-11	3.6631e-10	7.0259e-11	1.7307e-10	4.1597e-11	4.305e-10	3.8485e-11	1.1518e-10	2.745e-11	1.0228e-10	1.2117e-11	1.153e-10	1.9831e-11	9.0004e-11	2.247e-11	9.0056e-11	3.4091e-11	5.6591e-11	1.156e-11	5.7314e-11	8.3644e-12	5.2204e-11	4.7047e-12	5.2236e-11	1.8053e-11	7.7546e-11	5.1015e-11	9.6915e-11	1.8075e-11	3.1682e-11	9.7159e-12	9.0719e-11	4.7255e-12	5.2791e-12	3.197e-12
32.9217	0.081611	0.058276	8.7287e-05	2.0482e-05	0.00015221	0.00068795	0.00024243	0.0012286	1.2128e-05	0.00016574	2.2623e-05	0.0001419	2.565e-05	9.0399e-05	2.4556e-06	1.2266e-05	1.5597e-06	3.4525e-06	3.4763e-06	1.602e-05	2.8857e-06	1.0896e-05	7.2398e-06	1.2871e-05	8.8181e-06	6.2797e-05	1.9593e-07	2.6205e-06	4.2955e-08	5.5504e-08	4.1373e-09	8.9343e-09	5.6806e-10	3.3414e-09	6.2014e-10	1.7358e-09	5.6457e-10	1.8595e-09	4.1538e-10	1.0226e-09	1.8499e-10	5.1794e-10	6.0704e-11	1.9855e-10	1.0234e-10	2.9525e-10	9.6049e-11	2.5747e-10	5.6651e-11	3.034e-10	6.398e-11	3.7105e-10	7.1134e-11	1.7531e-10	4.2132e-11	4.3607e-10	3.8983e-11	1.1667e-10	2.7792e-11	1.0356e-10	1.2268e-11	1.1679e-10	2.0084e-11	9.1169e-11	2.2761e-11	9.1223e-11	3.4532e-11	5.7324e-11	1.171e-11	5.8057e-11	8.4728e-12	5.2881e-11	4.7656e-12	5.2913e-11	1.8288e-11	7.8553e-11	5.1677e-11	9.8173e-11	1.8309e-11	3.2093e-11	9.8421e-12	9.1897e-11	4.7869e-12	5.3485e-12	3.239e-12
33.3792	0.082942	0.057987	8.8454e-05	2.0887e-05	0.00015455	0.00069582	0.00024033	0.0012147	1.2312e-05	0.00016441	2.2923e-05	0.0001436	2.5973e-05	9.1524e-05	2.4966e-06	1.2447e-05	1.5907e-06	3.4874e-06	3.5379e-06	1.6229e-05	2.9272e-06	1.1045e-05	7.3262e-06	1.3031e-05	8.9189e-06	6.3624e-05	1.9941e-07	2.6574e-06	4.3514e-08	5.6226e-08	4.1913e-09	9.051e-09	5.7548e-10	3.3829e-09	6.2825e-10	1.7574e-09	5.7186e-10	1.8838e-09	4.2081e-10	1.036e-09	1.8741e-10	5.2471e-10	6.1498e-11	2.0115e-10	1.0368e-10	2.9902e-10	9.7306e-11	2.6068e-10	5.7356e-11	3.0717e-10	6.4782e-11	3.7586e-10	7.204e-11	1.7758e-10	4.2678e-11	4.4173e-10	3.9488e-11	1.1817e-10	2.8141e-11	1.049e-10	1.2421e-11	1.183e-10	2.0344e-11	9.2351e-11	2.3056e-11	9.2405e-11	3.498e-11	5.8067e-11	1.1862e-11	5.881e-11	8.5827e-12	5.3567e-11	4.8275e-12	5.36e-11	1.8525e-11	7.9573e-11	5.2348e-11	9.9448e-11	1.8547e-11	3.251e-11	9.9701e-12	9.3092e-11	4.8491e-12	5.4188e-12	3.2816e-12
33.8431	0.084298	0.057692	8.9607e-05	2.13e-05	0.00015693	0.00070382	0.00023847	0.0012017	1.2498e-05	0.0001633	2.3227e-05	0.00014544	2.6303e-05	9.2664e-05	2.5389e-06	1.263e-05	1.6223e-06	3.5245e-06	3.601e-06	1.6441e-05	2.969e-06	1.1196e-05	7.4136e-06	1.3194e-05	9.0208e-06	6.4451e-05	2.0295e-07	2.6947e-06	4.408e-08	5.6957e-08	4.246e-09	9.1693e-09	5.83e-10	3.4249e-09	6.3646e-10	1.7792e-09	5.7896e-10	1.9072e-09	4.2631e-10	1.0495e-09	1.8986e-10	5.3157e-10	6.2302e-11	2.0372e-10	1.0504e-10	3.0273e-10	9.8555e-11	2.6392e-10	5.8069e-11	3.1105e-10	6.5619e-11	3.8074e-10	7.2971e-11	1.7988e-10	4.323e-11	4.4745e-10	3.9999e-11	1.197e-10	2.8505e-11	1.0626e-10	1.2579e-11	1.1983e-10	2.0607e-11	9.3548e-11	2.3355e-11	9.3603e-11	3.5434e-11	5.882e-11	1.2016e-11	5.9573e-11	8.6939e-12	5.4262e-11	4.8901e-12	5.4296e-11	1.8765e-11	8.0606e-11	5.3028e-11	1.0074e-10	1.8788e-11	3.2932e-11	1.01e-11	9.4303e-11	4.9121e-12	5.4901e-12	3.3248e-12
34.3135	0.085679	0.057388	9.0774e-05	2.1721e-05	0.00015935	0.00071196	0.00023683	0.0011894	1.2687e-05	0.00016222	2.3535e-05	0.00014719	2.6637e-05	9.3819e-05	2.582e-06	1.2816e-05	1.6545e-06	3.5636e-06	3.6658e-06	1.6656e-05	3.0111e-06	1.1349e-05	7.502e-06	1.3358e-05	9.1239e-06	6.5288e-05	2.0655e-07	2.7326e-06	4.4654e-08	5.7698e-08	4.3014e-09	9.2892e-09	5.9063e-10	3.4675e-09	6.4453e-10	1.8013e-09	5.8615e-10	1.9309e-09	4.3177e-10	1.0629e-09	1.9234e-10	5.3828e-10	6.3101e-11	2.0624e-10	1.0635e-10	3.0649e-10	9.9778e-11	2.672e-10	5.8791e-11	3.1507e-10	6.6467e-11	3.8567e-10	7.3914e-11	1.8221e-10	4.3789e-11	4.5325e-10	4.0517e-11	1.2125e-10	2.8873e-11	1.0763e-10	1.2741e-11	1.2139e-10	2.0873e-11	9.4761e-11	2.3657e-11	9.4817e-11	3.5893e-11	5.9583e-11	1.2171e-11	6.0346e-11	8.8067e-12	5.4966e-11	4.9536e-12	5.5001e-11	1.9009e-11	8.1654e-11	5.3716e-11	1.0205e-10	1.9032e-11	3.336e-11	1.0232e-11	9.5541e-11	4.9763e-12	5.5623e-12	3.3685e-12
34.7903	0.087086	0.057095	9.1955e-05	2.215e-05	0.0001618	0.00072084	0.00023556	0.0011785	1.2877e-05	0.00016127	2.3847e-05	0.00014896	2.6976e-05	9.5069e-05	2.6259e-06	1.3017e-05	1.6874e-06	3.6048e-06	3.7319e-06	1.6888e-05	3.0537e-06	1.1505e-05	7.5915e-06	1.3524e-05	9.2281e-06	6.6136e-05	2.1022e-07	2.771e-06	4.5235e-08	5.8449e-08	4.3576e-09	9.4059e-09	5.9801e-10	3.5105e-09	6.5252e-10	1.8237e-09	5.9342e-10	1.9549e-09	4.3712e-10	1.0761e-09	1.9478e-10	5.4495e-10	6.3884e-11	2.088e-10	1.0767e-10	3.103e-10	1.0102e-10	2.7057e-10	5.9535e-11	3.1914e-10	6.7326e-11	3.9067e-10	7.4869e-11	1.8457e-10	4.4355e-11	4.5912e-10	4.1042e-11	1.2282e-10	2.9246e-11	1.0902e-10	1.2906e-11	1.2296e-10	2.1143e-11	9.5989e-11	2.3964e-11	9.6046e-11	3.6358e-11	6.0355e-11	1.2329e-11	6.1128e-11	8.9209e-12	5.5679e-11	5.0178e-12	5.5714e-11	1.9255e-11	8.2721e-11	5.4416e-11	1.0338e-10	1.9279e-11	3.3797e-11	1.0366e-11	9.6794e-11	5.0416e-12	5.634e-12	3.4112e-12
35.2738	0.088506	0.056774	9.315e-05	2.2576e-05	0.00016429	0.00072925	0.0002343	0.0011678	1.3069e-05	0.00016045	2.4162e-05	0.00015079	2.7318e-05	9.6253e-05	2.6704e-06	1.3209e-05	1.7209e-06	3.6479e-06	3.7991e-06	1.7109e-05	3.097e-06	1.1662e-05	7.6819e-06	1.3693e-05	9.3335e-06	6.6994e-05	2.1395e-07	2.8096e-06	4.5824e-08	5.9209e-08	4.413e-09	9.5223e-09	6.0542e-10	3.5545e-09	6.606e-10	1.8468e-09	6.0078e-10	1.9791e-09	4.4254e-10	1.0894e-09	1.9719e-10	5.517e-10	6.4675e-11	2.1139e-10	1.09e-10	3.1415e-10	1.0227e-10	2.7406e-10	6.0302e-11	3.2325e-10	6.8195e-11	3.9573e-10	7.5836e-11	1.8695e-10	4.4929e-11	4.6507e-10	4.1573e-11	1.2441e-10	2.9624e-11	1.1043e-10	1.3072e-11	1.2455e-10	2.1417e-11	9.7232e-11	2.4274e-11	9.729e-11	3.6829e-11	6.1137e-11	1.2489e-11	6.192e-11	9.0364e-12	5.6403e-11	5.0831e-12	5.6441e-11	1.9506e-11	8.3804e-11	5.5129e-11	1.0473e-10	1.9532e-11	3.424e-11	1.0502e-11	9.8064e-11	5.1077e-12	5.7053e-12	3.4543e-12
35.764	0.089936	0.056451	9.4389e-05	2.3005e-05	0.00016681	0.00073788	0.00023325	0.001158	1.3263e-05	0.00015977	2.4477e-05	0.00015265	2.7663e-05	9.7473e-05	2.7157e-06	1.3406e-05	1.7547e-06	3.6931e-06	3.8674e-06	1.7336e-05	3.1408e-06	1.1821e-05	7.7732e-06	1.3863e-05	9.4398e-06	6.7863e-05	2.1774e-07	2.8484e-06	4.6419e-08	5.9977e-08	4.4675e-09	9.64e-09	6.129e-10	3.6002e-09	6.6877e-10	1.8705e-09	6.0835e-10	2.0038e-09	4.4801e-10	1.1029e-09	1.9963e-10	5.5853e-10	6.5475e-11	2.1401e-10	1.1035e-10	3.1814e-10	1.0353e-10	2.7758e-10	6.1078e-11	3.2742e-10	6.9074e-11	4.0085e-10	7.6814e-11	1.8937e-10	4.5509e-11	4.7108e-10	4.211e-11	1.2601e-10	3.0005e-11	1.1186e-10	1.3241e-11	1.2615e-10	2.1693e-11	9.8491e-11	2.4588e-11	9.8553e-11	3.7307e-11	6.1929e-11	1.265e-11	6.2729e-11	9.1539e-12	5.714e-11	5.1495e-12	5.7179e-11	1.9761e-11	8.4901e-11	5.585e-11	1.0611e-10	1.9787e-11	3.4688e-11	1.064e-11	9.9348e-11	5.1745e-12	5.7773e-12	3.498e-12
36.2611	0.09139	0.056129	9.5655e-05	2.3442e-05	0.00016936	0.00074676	0.0002324	0.001149	1.346e-05	0.00015918	2.4795e-05	0.00015452	2.8008e-05	9.8715e-05	2.7614e-06	1.3607e-05	1.789e-06	3.7388e-06	3.9369e-06	1.7567e-05	3.1851e-06	1.1982e-05	7.8639e-06	1.4035e-05	9.5473e-06	6.8741e-05	2.2159e-07	2.8877e-06	4.7021e-08	6.0755e-08	4.5226e-09	9.759e-09	6.2047e-10	3.6464e-09	6.7703e-10	1.8945e-09	6.1616e-10	2.0295e-09	4.5354e-10	1.1165e-09	2.0209e-10	5.6542e-10	6.6283e-11	2.1672e-10	1.1172e-10	3.2222e-10	1.0484e-10	2.8115e-10	6.1863e-11	3.3163e-10	6.9963e-11	4.0606e-10	7.7804e-11	1.9181e-10	4.6096e-11	4.7721e-10	4.2654e-11	1.2764e-10	3.0392e-11	1.133e-10	1.3411e-11	1.2778e-10	2.1973e-11	9.9775e-11	2.4906e-11	9.9839e-11	3.7794e-11	6.2737e-11	1.2814e-11	6.3547e-11	9.2733e-12	5.7886e-11	5.2167e-12	5.7925e-11	2.0019e-11	8.601e-11	5.6579e-11	1.0749e-10	2.0046e-11	3.5142e-11	1.0776e-11	1.0061e-10	5.2418e-12	5.8502e-12	3.5421e-12
36.765	0.092869	0.055806	9.6936e-05	2.3887e-05	0.00017196	0.00075577	0.0002317	0.0011408	1.366e-05	0.0001587	2.5117e-05	0.00015641	2.8356e-05	9.9971e-05	2.8075e-06	1.3811e-05	1.8241e-06	3.7856e-06	4.0066e-06	1.7801e-05	3.23e-06	1.2145e-05	7.9517e-06	1.4208e-05	9.6545e-06	6.9629e-05	2.255e-07	2.9275e-06	4.763e-08	6.1542e-08	4.5783e-09	9.8793e-09	6.2811e-10	3.6931e-09	6.8563e-10	1.9188e-09	6.2405e-10	2.0555e-09	4.5925e-10	1.1306e-09	2.0458e-10	5.7262e-10	6.7117e-11	2.1949e-10	1.1315e-10	3.2635e-10	1.0618e-10	2.8476e-10	6.2657e-11	3.3589e-10	7.0863e-11	4.1135e-10	7.8804e-11	1.943e-10	4.6689e-11	4.8342e-10	4.3208e-11	1.2928e-10	3.0783e-11	1.1476e-10	1.3583e-11	1.2943e-10	2.2256e-11	1.0107e-10	2.523e-11	1.0114e-10	3.8286e-11	6.3554e-11	1.2981e-11	6.4375e-11	9.3941e-12	5.8641e-11	5.2847e-12	5.8681e-11	2.028e-11	8.712e-11	5.7317e-11	1.0888e-10	2.0307e-11	3.559e-11	1.0912e-11	1.0188e-10	5.3076e-12	5.9241e-12	3.5871e-12
37.2759	0.094372	0.055497	9.8231e-05	2.4339e-05	0.00017458	0.0007649	0.00023115	0.0011331	1.3862e-05	0.00015833	2.5443e-05	0.00015833	2.8708e-05	0.00010124	2.8543e-06	1.4018e-05	1.8597e-06	3.8341e-06	4.0776e-06	1.8038e-05	3.2755e-06	1.231e-05	8.0403e-06	1.4384e-05	9.7574e-06	7.0528e-05	2.2945e-07	2.9678e-06	4.8221e-08	6.2336e-08	4.6345e-09	1.0005e-08	6.3613e-10	3.7404e-09	6.9438e-10	1.9434e-09	6.3203e-10	2.0818e-09	4.6512e-10	1.145e-09	2.0717e-10	5.7994e-10	6.7974e-11	2.223e-10	1.1459e-10	3.3052e-10	1.0754e-10	2.884e-10	6.3459e-11	3.402e-10	7.1772e-11	4.167e-10	7.9816e-11	1.9682e-10	4.7293e-11	4.897e-10	4.3769e-11	1.3095e-10	3.1178e-11	1.1623e-10	1.3758e-11	1.3111e-10	2.2543e-11	1.0239e-10	2.5558e-11	1.0245e-10	3.8784e-11	6.438e-11	1.315e-11	6.5213e-11	9.5162e-12	5.9404e-11	5.3535e-12	5.9437e-11	2.0543e-11	8.8211e-11	5.8037e-11	1.1025e-10	2.0564e-11	3.6036e-11	1.1049e-11	1.0316e-10	5.3742e-12	5.9993e-12	3.6326e-12
37.794	0.095899	0.055194	9.9541e-05	2.4809e-05	0.00017724	0.00077415	0.00023074	0.001126	1.4067e-05	0.00015805	2.5772e-05	0.00016024	2.9064e-05	0.00010253	2.9018e-06	1.4228e-05	1.8959e-06	3.8844e-06	4.1496e-06	1.8278e-05	3.3215e-06	1.247e-05	8.1297e-06	1.456e-05	9.8611e-06	7.1436e-05	2.3333e-07	3.0085e-06	4.8811e-08	6.3098e-08	4.6928e-09	1.0132e-08	6.4423e-10	3.7881e-09	7.0323e-10	1.9682e-09	6.4009e-10	2.1083e-09	4.7104e-10	1.1596e-09	2.0981e-10	5.8733e-10	6.884e-11	2.2513e-10	1.1605e-10	3.3474e-10	1.0891e-10	2.9209e-10	6.427e-11	3.4455e-10	7.2691e-11	4.221e-10	8.0842e-11	1.9937e-10	4.7905e-11	4.9605e-10	4.4336e-11	1.3265e-10	3.1577e-11	1.1773e-10	1.3934e-11	1.3281e-10	2.2835e-11	1.0372e-10	2.5889e-11	1.0378e-10	3.9287e-11	6.5215e-11	1.332e-11	6.6041e-11	9.6392e-12	6.0147e-11	5.4205e-12	6.0179e-11	2.0799e-11	8.9314e-11	5.8762e-11	1.1162e-10	2.0821e-11	3.6487e-11	1.1187e-11	1.0445e-10	5.4414e-12	6.0753e-12	3.6787e-12
38.3192	0.097451	0.05489	0.00010086	2.5288e-05	0.00017983	0.0007835	0.00023048	0.0011196	1.4275e-05	0.00015783	2.6105e-05	0.00016216	2.9423e-05	0.00010381	2.9499e-06	1.444e-05	1.9328e-06	3.9364e-06	4.2227e-06	1.8519e-05	3.368e-06	1.263e-05	8.2197e-06	1.4729e-05	9.9656e-06	7.2353e-05	2.3727e-07	3.0497e-06	4.9406e-08	6.3866e-08	4.7523e-09	1.0261e-08	6.5241e-10	3.8363e-09	7.1216e-10	1.9933e-09	6.4824e-10	2.1351e-09	4.7703e-10	1.1744e-09	2.1247e-10	5.9479e-10	6.9714e-11	2.2799e-10	1.1753e-10	3.39e-10	1.1029e-10	2.9581e-10	6.5089e-11	3.4896e-10	7.3628e-11	4.2746e-10	8.1885e-11	2.0195e-10	4.8524e-11	5.0237e-10	4.4909e-11	1.3436e-10	3.1984e-11	1.1925e-10	1.4112e-11	1.3452e-10	2.3129e-11	1.0502e-10	2.6224e-11	1.0508e-10	3.9777e-11	6.6032e-11	1.3491e-11	6.6864e-11	9.7592e-12	6.0896e-11	5.488e-12	6.0929e-11	2.1058e-11	9.0427e-11	5.9494e-11	1.1302e-10	2.108e-11	3.6942e-11	1.1327e-11	1.0576e-10	5.5093e-12	6.152e-12	3.7252e-12
38.8518	0.099027	0.054567	0.0001022	2.5775e-05	0.00018244	0.00079282	0.0002303	0.0011136	1.4484e-05	0.00015769	2.6441e-05	0.00016409	2.9786e-05	0.0001051	2.9988e-06	1.4652e-05	1.9704e-06	3.9915e-06	4.297e-06	1.876e-05	3.4139e-06	1.2792e-05	8.3123e-06	1.4899e-05	1.0071e-05	7.3234e-05	2.4127e-07	3.0914e-06	5.0006e-08	6.4642e-08	4.8125e-09	1.0391e-08	6.6068e-10	3.8851e-09	7.2119e-10	2.0186e-09	6.5647e-10	2.1622e-09	4.8307e-10	1.1892e-09	2.1516e-10	6.0233e-10	7.0598e-11	2.3089e-10	1.1902e-10	3.433e-10	1.1169e-10	2.9957e-10	6.5917e-11	3.5345e-10	7.4576e-11	4.3276e-10	8.2939e-11	2.0453e-10	4.9149e-11	5.086e-10	4.5477e-11	1.3609e-10	3.2396e-11	1.2079e-10	1.4294e-11	1.3626e-10	2.3427e-11	1.0633e-10	2.6549e-11	1.0638e-10	4.027e-11	6.6851e-11	1.3659e-11	6.7694e-11	9.8803e-12	6.1652e-11	5.5562e-12	6.1686e-11	2.132e-11	9.1552e-11	6.0234e-11	1.1442e-10	2.1342e-11	3.7403e-11	1.1469e-11	1.0709e-10	5.5785e-12	6.2294e-12	3.7718e-12
39.3917	0.10063	0.054249	0.00010355	2.627e-05	0.00018507	0.00080224	0.00023023	0.0011081	1.4697e-05	0.00015765	2.678e-05	0.00016605	3.0151e-05	0.0001064	3.0483e-06	1.4866e-05	2.0085e-06	4.0486e-06	4.3724e-06	1.9003e-05	3.4592e-06	1.2955e-05	8.4075e-06	1.5071e-05	1.0178e-05	7.4119e-05	2.4532e-07	3.1336e-06	5.0612e-08	6.5425e-08	4.8732e-09	1.0522e-08	6.6902e-10	3.9342e-09	7.303e-10	2.0442e-09	6.6477e-10	2.1896e-09	4.8918e-10	1.2043e-09	2.1788e-10	6.0994e-10	7.149e-11	2.3381e-10	1.2052e-10	3.4765e-10	1.131e-10	3.0338e-10	6.6755e-11	3.5798e-10	7.5532e-11	4.3811e-10	8.4003e-11	2.0706e-10	4.9772e-11	5.1489e-10	4.6039e-11	1.3782e-10	3.2811e-11	1.2234e-10	1.4477e-11	1.3795e-10	2.3727e-11	1.0764e-10	2.6878e-11	1.077e-10	4.0769e-11	6.7678e-11	1.3827e-11	6.8532e-11	1.0003e-11	6.2415e-11	5.6249e-12	6.245e-11	2.1584e-11	9.2699e-11	6.0986e-11	1.1585e-10	2.1608e-11	3.7871e-11	1.1613e-11	1.0843e-10	5.6484e-12	6.3069e-12	3.8187e-12
39.9391	0.10225	0.053938	0.00010491	2.6774e-05	0.00018773	0.00081176	0.00023028	0.0011032	1.4907e-05	0.00015768	2.7122e-05	0.00016802	3.0521e-05	0.00010772	3.0986e-06	1.5083e-05	2.0473e-06	4.1075e-06	4.4489e-06	1.9249e-05	3.5048e-06	1.3119e-05	8.5034e-06	1.5244e-05	1.029e-05	7.5012e-05	2.4947e-07	3.1762e-06	5.1246e-08	6.6221e-08	4.9344e-09	1.0655e-08	6.7744e-10	3.9839e-09	7.395e-10	2.0701e-09	6.7315e-10	2.2172e-09	4.9533e-10	1.2194e-09	2.2062e-10	6.1762e-10	7.239e-11	2.3675e-10	1.2204e-10	3.5203e-10	1.1453e-10	3.0725e-10	6.7606e-11	3.6255e-10	7.6497e-11	4.4351e-10	8.5076e-11	2.096e-10	5.0385e-11	5.2124e-10	4.6605e-11	1.3952e-10	3.323e-11	1.2387e-10	1.4662e-11	1.3965e-10	2.4019e-11	1.0897e-10	2.7209e-11	1.0902e-10	4.1271e-11	6.8512e-11	1.3998e-11	6.938e-11	1.0126e-11	6.3191e-11	5.6948e-12	6.3228e-11	2.1853e-11	9.3855e-11	6.1746e-11	1.173e-10	2.1877e-11	3.8344e-11	1.1758e-11	1.0978e-10	5.7189e-12	6.385e-12	3.866e-12
40.4942	0.1039	0.053637	0.0001063	2.7285e-05	0.00019043	0.00082138	0.00023044	0.0010987	1.5114e-05	0.00015779	2.7466e-05	0.00017	3.0893e-05	0.00010904	3.1494e-06	1.5303e-05	2.0868e-06	4.1682e-06	4.5265e-06	1.9497e-05	3.5509e-06	1.3291e-05	8.6e-06	1.5421e-05	1.0402e-05	7.5912e-05	2.5375e-07	3.2181e-06	5.1886e-08	6.7047e-08	4.9962e-09	1.0788e-08	6.8593e-10	4.0345e-09	7.4878e-10	2.0963e-09	6.8164e-10	2.2451e-09	5.0155e-10	1.2347e-09	2.2338e-10	6.2537e-10	7.3298e-11	2.3972e-10	1.2357e-10	3.5648e-10	1.1597e-10	3.1115e-10	6.8465e-11	3.6716e-10	7.7449e-11	4.4897e-10	8.6117e-11	2.1218e-10	5.1002e-11	5.2765e-10	4.7177e-11	1.4123e-10	3.3643e-11	1.2538e-10	1.4848e-11	1.4136e-10	2.4313e-11	1.1031e-10	2.7543e-11	1.1037e-10	4.1782e-11	6.9359e-11	1.417e-11	7.0241e-11	1.0251e-11	6.3976e-11	5.7655e-12	6.4014e-11	2.2124e-11	9.5022e-11	6.2514e-11	1.1876e-10	2.2149e-11	3.8821e-11	1.1904e-11	1.1114e-10	5.79e-12	6.4638e-12	3.9138e-12
41.0569	0.10556	0.053342	0.0001077	2.7805e-05	0.00019324	0.00083109	0.0002307	0.0010949	1.5323e-05	0.00015797	2.7796e-05	0.00017201	3.1267e-05	0.00011038	3.201e-06	1.5525e-05	2.1258e-06	4.2306e-06	4.6053e-06	1.9748e-05	3.5974e-06	1.3465e-05	8.6973e-06	1.5604e-05	1.0515e-05	7.6824e-05	2.5809e-07	3.2594e-06	5.2531e-08	6.7881e-08	5.0586e-09	1.0923e-08	6.945e-10	4.0855e-09	7.5814e-10	2.1229e-09	6.9025e-10	2.2734e-09	5.0782e-10	1.2502e-09	2.2617e-10	6.3319e-10	7.4214e-11	2.4274e-10	1.2511e-10	3.6098e-10	1.1742e-10	3.1509e-10	6.9332e-11	3.7167e-10	7.8393e-11	4.5452e-10	8.7168e-11	2.1477e-10	5.1625e-11	5.3417e-10	4.7756e-11	1.4295e-10	3.4053e-11	1.2691e-10	1.5029e-11	1.4309e-10	2.461e-11	1.1167e-10	2.7882e-11	1.1174e-10	4.2298e-11	7.0216e-11	1.4345e-11	7.111e-11	1.0378e-11	6.4767e-11	5.8369e-12	6.4806e-11	2.2398e-11	9.6199e-11	6.3288e-11	1.2023e-10	2.2423e-11	3.93e-11	1.205e-11	1.1251e-10	5.8612e-12	6.5437e-12	3.963e-12
41.6275	0.10725	0.053053	0.00010911	2.8333e-05	0.00019607	0.0008409	0.00023106	0.0010916	1.5534e-05	0.00015823	2.8128e-05	0.00017402	3.1624e-05	0.00011172	3.2525e-06	1.575e-05	2.1651e-06	4.2946e-06	4.6851e-06	2e-05	3.6454e-06	1.364e-05	8.7953e-06	1.5788e-05	1.0628e-05	7.7774e-05	2.6249e-07	3.301e-06	5.3182e-08	6.8722e-08	5.1215e-09	1.1059e-08	7.0315e-10	4.137e-09	7.6764e-10	2.1496e-09	6.9894e-10	2.3021e-09	5.1417e-10	1.2658e-09	2.2899e-10	6.4113e-10	7.5142e-11	2.4579e-10	1.2669e-10	3.6553e-10	1.189e-10	3.1906e-10	7.0207e-11	3.7618e-10	7.9345e-11	4.6011e-10	8.8227e-11	2.1741e-10	5.2253e-11	5.4074e-10	4.8343e-11	1.4469e-10	3.4467e-11	1.2846e-10	1.5212e-11	1.4484e-10	2.4909e-11	1.1305e-10	2.8225e-11	1.1311e-10	4.2819e-11	7.1081e-11	1.4521e-11	7.1985e-11	1.0506e-11	6.5565e-11	5.9088e-12	6.5604e-11	2.2674e-11	9.7373e-11	6.4063e-11	1.217e-10	2.2699e-11	3.978e-11	1.2197e-11	1.1388e-10	5.9327e-12	6.6265e-12	4.0131e-12
42.206	0.10897	0.052773	0.00011054	2.8869e-05	0.00019894	0.0008508	0.00023151	0.0010888	1.5747e-05	0.00015856	2.8463e-05	0.00017606	3.1983e-05	0.00011308	3.3031e-06	1.5977e-05	2.2049e-06	4.3604e-06	4.7633e-06	2.0255e-05	3.6945e-06	1.3817e-05	8.8938e-06	1.5974e-05	1.0742e-05	7.8731e-05	2.6695e-07	3.343e-06	5.3839e-08	6.9569e-08	5.1849e-09	1.1197e-08	7.1193e-10	4.1889e-09	7.7725e-10	2.1766e-09	7.0771e-10	2.3309e-09	5.2061e-10	1.2817e-09	2.3184e-10	6.4916e-10	7.6083e-11	2.4887e-10	1.2827e-10	3.7012e-10	1.2039e-10	3.2293e-10	7.1055e-11	3.8073e-10	8.0304e-11	4.6575e-10	8.9294e-11	2.2007e-10	5.2892e-11	5.4737e-10	4.8935e-11	1.4646e-10	3.4883e-11	1.3002e-10	1.5396e-11	1.4661e-10	2.5214e-11	1.1444e-10	2.8571e-11	1.145e-10	4.3344e-11	7.1952e-11	1.4699e-11	7.2867e-11	1.0635e-11	6.6365e-11	5.9808e-12	6.6402e-11	2.295e-11	9.8557e-11	6.4842e-11	1.2318e-10	2.2974e-11	4.0264e-11	1.2346e-11	1.1527e-10	6.0049e-12	6.7099e-12	4.0636e-12
42.7926	0.1107	0.052501	0.00011197	2.9417e-05	0.00020184	0.00086078	0.00023205	0.0010865	1.5967e-05	0.00015895	2.88e-05	0.0001781	3.2345e-05	0.00011445	3.3544e-06	1.6206e-05	2.2454e-06	4.4278e-06	4.8421e-06	2.0513e-05	3.7439e-06	1.3995e-05	8.993e-06	1.6161e-05	1.0857e-05	7.9697e-05	2.7147e-07	3.3853e-06	5.45e-08	7.0424e-08	5.2491e-09	1.1337e-08	7.208e-10	4.2398e-09	7.8695e-10	2.2027e-09	7.1655e-10	2.36e-09	5.271e-10	1.2976e-09	2.3473e-10	6.5726e-10	7.7031e-11	2.5198e-10	1.2987e-10	3.7471e-10	1.2189e-10	3.2681e-10	7.1909e-11	3.8531e-10	8.1275e-11	4.7142e-10	9.0378e-11	2.2275e-10	5.3537e-11	5.5404e-10	4.9531e-11	1.4824e-10	3.5305e-11	1.316e-10	1.5581e-11	1.484e-10	2.5521e-11	1.1583e-10	2.8919e-11	1.1589e-10	4.387e-11	7.2825e-11	1.4878e-11	7.3747e-11	1.0763e-11	6.7167e-11	6.0531e-12	6.7205e-11	2.3227e-11	9.9749e-11	6.5626e-11	1.2467e-10	2.3252e-11	4.0751e-11	1.2496e-11	1.1668e-10	6.0776e-12	6.7941e-12	4.1146e-12
43.3873	0.11246	0.052239	0.00011337	2.9973e-05	0.00020477	0.00087085	0.0002327	0.0010847	1.6191e-05	0.0001594	2.9143e-05	0.00018009	3.2709e-05	0.00011583	3.4062e-06	1.6438e-05	2.2864e-06	4.4969e-06	4.9219e-06	2.0772e-05	3.7939e-06	1.4175e-05	9.0928e-06	1.6349e-05	1.0973e-05	8.0669e-05	2.7605e-07	3.429e-06	5.5167e-08	7.1284e-08	5.3141e-09	1.1477e-08	7.2975e-10	4.2905e-09	7.9672e-10	2.229e-09	7.2512e-10	2.3886e-09	5.3364e-10	1.3137e-09	2.3764e-10	6.6542e-10	7.7987e-11	2.5509e-10	1.3149e-10	3.7918e-10	1.2341e-10	3.3072e-10	7.2768e-11	3.8995e-10	8.2259e-11	4.7709e-10	9.1472e-11	2.2545e-10	5.4186e-11	5.607e-10	5.0131e-11	1.5004e-10	3.5733e-11	1.3319e-10	1.5769e-11	1.502e-10	2.583e-11	1.1722e-10	2.9268e-11	1.1728e-10	4.4397e-11	7.3701e-11	1.5057e-11	7.4634e-11	1.0893e-11	6.7975e-11	6.1259e-12	6.8013e-11	2.3507e-11	1.0095e-10	6.6416e-11	1.2617e-10	2.3532e-11	4.1245e-11	1.2651e-11	1.1813e-10	6.1528e-12	6.8789e-12	4.166e-12
43.9903	0.11424	0.051988	0.00011477	3.0538e-05	0.00020773	0.000881	0.00023343	0.0010833	1.6418e-05	0.00015983	2.9498e-05	0.00018204	3.3079e-05	0.0001172	3.4586e-06	1.6671e-05	2.329e-06	4.5679e-06	5.0026e-06	2.1032e-05	3.8442e-06	1.4356e-05	9.1934e-06	1.6538e-05	1.1089e-05	8.1648e-05	2.8069e-07	3.4736e-06	5.5838e-08	7.2151e-08	5.3797e-09	1.1619e-08	7.3875e-10	4.3414e-09	8.0645e-10	2.2555e-09	7.3373e-10	2.4169e-09	5.4021e-10	1.3299e-09	2.4057e-10	6.7352e-10	7.8949e-11	2.5812e-10	1.3308e-10	3.8369e-10	1.2487e-10	3.3465e-10	7.3634e-11	3.9464e-10	8.3249e-11	4.8279e-10	9.2574e-11	2.2815e-10	5.4839e-11	5.674e-10	5.073e-11	1.5185e-10	3.6163e-11	1.348e-10	1.5959e-11	1.52e-10	2.6141e-11	1.1862e-10	2.9618e-11	1.1868e-10	4.4928e-11	7.4582e-11	1.5237e-11	7.5526e-11	1.1023e-11	6.8788e-11	6.1992e-12	6.8827e-11	2.3788e-11	1.022e-10	6.7227e-11	1.2772e-10	2.3818e-11	4.1756e-11	1.2808e-11	1.196e-10	6.229e-12	6.9643e-12	4.2178e-12
44.6016	0.11605	0.051725	0.00011619	3.1112e-05	0.00021072	0.00089066	0.00023412	0.001082	1.6647e-05	0.00016031	2.9856e-05	0.000184	3.3463e-05	0.00011852	3.5125e-06	1.6896e-05	2.3723e-06	4.6408e-06	5.0844e-06	2.1281e-05	3.895e-06	1.4538e-05	9.2953e-06	1.6728e-05	1.1205e-05	8.2635e-05	2.8539e-07	3.5185e-06	5.6514e-08	7.3024e-08	5.4457e-09	1.1759e-08	7.4765e-10	4.3927e-09	8.1596e-10	2.2822e-09	7.424e-10	2.4455e-09	5.4658e-10	1.3456e-09	2.435e-10	6.8147e-10	7.988e-11	2.6117e-10	1.3465e-10	3.8822e-10	1.2634e-10	3.3864e-10	7.4511e-11	3.9937e-10	8.4247e-11	4.8853e-10	9.3684e-11	2.3086e-10	5.549e-11	5.7414e-10	5.1333e-11	1.5365e-10	3.6596e-11	1.3641e-10	1.615e-11	1.5381e-10	2.6452e-11	1.2003e-10	2.997e-11	1.2009e-10	4.5462e-11	7.5469e-11	1.5418e-11	7.6431e-11	1.1154e-11	6.9624e-11	6.2745e-12	6.9672e-11	2.4079e-11	1.0346e-10	6.8055e-11	1.2929e-10	2.4111e-11	4.227e-11	1.2966e-11	1.2107e-10	6.3058e-12	7.0504e-12	4.27e-12
45.2215	0.11788	0.051473	0.00011762	3.1688e-05	0.00021373	0.00090036	0.00023488	0.001081	1.6877e-05	0.00016084	3.0216e-05	0.00018598	3.3849e-05	0.00011984	3.5677e-06	1.7123e-05	2.4163e-06	4.7154e-06	5.1695e-06	2.1531e-05	3.9461e-06	1.4722e-05	9.3978e-06	1.692e-05	1.1324e-05	8.3628e-05	2.9015e-07	3.5638e-06	5.7201e-08	7.3904e-08	5.5117e-09	1.1897e-08	7.5642e-10	4.4446e-09	8.2554e-10	2.3092e-09	7.5112e-10	2.4742e-09	5.53e-10	1.3614e-09	2.4636e-10	6.8946e-10	8.0817e-11	2.6423e-10	1.3623e-10	3.9278e-10	1.2783e-10	3.4266e-10	7.5398e-11	4.0412e-10	8.5248e-11	4.9434e-10	9.4793e-11	2.3359e-10	5.6145e-11	5.8095e-10	5.1939e-11	1.5547e-10	3.7031e-11	1.3802e-10	1.6342e-11	1.5562e-10	2.6765e-11	1.2147e-10	3.0324e-11	1.2155e-10	4.6011e-11	7.6377e-11	1.5601e-11	7.7367e-11	1.129e-11	7.0476e-11	6.3513e-12	7.0525e-11	2.4374e-11	1.0472e-10	6.8889e-11	1.3088e-10	2.4406e-11	4.2789e-11	1.3125e-11	1.2256e-10	6.3831e-12	7.1372e-12	4.3225e-12
45.8499	0.11973	0.051233	0.00011907	3.2262e-05	0.00021677	0.00091011	0.00023572	0.0010804	1.711e-05	0.00016142	3.0578e-05	0.00018796	3.4237e-05	0.00012118	3.6235e-06	1.7352e-05	2.4609e-06	4.7915e-06	5.2556e-06	2.1783e-05	3.9977e-06	1.4908e-05	9.5008e-06	1.7112e-05	1.1443e-05	8.4627e-05	2.95e-07	3.6095e-06	5.7893e-08	7.4798e-08	5.5759e-09	1.2036e-08	7.6524e-10	4.4971e-09	8.3516e-10	2.3365e-09	7.5996e-10	2.5032e-09	5.5944e-10	1.3772e-09	2.4923e-10	6.975e-10	8.176e-11	2.6732e-10	1.3782e-10	3.9741e-10	1.2932e-10	3.4672e-10	7.6289e-11	4.0888e-10	8.6247e-11	5.0035e-10	9.5904e-11	2.3633e-10	5.6804e-11	5.8801e-10	5.2553e-11	1.5729e-10	3.7465e-11	1.3964e-10	1.6534e-11	1.5745e-10	2.7079e-11	1.2294e-10	3.0688e-11	1.2302e-10	4.6571e-11	7.7306e-11	1.5789e-11	7.8308e-11	1.1427e-11	7.1334e-11	6.4286e-12	7.1384e-11	2.467e-11	1.06e-10	6.9728e-11	1.3247e-10	2.4704e-11	4.331e-11	1.3285e-11	1.2405e-10	6.461e-12	7.2245e-12	4.3754e-12
46.4871	0.12202	0.051004	0.00012052	3.2845e-05	0.00021987	0.00091991	0.00023664	0.0010803	1.7345e-05	0.00016208	3.0942e-05	0.00019002	3.4627e-05	0.00012252	3.6799e-06	1.7582e-05	2.5061e-06	4.8686e-06	5.3427e-06	2.2037e-05	4.0497e-06	1.5096e-05	9.6042e-06	1.7308e-05	1.1562e-05	8.5633e-05	2.9991e-07	3.6555e-06	5.859e-08	7.5698e-08	5.6405e-09	1.2175e-08	7.741e-10	4.55e-09	8.4485e-10	2.364e-09	7.6888e-10	2.5326e-09	5.6593e-10	1.3932e-09	2.5212e-10	7.0561e-10	8.2708e-11	2.7045e-10	1.3942e-10	4.0208e-10	1.3083e-10	3.5079e-10	7.7187e-11	4.1365e-10	8.7253e-11	5.064e-10	9.7023e-11	2.3917e-10	5.7468e-11	5.9512e-10	5.3189e-11	1.5913e-10	3.7902e-11	1.4127e-10	1.6727e-11	1.5932e-10	2.7395e-11	1.2443e-10	3.1059e-11	1.2451e-10	4.7134e-11	7.8241e-11	1.598e-11	7.9256e-11	1.1565e-11	7.2198e-11	6.5065e-12	7.2249e-11	2.4969e-11	1.0729e-10	7.0573e-11	1.3408e-10	2.5003e-11	4.3835e-11	1.3446e-11	1.2556e-10	6.5394e-12	7.3124e-12	4.4287e-12
47.1332	0.12391	0.050794	0.00012199	3.3435e-05	0.00022299	0.00092983	0.00023765	0.0010805	1.7581e-05	0.00016283	3.1309e-05	0.0001921	3.5019e-05	0.00012389	3.7369e-06	1.7817e-05	2.552e-06	4.9456e-06	5.4309e-06	2.2295e-05	4.1022e-06	1.5286e-05	9.7034e-06	1.7505e-05	1.1682e-05	8.6655e-05	3.0488e-07	3.7018e-06	5.9291e-08	7.6603e-08	5.7054e-09	1.2316e-08	7.8305e-10	4.6031e-09	8.547e-10	2.3916e-09	7.7785e-10	2.5621e-09	5.7251e-10	1.4094e-09	2.5502e-10	7.1383e-10	8.3669e-11	2.736e-10	1.4104e-10	4.0677e-10	1.3236e-10	3.5487e-10	7.8083e-11	4.1844e-10	8.8264e-11	5.1249e-10	9.8147e-11	2.4205e-10	5.8157e-11	6.0228e-10	5.3827e-11	1.6104e-10	3.8341e-11	1.4292e-10	1.6921e-11	1.6123e-10	2.7721e-11	1.2593e-10	3.1432e-11	1.2601e-10	4.7701e-11	7.9182e-11	1.6172e-11	8.021e-11	1.1704e-11	7.3067e-11	6.5848e-12	7.3119e-11	2.527e-11	1.0858e-10	7.1424e-11	1.357e-10	2.5304e-11	4.4364e-11	1.3609e-11	1.2707e-10	6.6183e-12	7.4009e-12	4.4823e-12
47.7882	0.12581	0.050621	0.00012347	3.4033e-05	0.00022614	0.00094017	0.00023882	0.0010815	1.782e-05	0.00016363	3.1678e-05	0.0001942	3.5413e-05	0.0001253	3.7945e-06	1.806e-05	2.5985e-06	5.024e-06	5.5201e-06	2.2561e-05	4.1555e-06	1.5476e-05	9.8028e-06	1.7702e-05	1.1797e-05	8.7683e-05	3.0991e-07	3.7484e-06	5.9983e-08	7.7514e-08	5.7706e-09	1.2458e-08	7.9211e-10	4.6563e-09	8.646e-10	2.4191e-09	7.8688e-10	2.5918e-09	5.7914e-10	1.4257e-09	2.5797e-10	7.221e-10	8.4638e-11	2.7677e-10	1.4268e-10	4.1149e-10	1.3389e-10	3.5895e-10	7.898e-11	4.2325e-10	8.929e-11	5.1862e-10	9.9305e-11	2.4494e-10	5.8851e-11	6.0948e-10	5.447e-11	1.6296e-10	3.8788e-11	1.4463e-10	1.7116e-11	1.6316e-10	2.8051e-11	1.2743e-10	3.1808e-11	1.2752e-10	4.8272e-11	8.0129e-11	1.6366e-11	8.117e-11	1.1844e-11	7.3942e-11	6.6636e-12	7.3994e-11	2.5573e-11	1.0988e-10	7.2279e-11	1.3732e-10	2.5608e-11	4.4896e-11	1.3772e-11	1.286e-10	6.6977e-12	7.49e-12	4.5365e-12
48.4523	0.12774	0.050463	0.00012494	3.4644e-05	0.00022932	0.00095055	0.00024006	0.001083	1.8061e-05	0.00016448	3.2048e-05	0.0001963	3.5809e-05	0.00012671	3.8527e-06	1.8304e-05	2.6456e-06	5.1039e-06	5.6103e-06	2.2829e-05	4.209e-06	1.5664e-05	9.9025e-06	1.7901e-05	1.1912e-05	8.8718e-05	3.1485e-07	3.7954e-06	6.0662e-08	7.8402e-08	5.8368e-09	1.2602e-08	8.0122e-10	4.7094e-09	8.7455e-10	2.4467e-09	7.9588e-10	2.6216e-09	5.8581e-10	1.4422e-09	2.6094e-10	7.3041e-10	8.5612e-11	2.7996e-10	1.4432e-10	4.1619e-10	1.3543e-10	3.6304e-10	7.9881e-11	4.2817e-10	9.0347e-11	5.2478e-10	1.0048e-10	2.4784e-10	5.9549e-11	6.1672e-10	5.5117e-11	1.6489e-10	3.9247e-11	1.4634e-10	1.7316e-11	1.6509e-10	2.8384e-11	1.2895e-10	3.2186e-11	1.2903e-10	4.8846e-11	8.1081e-11	1.656e-11	8.2136e-11	1.1985e-11	7.4822e-11	6.7429e-12	7.4875e-11	2.5877e-11	1.1119e-10	7.314e-11	1.3896e-10	2.5913e-11	4.5431e-11	1.3936e-11	1.3013e-10	6.7775e-12	7.5805e-12	4.5914e-12
49.1257	0.12969	0.050321	0.00012642	3.5262e-05	0.00023246	0.000961	0.00024137	0.0010849	1.8306e-05	0.00016536	3.2421e-05	0.00019841	3.6207e-05	0.00012814	3.9115e-06	1.8551e-05	2.6933e-06	5.1853e-06	5.7015e-06	2.3099e-05	4.263e-06	1.585e-05	1.0002e-05	1.8093e-05	1.2027e-05	8.9757e-05	3.1984e-07	3.8429e-06	6.1345e-08	7.9284e-08	5.9035e-09	1.2746e-08	8.1038e-10	4.7628e-09	8.8455e-10	2.4745e-09	8.0489e-10	2.6513e-09	5.925e-10	1.4586e-09	2.6392e-10	7.3876e-10	8.6591e-11	2.8314e-10	1.4597e-10	4.2091e-10	1.3697e-10	3.6716e-10	8.0787e-11	4.3321e-10	9.141e-11	5.3098e-10	1.0166e-10	2.5077e-10	6.0251e-11	6.24e-10	5.5767e-11	1.6683e-10	3.9709e-11	1.4806e-10	1.7519e-11	1.6704e-10	2.8718e-11	1.3047e-10	3.2566e-11	1.3056e-10	4.9423e-11	8.2039e-11	1.6756e-11	8.3106e-11	1.2127e-11	7.5706e-11	6.8227e-12	7.5761e-11	2.6183e-11	1.1251e-10	7.4006e-11	1.406e-10	2.6219e-11	4.5969e-11	1.4101e-11	1.3168e-10	6.8579e-12	7.6716e-12	4.6467e-12
49.8084	0.13166	0.050195	0.00012791	3.5888e-05	0.00023558	0.00097149	0.00024276	0.0010871	1.8552e-05	0.00016629	3.28e-05	0.00020053	3.6607e-05	0.00012957	3.9708e-06	1.8799e-05	2.742e-06	5.2688e-06	5.7937e-06	2.337e-05	4.3169e-06	1.6036e-05	1.0104e-05	1.8284e-05	1.2142e-05	9.0774e-05	3.2487e-07	3.891e-06	6.203e-08	8.0169e-08	5.9704e-09	1.289e-08	8.1956e-10	4.8164e-09	8.9449e-10	2.5023e-09	8.1395e-10	2.6811e-09	5.9918e-10	1.4751e-09	2.6691e-10	7.4706e-10	8.7567e-11	2.8632e-10	1.4761e-10	4.2564e-10	1.3851e-10	3.7138e-10	8.1718e-11	4.3827e-10	9.2479e-11	5.3721e-10	1.0285e-10	2.5371e-10	6.0956e-11	6.3133e-10	5.6421e-11	1.6879e-10	4.0173e-11	1.498e-10	1.7724e-11	1.69e-10	2.9055e-11	1.32e-10	3.2948e-11	1.3209e-10	5.0003e-11	8.3003e-11	1.6952e-11	8.4083e-11	1.2269e-11	7.6596e-11	6.9029e-12	7.6651e-11	2.6491e-11	1.1383e-10	7.4877e-11	1.4226e-10	2.6528e-11	4.651e-11	1.4268e-11	1.3323e-10	6.9386e-12	7.7634e-12	4.7023e-12
50.5006	0.13365	0.050088	0.0001294	3.6522e-05	0.00023871	0.00098203	0.00024423	0.0010897	1.88e-05	0.00016725	3.318e-05	0.00020266	3.7012e-05	0.000131	4.031e-06	1.9049e-05	2.7913e-06	5.3537e-06	5.887e-06	2.3643e-05	4.3694e-06	1.6223e-05	1.0205e-05	1.8475e-05	1.2259e-05	9.1779e-05	3.2996e-07	3.9393e-06	6.2721e-08	8.1059e-08	6.0377e-09	1.3034e-08	8.2869e-10	4.8709e-09	9.0447e-10	2.531e-09	8.2304e-10	2.711e-09	6.0586e-10	1.4915e-09	2.6989e-10	7.5539e-10	8.8543e-11	2.8951e-10	1.4925e-10	4.304e-10	1.4006e-10	3.7568e-10	8.2665e-11	4.4336e-10	9.3553e-11	5.4348e-10	1.0405e-10	2.5666e-10	6.1666e-11	6.3869e-10	5.7079e-11	1.7075e-10	4.064e-11	1.5154e-10	1.793e-11	1.7097e-10	2.9393e-11	1.3354e-10	3.3332e-11	1.3363e-10	5.0586e-11	8.3971e-11	1.715e-11	8.5064e-11	1.2412e-11	7.7491e-11	6.9835e-12	7.7547e-11	2.68e-11	1.1516e-10	7.5752e-11	1.4392e-10	2.6838e-11	4.7054e-11	1.4436e-11	1.3481e-10	7.0203e-12	7.8548e-12	4.7566e-12
51.2024	0.13567	0.05	0.00013094	3.7159e-05	0.00024187	0.00099261	0.00024576	0.0010926	1.9048e-05	0.00016825	3.3562e-05	0.0002048	3.7419e-05	0.00013245	4.0919e-06	1.9301e-05	2.8413e-06	5.4401e-06	5.9819e-06	2.3916e-05	4.4222e-06	1.6411e-05	1.0307e-05	1.8667e-05	1.2376e-05	9.2788e-05	3.3513e-07	3.9879e-06	6.342e-08	8.1956e-08	6.1045e-09	1.3178e-08	8.3786e-10	4.9269e-09	9.1448e-10	2.5601e-09	8.3237e-10	2.7415e-09	6.1257e-10	1.508e-09	2.7288e-10	7.6375e-10	8.9523e-11	2.9272e-10	1.5091e-10	4.3531e-10	1.4161e-10	3.8e-10	8.3617e-11	4.4847e-10	9.4633e-11	5.4977e-10	1.0525e-10	2.5963e-10	6.2378e-11	6.4608e-10	5.7739e-11	1.7272e-10	4.1109e-11	1.5329e-10	1.8137e-11	1.7294e-10	2.9732e-11	1.3509e-10	3.3718e-11	1.3518e-10	5.1173e-11	8.4944e-11	1.7348e-11	8.6051e-11	1.2556e-11	7.8389e-11	7.0645e-12	7.8446e-11	2.7111e-11	1.1651e-10	7.6634e-11	1.456e-10	2.715e-11	4.7607e-11	1.4606e-11	1.3639e-10	7.1029e-12	7.9441e-12	4.8108e-12
51.914	0.1377	0.049929	0.0001325	3.7805e-05	0.00024506	0.0010032	0.00024735	0.0010959	1.929e-05	0.00016929	3.3945e-05	0.00020694	3.7828e-05	0.0001339	4.1535e-06	1.9555e-05	2.892e-06	5.5279e-06	6.0778e-06	2.4192e-05	4.4752e-06	1.6601e-05	1.0409e-05	1.8862e-05	1.2493e-05	9.3801e-05	3.4036e-07	4.0365e-06	6.4122e-08	8.2863e-08	6.1715e-09	1.3323e-08	8.4707e-10	4.9832e-09	9.2454e-10	2.5893e-09	8.4187e-10	2.7728e-09	6.193e-10	1.5246e-09	2.7588e-10	7.7217e-10	9.0507e-11	2.9604e-10	1.5258e-10	4.4028e-10	1.4321e-10	3.8435e-10	8.4573e-11	4.5361e-10	9.5718e-11	5.561e-10	1.0646e-10	2.6261e-10	6.3095e-11	6.5352e-10	5.8403e-11	1.7471e-10	4.158e-11	1.5505e-10	1.8345e-11	1.7493e-10	3.0074e-11	1.3664e-10	3.4106e-11	1.3674e-10	5.1762e-11	8.5921e-11	1.7548e-11	8.7042e-11	1.2701e-11	7.9296e-11	7.1461e-12	7.9357e-11	2.7426e-11	1.1787e-10	7.7529e-11	1.473e-10	2.7466e-11	4.8163e-11	1.4777e-11	1.3799e-10	7.1859e-12	8.0338e-12	4.8651e-12
52.6355	0.13975	0.049874	0.00013407	3.8457e-05	0.00024828	0.0010139	0.00024901	0.0010996	1.9533e-05	0.00017036	3.4317e-05	0.0002091	3.8238e-05	0.00013535	4.2156e-06	1.9811e-05	2.9425e-06	5.6164e-06	6.1748e-06	2.4468e-05	4.5285e-06	1.6793e-05	1.051e-05	1.9057e-05	1.2611e-05	9.4822e-05	3.4565e-07	4.0837e-06	6.4826e-08	8.3773e-08	6.2388e-09	1.3469e-08	8.5637e-10	5.0397e-09	9.3499e-10	2.6187e-09	8.5141e-10	2.8042e-09	6.2625e-10	1.5417e-09	2.7888e-10	7.809e-10	9.1521e-11	2.9939e-10	1.5431e-10	4.4527e-10	1.4483e-10	3.8871e-10	8.5533e-11	4.5877e-10	9.6807e-11	5.6245e-10	1.0767e-10	2.6561e-10	6.3814e-11	6.6099e-10	5.907e-11	1.767e-10	4.2053e-11	1.5681e-10	1.8553e-11	1.7693e-10	3.0417e-11	1.3821e-10	3.4495e-11	1.3831e-10	5.2356e-11	8.6906e-11	1.7748e-11	8.8048e-11	1.2847e-11	8.0215e-11	7.2289e-12	8.0277e-11	2.7743e-11	1.1924e-10	7.8428e-11	1.4901e-10	2.7785e-11	4.8722e-11	1.4947e-11	1.3957e-10	7.2693e-12	8.124e-12	4.9199e-12
53.367	0.14185	0.049837	0.00013564	3.9119e-05	0.00025153	0.0010246	0.00025074	0.0011035	1.9778e-05	0.00017149	3.4686e-05	0.00021128	3.8634e-05	0.00013681	4.2781e-06	2.0068e-05	2.993e-06	5.7063e-06	6.2727e-06	2.4746e-05	4.5826e-06	1.6985e-05	1.0611e-05	1.9253e-05	1.2727e-05	9.5853e-05	3.5098e-07	4.1311e-06	6.5532e-08	8.4685e-08	6.3062e-09	1.362e-08	8.6598e-10	5.0964e-09	9.4549e-10	2.6482e-09	8.6099e-10	2.8357e-09	6.3328e-10	1.559e-09	2.82e-10	7.8967e-10	9.2549e-11	3.0276e-10	1.5604e-10	4.5028e-10	1.4646e-10	3.9309e-10	8.6497e-11	4.6395e-10	9.7901e-11	5.689e-10	1.0889e-10	2.6862e-10	6.4537e-11	6.6855e-10	5.9739e-11	1.787e-10	4.2529e-11	1.5859e-10	1.8763e-11	1.7893e-10	3.0761e-11	1.3979e-10	3.4888e-11	1.399e-10	5.2957e-11	8.7904e-11	1.7951e-11	8.9061e-11	1.2994e-11	8.1137e-11	7.3121e-12	8.12e-11	2.8062e-11	1.2061e-10	7.9331e-11	1.5073e-10	2.8105e-11	4.9276e-11	1.5113e-11	1.4112e-10	7.3503e-12	8.2153e-12	4.9755e-12
54.1087	0.14396	0.049824	0.00013722	3.9803e-05	0.0002548	0.0010355	0.00025256	0.0011078	2.0024e-05	0.00017264	3.5057e-05	0.00021347	3.9027e-05	0.00013829	4.3392e-06	2.033e-05	3.044e-06	5.7975e-06	6.3698e-06	2.5027e-05	4.6369e-06	1.7178e-05	1.0712e-05	1.9449e-05	1.2843e-05	9.6888e-05	3.5634e-07	4.1787e-06	6.6233e-08	8.5597e-08	6.376e-09	1.3771e-08	8.7563e-10	5.1534e-09	9.5603e-10	2.6778e-09	8.706e-10	2.8674e-09	6.4034e-10	1.5764e-09	2.8514e-10	7.9848e-10	9.3581e-11	3.0614e-10	1.5778e-10	4.5531e-10	1.4809e-10	3.9749e-10	8.7465e-11	4.6915e-10	9.9e-11	5.7539e-10	1.1011e-10	2.7166e-10	6.5262e-11	6.7618e-10	6.0419e-11	1.8071e-10	4.3006e-11	1.6037e-10	1.8973e-11	1.8095e-10	3.1106e-11	1.4139e-10	3.5286e-11	1.4149e-10	5.3561e-11	8.8907e-11	1.8156e-11	9.0078e-11	1.3143e-11	8.2064e-11	7.3956e-12	8.2127e-11	2.8383e-11	1.2194e-10	8.0214e-11	1.5239e-10	2.842e-11	4.9819e-11	1.528e-11	1.4267e-10	7.4313e-12	8.3073e-12	5.0312e-12
54.8606	0.14609	0.04983	0.00013881	4.0495e-05	0.00025808	0.0010464	0.00025445	0.0011125	2.0273e-05	0.00017382	3.5428e-05	0.00021566	3.9421e-05	0.00013978	4.4007e-06	2.0593e-05	3.0955e-06	5.89e-06	6.4665e-06	2.531e-05	4.6915e-06	1.7369e-05	1.0813e-05	1.9645e-05	1.2959e-05	9.7926e-05	3.6173e-07	4.2265e-06	6.6935e-08	8.6504e-08	6.4464e-09	1.3924e-08	8.8532e-10	5.2106e-09	9.6661e-10	2.7075e-09	8.8026e-10	2.8992e-09	6.4743e-10	1.5939e-09	2.883e-10	8.0732e-10	9.4616e-11	3.0953e-10	1.5953e-10	4.6036e-10	1.4973e-10	4.0191e-10	8.8437e-11	4.7437e-10	1.001e-10	5.819e-10	1.1134e-10	2.7473e-10	6.5997e-11	6.8384e-10	6.1102e-11	1.8274e-10	4.3485e-11	1.6216e-10	1.9184e-11	1.8299e-10	3.1455e-11	1.4299e-10	3.5685e-11	1.431e-10	5.4168e-11	8.9914e-11	1.8361e-11	9.1086e-11	1.3292e-11	8.2969e-11	7.4772e-12	8.3024e-11	2.8694e-11	1.2327e-10	8.109e-11	1.5406e-10	2.873e-11	5.0363e-11	1.5447e-11	1.4423e-10	7.5125e-12	8.3997e-12	5.0872e-12
55.623	0.14825	0.049853	0.00014041	4.1196e-05	0.00026136	0.0010573	0.0002564	0.0011174	2.0525e-05	0.00017503	3.5802e-05	0.00021781	3.9815e-05	0.00014126	4.4627e-06	2.0857e-05	3.1478e-06	5.9862e-06	6.564e-06	2.5594e-05	4.7463e-06	1.7561e-05	1.0918e-05	1.9839e-05	1.3074e-05	9.8962e-05	3.6717e-07	4.275e-06	6.764e-08	8.7414e-08	6.5171e-09	1.4077e-08	8.9503e-10	5.268e-09	9.7723e-10	2.7374e-09	8.8994e-10	2.9311e-09	6.5454e-10	1.6114e-09	2.9146e-10	8.1619e-10	9.5655e-11	3.1293e-10	1.6128e-10	4.6543e-10	1.5138e-10	4.0634e-10	8.9412e-11	4.7961e-10	1.0121e-10	5.8838e-10	1.1257e-10	2.7782e-10	6.6737e-11	6.9147e-10	6.1789e-11	1.8479e-10	4.3966e-11	1.6397e-10	1.9396e-11	1.8505e-10	3.1808e-11	1.4457e-10	3.6086e-11	1.4466e-10	5.4761e-11	9.0902e-11	1.8568e-11	9.2072e-11	1.3436e-11	8.3868e-11	7.5582e-12	8.3923e-11	2.9004e-11	1.246e-10	8.1969e-11	1.5573e-10	2.9041e-11	5.0909e-11	1.5616e-11	1.4582e-10	7.5945e-12	8.4948e-12	5.1466e-12
56.3961	0.15042	0.049894	0.00014201	4.1904e-05	0.00026465	0.0010683	0.0002584	0.0011225	2.0777e-05	0.0001762	3.618e-05	0.0002199	4.0213e-05	0.00014276	4.5252e-06	2.1123e-05	3.2009e-06	6.0838e-06	6.6624e-06	2.5878e-05	4.8008e-06	1.7753e-05	1.1023e-05	2.0034e-05	1.3193e-05	9.9992e-05	3.7266e-07	4.3237e-06	6.8351e-08	8.8326e-08	6.588e-09	1.423e-08	9.0478e-10	5.3255e-09	9.8788e-10	2.7673e-09	8.9966e-10	2.963e-09	6.6167e-10	1.6289e-09	2.9463e-10	8.2509e-10	9.6698e-11	3.1635e-10	1.6304e-10	4.7051e-10	1.5303e-10	4.1079e-10	9.0391e-11	4.8489e-10	1.0233e-10	5.9469e-10	1.1382e-10	2.8091e-10	6.748e-11	6.9888e-10	6.2469e-11	1.8685e-10	4.4455e-11	1.658e-10	1.961e-11	1.8711e-10	3.2162e-11	1.4612e-10	3.6476e-11	1.4621e-10	5.5348e-11	9.1877e-11	1.8767e-11	9.3061e-11	1.358e-11	8.4769e-11	7.6394e-12	8.4825e-11	2.9316e-11	1.2596e-10	8.2853e-11	1.5741e-10	2.9354e-11	5.1464e-11	1.5787e-11	1.4741e-10	7.6774e-12	8.5941e-12	5.2068e-12
57.1798	0.15261	0.049935	0.00014362	4.2621e-05	0.00026796	0.0010789	0.00026038	0.0011276	2.103e-05	0.00017737	3.6558e-05	0.00022199	4.0613e-05	0.00014418	4.5886e-06	2.1382e-05	3.2546e-06	6.1828e-06	6.7619e-06	2.6153e-05	4.8554e-06	1.7948e-05	1.1128e-05	2.0228e-05	1.3314e-05	0.00010102	3.7829e-07	4.3725e-06	6.9086e-08	8.9255e-08	6.6591e-09	1.4384e-08	9.1456e-10	5.3833e-09	9.9857e-10	2.7973e-09	9.0941e-10	2.9951e-09	6.6883e-10	1.6466e-09	2.9782e-10	8.3401e-10	9.7744e-11	3.1977e-10	1.648e-10	4.7561e-10	1.5468e-10	4.1525e-10	9.1372e-11	4.9023e-10	1.0346e-10	6.0102e-10	1.1508e-10	2.839e-10	6.8222e-11	7.0632e-10	6.3133e-11	1.8891e-10	4.4945e-11	1.6763e-10	1.9826e-11	1.8912e-10	3.2517e-11	1.4768e-10	3.6864e-11	1.4777e-10	5.5938e-11	9.2855e-11	1.8967e-11	9.4053e-11	1.3725e-11	8.5675e-11	7.7211e-12	8.5736e-11	2.9631e-11	1.2732e-10	8.3749e-11	1.5911e-10	2.9671e-11	5.2021e-11	1.5958e-11	1.4901e-10	7.7606e-12	8.6938e-12	5.2673e-12
57.9745	0.15482	0.049985	0.00014523	4.3346e-05	0.00027131	0.0010894	0.00026237	0.0011328	2.1282e-05	0.00017857	3.6937e-05	0.00022408	4.1014e-05	0.00014561	4.6526e-06	2.164e-05	3.3089e-06	6.2832e-06	6.8628e-06	2.6426e-05	4.9102e-06	1.8148e-05	1.1234e-05	2.0428e-05	1.3435e-05	0.00010206	3.8402e-07	4.4216e-06	6.9823e-08	9.0206e-08	6.7304e-09	1.4538e-08	9.2437e-10	5.4412e-09	1.0093e-09	2.8274e-09	9.1918e-10	3.0273e-09	6.76e-10	1.6642e-09	3.0101e-10	8.4296e-10	9.8792e-11	3.2321e-10	1.6657e-10	4.8073e-10	1.5635e-10	4.1974e-10	9.2361e-11	4.9559e-10	1.0459e-10	6.0736e-10	1.1634e-10	2.869e-10	6.894e-11	7.1378e-10	6.3799e-11	1.909e-10	4.5437e-11	1.6944e-10	2.0043e-11	1.9112e-10	3.2862e-11	1.4924e-10	3.7253e-11	1.4934e-10	5.6531e-11	9.3838e-11	1.9167e-11	9.5058e-11	1.3871e-11	8.6594e-11	7.8038e-12	8.6655e-11	2.9948e-11	1.2868e-10	8.4648e-11	1.6082e-10	2.999e-11	5.2579e-11	1.6133e-11	1.5067e-10	7.8442e-12	8.7933e-12	5.3245e-12
58.7802	0.15705	0.050052	0.00014685	4.4078e-05	0.00027476	0.0010999	0.00026441	0.0011381	2.1535e-05	0.00017979	3.7313e-05	0.00022617	4.1414e-05	0.00014704	4.7169e-06	2.19e-05	3.3637e-06	6.385e-06	6.9645e-06	2.67e-05	4.9651e-06	1.835e-05	1.1339e-05	2.0631e-05	1.3556e-05	0.00010311	3.8981e-07	4.4703e-06	7.0561e-08	9.116e-08	6.8019e-09	1.4692e-08	9.342e-10	5.4993e-09	1.02e-09	2.8578e-09	9.2898e-10	3.0596e-09	6.8319e-10	1.6819e-09	3.0421e-10	8.5194e-10	9.9843e-11	3.2665e-10	1.6834e-10	4.8585e-10	1.5801e-10	4.2428e-10	9.3361e-11	5.0097e-10	1.0571e-10	6.1379e-10	1.1756e-10	2.8989e-10	6.966e-11	7.2132e-10	6.4466e-11	1.9289e-10	4.5921e-11	1.7121e-10	2.026e-11	1.9312e-10	3.3205e-11	1.5082e-10	3.7645e-11	1.5092e-10	5.7131e-11	9.4834e-11	1.9369e-11	9.6068e-11	1.4018e-11	8.7514e-11	7.8868e-12	8.7577e-11	3.0267e-11	1.3007e-10	8.5549e-11	1.6255e-10	3.0309e-11	5.3157e-11	1.6317e-11	1.5239e-10	7.9336e-12	8.8833e-12	5.379e-12
59.5971	0.1593	0.050136	0.00014848	4.4819e-05	0.00027823	0.0011104	0.0002665	0.0011436	2.1789e-05	0.00018104	3.7688e-05	0.00022829	4.1813e-05	0.00014846	4.7817e-06	2.216e-05	3.4186e-06	6.4881e-06	7.067e-06	2.6974e-05	5.022e-06	1.8551e-05	1.1445e-05	2.0834e-05	1.3676e-05	0.00010419	3.9564e-07	4.519e-06	7.1301e-08	9.2116e-08	6.8735e-09	1.4847e-08	9.4405e-10	5.5583e-09	1.0308e-09	2.8884e-09	9.3885e-10	3.092e-09	6.904e-10	1.6997e-09	3.0742e-10	8.6093e-10	1.009e-10	3.301e-10	1.7012e-10	4.9103e-10	1.5968e-10	4.2883e-10	9.4363e-11	5.0622e-10	1.068e-10	6.2025e-10	1.1878e-10	2.9292e-10	7.0382e-11	7.2892e-10	6.5143e-11	1.9489e-10	4.6396e-11	1.7298e-10	2.0471e-11	1.9512e-10	3.3549e-11	1.5241e-10	3.8041e-11	1.5251e-10	5.7733e-11	9.5833e-11	1.9573e-11	9.7081e-11	1.4166e-11	8.8437e-11	7.9699e-12	8.8511e-11	3.0587e-11	1.3154e-10	8.6505e-11	1.6438e-10	3.0643e-11	5.3757e-11	1.6502e-11	1.5411e-10	8.0233e-12	8.9735e-12	5.4336e-12
60.4253	0.16157	0.050237	0.00015013	4.5568e-05	0.00028171	0.0011209	0.00026865	0.0011493	2.2043e-05	0.00018232	3.8063e-05	0.00023041	4.2208e-05	0.00014991	4.8465e-06	2.2424e-05	3.4742e-06	6.5926e-06	7.1701e-06	2.7251e-05	5.0792e-06	1.8754e-05	1.155e-05	2.1037e-05	1.3797e-05	0.00010527	4.0152e-07	4.5679e-06	7.2043e-08	9.3073e-08	6.9453e-09	1.5003e-08	9.5393e-10	5.6174e-09	1.0416e-09	2.9192e-09	9.4883e-10	3.1248e-09	6.9763e-10	1.7175e-09	3.1063e-10	8.6994e-10	1.0195e-10	3.3359e-10	1.719e-10	4.9625e-10	1.6136e-10	4.334e-10	9.5369e-11	5.114e-10	1.079e-10	6.2673e-10	1.2e-10	2.9598e-10	7.1112e-11	7.3653e-10	6.5822e-11	1.9691e-10	4.6871e-11	1.7475e-10	2.0681e-11	1.9715e-10	3.3895e-11	1.54e-10	3.8438e-11	1.541e-10	5.8336e-11	9.6834e-11	1.9777e-11	9.8128e-11	1.4314e-11	8.9418e-11	8.0582e-12	8.9503e-11	3.093e-11	1.3302e-10	8.7474e-11	1.6623e-10	3.0987e-11	5.436e-11	1.6686e-11	1.558e-10	8.1133e-12	9.0638e-12	5.4889e-12
61.265	0.16386	0.050357	0.00015178	4.6324e-05	0.00028521	0.0011316	0.00027085	0.0011553	2.2307e-05	0.00018362	3.8439e-05	0.00023253	4.2604e-05	0.00015136	4.9115e-06	2.2689e-05	3.5302e-06	6.6983e-06	7.2733e-06	2.7529e-05	5.1367e-06	1.8956e-05	1.1656e-05	2.1241e-05	1.3917e-05	0.00010635	4.0746e-07	4.6169e-06	7.2786e-08	9.4033e-08	7.0172e-09	1.5158e-08	9.6382e-10	5.6767e-09	1.0525e-09	2.95e-09	9.5883e-10	3.1578e-09	7.0492e-10	1.7354e-09	3.1385e-10	8.7907e-10	1.0302e-10	3.371e-10	1.7371e-10	5.0148e-10	1.6306e-10	4.3785e-10	9.6343e-11	5.166e-10	1.09e-10	6.3341e-10	1.2122e-10	2.9904e-10	7.1846e-11	7.4433e-10	6.6503e-11	1.9894e-10	4.7348e-11	1.7655e-10	2.0891e-11	1.9919e-10	3.4245e-11	1.5566e-10	3.8835e-11	1.558e-10	5.8977e-11	9.7891e-11	1.9983e-11	9.9218e-11	1.4473e-11	9.0411e-11	8.1478e-12	9.0497e-11	3.1274e-11	1.345e-10	8.8447e-11	1.6807e-10	3.1331e-11	5.4956e-11	1.6852e-11	1.5735e-10	8.1965e-12	9.1564e-12	5.5453e-12
62.1165	0.16616	0.050492	0.00015344	4.7089e-05	0.00028872	0.0011422	0.0002731	0.0011615	2.2572e-05	0.00018493	3.8822e-05	0.00023464	4.2999e-05	0.00015281	4.9769e-06	2.2956e-05	3.5871e-06	6.8054e-06	7.3772e-06	2.7808e-05	5.1942e-06	1.9159e-05	1.1761e-05	2.1444e-05	1.4038e-05	0.00010744	4.1344e-07	4.6677e-06	7.3531e-08	9.4993e-08	7.0893e-09	1.5316e-08	9.7385e-10	5.7347e-09	1.0635e-09	2.9797e-09	9.6885e-10	3.1908e-09	7.1227e-10	1.7535e-09	3.1711e-10	8.8824e-10	1.0409e-10	3.4062e-10	1.7552e-10	5.0672e-10	1.6476e-10	4.4224e-10	9.7311e-11	5.2181e-10	1.1011e-10	6.4038e-10	1.2246e-10	3.0213e-10	7.2581e-11	7.5252e-10	6.7207e-11	2.0098e-10	4.7832e-11	1.7836e-10	2.1103e-11	2.0123e-10	3.4595e-11	1.5738e-10	3.926e-11	1.5752e-10	5.9627e-11	9.8969e-11	2.0203e-11	1.0031e-10	1.4632e-11	9.1408e-11	8.2376e-12	9.1495e-11	3.1619e-11	1.3584e-10	8.9367e-11	1.6977e-10	3.1664e-11	5.5496e-11	1.7018e-11	1.589e-10	8.2772e-12	9.2497e-12	5.6018e-12
62.9797	0.16848	0.050642	0.00015503	4.7867e-05	0.00029226	0.0011528	0.0002754	0.0011678	2.2839e-05	0.00018624	3.9213e-05	0.00023672	4.3404e-05	0.00015426	5.0426e-06	2.3223e-05	3.6457e-06	6.9138e-06	7.4819e-06	2.8086e-05	5.252e-06	1.9363e-05	1.1866e-05	2.1648e-05	1.4158e-05	0.00010852	4.1946e-07	4.7188e-06	7.4276e-08	9.5955e-08	7.162e-09	1.5474e-08	9.8392e-10	5.7917e-09	1.0745e-09	3.0094e-09	9.7857e-10	3.2231e-09	7.1964e-10	1.7717e-09	3.2038e-10	8.9743e-10	1.0517e-10	3.4415e-10	1.7734e-10	5.1176e-10	1.6647e-10	4.4665e-10	9.828e-11	5.2709e-10	1.1122e-10	6.4737e-10	1.237e-10	3.0542e-10	7.3333e-11	7.6073e-10	6.794e-11	2.0305e-10	4.8316e-11	1.8017e-10	2.1316e-11	2.0339e-10	3.4947e-11	1.5909e-10	3.9689e-11	1.5924e-10	6.0278e-11	1.0005e-10	2.0423e-11	1.0139e-10	1.4792e-11	9.2346e-11	8.3223e-12	9.2401e-11	3.1935e-11	1.3716e-10	9.0237e-11	1.7142e-10	3.1972e-11	5.6038e-11	1.7184e-11	1.6045e-10	8.358e-12	9.3431e-12	5.6589e-12
63.855	0.17081	0.050803	0.00015663	4.8654e-05	0.0002958	0.0011634	0.00027771	0.0011743	2.3106e-05	0.00018756	3.9604e-05	0.0002388	4.3816e-05	0.00015569	5.1104e-06	2.349e-05	3.7049e-06	7.0235e-06	7.5883e-06	2.8363e-05	5.3099e-06	1.9566e-05	1.1971e-05	2.1851e-05	1.4278e-05	0.00010961	4.2554e-07	4.77e-06	7.5022e-08	9.6919e-08	7.2353e-09	1.5633e-08	9.94e-10	5.8488e-09	1.0854e-09	3.039e-09	9.882e-10	3.2548e-09	7.2701e-10	1.7898e-09	3.2367e-10	9.0655e-10	1.0625e-10	3.4753e-10	1.7913e-10	5.168e-10	1.6812e-10	4.5107e-10	9.9254e-11	5.3238e-10	1.1234e-10	6.5429e-10	1.2495e-10	3.0872e-10	7.4125e-11	7.6894e-10	6.8674e-11	2.0524e-10	4.8801e-11	1.8205e-10	2.153e-11	2.0559e-10	3.5324e-11	1.6076e-10	4.0118e-11	1.6085e-10	6.089e-11	1.0108e-10	2.0644e-11	1.0237e-10	1.494e-11	9.3237e-11	8.4026e-12	9.3293e-11	3.2243e-11	1.3849e-10	9.1108e-11	1.7308e-10	3.2281e-11	5.6579e-11	1.7354e-11	1.6205e-10	8.4401e-12	9.4395e-12	5.7181e-12
64.7424	0.17317	0.050971	0.00015823	4.9449e-05	0.00029936	0.0011739	0.00028005	0.0011807	2.3374e-05	0.0001889	3.9996e-05	0.00024088	4.4228e-05	0.00015712	5.179e-06	2.3756e-05	3.7646e-06	7.1352e-06	7.6974e-06	2.8639e-05	5.3679e-06	1.977e-05	1.2077e-05	2.2054e-05	1.4397e-05	0.0001107	4.3166e-07	4.8213e-06	7.5769e-08	9.7883e-08	7.3087e-09	1.579e-08	1.0039e-09	5.9059e-09	1.096e-09	3.0689e-09	9.9783e-10	3.2865e-09	7.3411e-10	1.8073e-09	3.2694e-10	9.1537e-10	1.0728e-10	3.5092e-10	1.8087e-10	5.2184e-10	1.6975e-10	4.5554e-10	1.0024e-10	5.3767e-10	1.1351e-10	6.6053e-10	1.2628e-10	3.1203e-10	7.4919e-11	7.7627e-10	6.9399e-11	2.0744e-10	4.9309e-11	1.84e-10	2.1744e-11	2.0779e-10	3.5703e-11	1.6229e-10	4.0519e-11	1.6238e-10	6.1471e-11	1.0204e-10	2.0846e-11	1.0334e-10	1.5082e-11	9.4127e-11	8.4828e-12	9.4184e-11	3.2551e-11	1.3984e-10	9.1988e-11	1.7476e-10	3.259e-11	5.7136e-11	1.7526e-11	1.6365e-10	8.5234e-12	9.5375e-12	5.7776e-12
65.6422	0.17554	0.051152	0.00015985	5.0245e-05	0.00030293	0.0011844	0.00028241	0.0011873	2.3643e-05	0.00019024	4.0387e-05	0.00024296	4.464e-05	0.00015854	5.2479e-06	2.4023e-05	3.8249e-06	7.2485e-06	7.8074e-06	2.8914e-05	5.426e-06	1.9975e-05	1.2183e-05	2.2257e-05	1.4517e-05	0.00011179	4.3782e-07	4.8728e-06	7.6517e-08	9.8848e-08	7.382e-09	1.5942e-08	1.0136e-09	5.9639e-09	1.1066e-09	3.099e-09	1.0075e-09	3.3183e-09	7.4119e-10	1.8247e-09	3.3009e-10	9.242e-10	1.0832e-10	3.543e-10	1.8262e-10	5.2692e-10	1.7139e-10	4.6002e-10	1.0122e-10	5.4328e-10	1.1471e-10	6.6677e-10	1.2762e-10	3.1504e-10	7.5714e-11	7.836e-10	7.0053e-11	2.0964e-10	4.9832e-11	1.8595e-10	2.1974e-11	2.0988e-10	3.6082e-11	1.6383e-10	4.0901e-11	1.6392e-10	6.2052e-11	1.0301e-10	2.1043e-11	1.0432e-10	1.5225e-11	9.5027e-11	8.5638e-12	9.5093e-11	3.2865e-11	1.4121e-10	9.2887e-11	1.7647e-10	3.2909e-11	5.7695e-11	1.7698e-11	1.6525e-10	8.6069e-12	9.6357e-12	5.8367e-12
66.5544	0.1779	0.051345	0.00016147	5.1034e-05	0.00030652	0.0011948	0.00028481	0.001194	2.3912e-05	0.00019164	4.0779e-05	0.00024513	4.5051e-05	0.00015997	5.3172e-06	2.429e-05	3.8858e-06	7.363e-06	7.918e-06	2.9189e-05	5.4843e-06	2.0179e-05	1.2289e-05	2.246e-05	1.4638e-05	0.00011287	4.4406e-07	4.9243e-06	7.7275e-08	9.9816e-08	7.4523e-09	1.6094e-08	1.0233e-09	6.0219e-09	1.1171e-09	3.1291e-09	1.0173e-09	3.3505e-09	7.4826e-10	1.8421e-09	3.3324e-10	9.3303e-10	1.0935e-10	3.5772e-10	1.8436e-10	5.3204e-10	1.7304e-10	4.645e-10	1.0221e-10	5.4898e-10	1.1591e-10	6.73e-10	1.2896e-10	3.1798e-10	7.6423e-11	7.9093e-10	7.0708e-11	2.1162e-10	5.0356e-11	1.8785e-10	2.2205e-11	2.1184e-10	3.643e-11	1.6536e-10	4.1284e-11	1.6547e-10	6.2638e-11	1.0398e-10	2.1239e-11	1.0533e-10	1.5369e-11	9.5946e-11	8.6467e-12	9.6013e-11	3.3182e-11	1.4258e-10	9.3786e-11	1.7818e-10	3.3227e-11	5.8254e-11	1.7875e-11	1.6692e-10	8.6917e-12	9.7295e-12	5.8916e-12
67.4793	0.18024	0.051558	0.0001631	5.183e-05	0.00031011	0.0012055	0.0002873	0.001201	2.4182e-05	0.00019308	4.117e-05	0.00024729	4.5462e-05	0.00016144	5.387e-06	2.4565e-05	3.9472e-06	7.4782e-06	8.0295e-06	2.9472e-05	5.5426e-06	2.0386e-05	1.2395e-05	2.2664e-05	1.4759e-05	0.00011396	4.5037e-07	4.9759e-06	7.8034e-08	1.008e-07	7.5226e-09	1.6246e-08	1.0329e-09	6.0799e-09	1.1278e-09	3.1593e-09	1.0271e-09	3.3828e-09	7.5539e-10	1.8597e-09	3.3638e-10	9.4195e-10	1.1039e-10	3.6116e-10	1.8613e-10	5.3716e-10	1.747e-10	4.6928e-10	1.0327e-10	5.547e-10	1.1709e-10	6.7942e-10	1.302e-10	3.2092e-10	7.7129e-11	7.9845e-10	7.1362e-11	2.1357e-10	5.0861e-11	1.8959e-10	2.2436e-11	2.138e-10	3.6767e-11	1.6694e-10	4.167e-11	1.6705e-10	6.3238e-11	1.0497e-10	2.144e-11	1.0633e-10	1.5517e-11	9.6865e-11	8.7295e-12	9.6933e-11	3.35e-11	1.4398e-10	9.4693e-11	1.7993e-10	3.3546e-11	5.8834e-11	1.8055e-11	1.686e-10	8.7793e-12	9.8202e-12	5.9466e-12
68.4171	0.1826	0.051793	0.00016475	5.2632e-05	0.00031376	0.0012164	0.00028987	0.0012084	2.4453e-05	0.00019453	4.1561e-05	0.00024944	4.5872e-05	0.00016293	5.457e-06	2.4843e-05	4.0092e-06	7.592e-06	8.1416e-06	2.9758e-05	5.601e-06	2.0594e-05	1.2496e-05	2.2869e-05	1.4879e-05	0.00011505	4.5673e-07	5.0276e-06	7.8793e-08	1.0178e-07	7.5929e-09	1.64e-08	1.0427e-09	6.141e-09	1.1385e-09	3.1918e-09	1.0369e-09	3.415e-09	7.6257e-10	1.8774e-09	3.3956e-10	9.5091e-10	1.1144e-10	3.6459e-10	1.879e-10	5.4234e-10	1.7637e-10	4.7411e-10	1.0433e-10	5.6009e-10	1.1815e-10	6.8585e-10	1.3139e-10	3.2392e-10	7.7834e-11	8.0601e-10	7.2035e-11	2.1552e-10	5.1325e-11	1.9132e-10	2.2649e-11	2.1577e-10	3.7103e-11	1.6852e-10	4.2065e-11	1.6864e-10	6.3837e-11	1.0597e-10	2.1643e-11	1.0734e-10	1.5664e-11	9.7792e-11	8.813e-12	9.7875e-11	3.3824e-11	1.4541e-10	9.5636e-11	1.8172e-10	3.388e-11	5.9421e-11	1.8235e-11	1.7029e-10	8.8669e-12	9.9108e-12	6.0018e-12
69.3679	0.18497	0.052037	0.0001665	5.3448e-05	0.00031743	0.0012273	0.00029247	0.0012159	2.4725e-05	0.00019599	4.1952e-05	0.0002516	4.6282e-05	0.00016441	5.5274e-06	2.5123e-05	4.0717e-06	7.7069e-06	8.2545e-06	3.0045e-05	5.66e-06	2.0802e-05	1.2596e-05	2.3074e-05	1.4994e-05	0.00011616	4.6314e-07	5.0794e-06	7.9539e-08	1.0276e-07	7.6637e-09	1.6554e-08	1.0526e-09	6.2036e-09	1.1493e-09	3.2244e-09	1.0474e-09	3.449e-09	7.6975e-10	1.895e-09	3.4275e-10	9.5987e-10	1.1249e-10	3.6808e-10	1.8967e-10	5.4787e-10	1.7804e-10	4.7895e-10	1.054e-10	5.6515e-10	1.1922e-10	6.9228e-10	1.3258e-10	3.2695e-10	7.8556e-11	8.1357e-10	7.271e-11	2.1752e-10	5.1788e-11	1.9305e-10	2.2854e-11	2.1779e-10	3.7444e-11	1.7011e-10	4.2459e-11	1.7024e-10	6.4442e-11	1.0697e-10	2.1846e-11	1.0839e-10	1.5813e-11	9.8756e-11	8.8999e-12	9.8841e-11	3.4158e-11	1.4685e-10	9.658e-11	1.8351e-10	3.4214e-11	6.0008e-11	1.8407e-11	1.7187e-10	8.9526e-12	1.0005e-11	6.0605e-12
70.332	0.18735	0.05229	0.00016826	5.4272e-05	0.0003211	0.0012382	0.00029511	0.0012235	2.4997e-05	0.00019746	4.2342e-05	0.00025374	4.6691e-05	0.00016589	5.5982e-06	2.5403e-05	4.1347e-06	7.823e-06	8.368e-06	3.0331e-05	5.7193e-06	2.1005e-05	1.2696e-05	2.3279e-05	1.5107e-05	0.00011726	4.6941e-07	5.1312e-06	8.0264e-08	1.0371e-07	7.735e-09	1.6708e-08	1.0624e-09	6.2662e-09	1.1602e-09	3.2569e-09	1.058e-09	3.4837e-09	7.7699e-10	1.9129e-09	3.4595e-10	9.691e-10	1.1355e-10	3.7179e-10	1.9152e-10	5.534e-10	1.7983e-10	4.8346e-10	1.0638e-10	5.7019e-10	1.2029e-10	6.9895e-10	1.3378e-10	3.2998e-10	7.9284e-11	8.2137e-10	7.3384e-11	2.1954e-10	5.2253e-11	1.9484e-10	2.3058e-11	2.1981e-10	3.7791e-11	1.7176e-10	4.2858e-11	1.719e-10	6.5071e-11	1.0801e-10	2.2053e-11	1.0945e-10	1.5967e-11	9.9721e-11	8.9868e-12	9.9806e-11	3.4492e-11	1.4824e-10	9.7519e-11	1.8526e-10	3.4549e-11	6.0562e-11	1.8573e-11	1.7342e-10	9.0332e-12	1.0102e-11	6.1192e-12
71.3094	0.18975	0.052551	0.00017001	5.5103e-05	0.00032471	0.001249	0.00029777	0.0012312	2.5272e-05	0.00019893	4.2732e-05	0.00025589	4.7099e-05	0.00016737	5.6693e-06	2.5684e-05	4.1983e-06	7.9409e-06	8.4823e-06	3.0618e-05	5.7787e-06	2.1204e-05	1.2796e-05	2.3475e-05	1.522e-05	0.00011837	4.757e-07	5.183e-06	8.0988e-08	1.0464e-07	7.8062e-09	1.6868e-08	1.0726e-09	6.3259e-09	1.1718e-09	3.2867e-09	1.0685e-09	3.5186e-09	7.8474e-10	1.932e-09	3.492e-10	9.7877e-10	1.1468e-10	3.755e-10	1.9343e-10	5.5893e-10	1.8162e-10	4.8772e-10	1.0731e-10	5.7528e-10	1.2139e-10	7.057e-10	1.35e-10	3.3308e-10	8.0011e-11	8.293e-10	7.4085e-11	2.2155e-10	5.2731e-11	1.9662e-10	2.3265e-11	2.2184e-10	3.8137e-11	1.7342e-10	4.3272e-11	1.7356e-10	6.5699e-11	1.0905e-10	2.2266e-11	1.1051e-10	1.6122e-11	1.0068e-10	9.0731e-12	1.0074e-10	3.4817e-11	1.4956e-10	9.8387e-11	1.8691e-10	3.4859e-11	6.1101e-11	1.8738e-11	1.7496e-10	9.1137e-12	1.0199e-11	6.1777e-12
72.3004	0.19215	0.05282	0.00017159	5.596e-05	0.00032826	0.0012599	0.00030045	0.001239	2.5548e-05	0.00020042	4.3123e-05	0.00025802	4.7506e-05	0.00016885	5.7406e-06	2.5965e-05	4.2623e-06	8.0603e-06	8.5971e-06	3.0904e-05	5.8378e-06	2.1402e-05	1.2896e-05	2.3669e-05	1.5332e-05	0.00011944	4.8201e-07	5.2354e-06	8.1711e-08	1.0557e-07	7.8786e-09	1.7034e-08	1.0832e-09	6.3809e-09	1.1834e-09	3.3153e-09	1.0783e-09	3.5517e-09	7.9249e-10	1.9511e-09	3.5265e-10	9.8844e-10	1.1581e-10	3.7921e-10	1.9534e-10	5.6388e-10	1.8342e-10	4.9197e-10	1.0825e-10	5.8048e-10	1.2249e-10	7.1245e-10	1.3623e-10	3.3626e-10	8.0759e-11	8.3723e-10	7.4792e-11	2.2362e-10	5.3208e-11	1.984e-10	2.3475e-11	2.2395e-10	3.8489e-11	1.7508e-10	4.3685e-11	1.752e-10	6.6322e-11	1.1009e-10	2.2479e-11	1.115e-10	1.6273e-11	1.0156e-10	9.1529e-12	1.0163e-10	3.5123e-11	1.5087e-10	9.9253e-11	1.8856e-10	3.5166e-11	6.164e-11	1.8911e-11	1.7659e-10	9.1957e-12	1.0294e-11	6.2344e-12
73.3052	0.19457	0.053096	0.00017315	5.6846e-05	0.00033181	0.0012707	0.00030315	0.0012468	2.5825e-05	0.0002019	4.3518e-05	0.00026015	4.7915e-05	0.00017032	5.8123e-06	2.6247e-05	4.3275e-06	8.1807e-06	8.7127e-06	3.119e-05	5.8947e-06	2.16e-05	1.2996e-05	2.3862e-05	1.5446e-05	0.00012049	4.8839e-07	5.2881e-06	8.2444e-08	1.0651e-07	7.9556e-09	1.7201e-08	1.0938e-09	6.4359e-09	1.1949e-09	3.3438e-09	1.0875e-09	3.5822e-09	8.0024e-10	1.9702e-09	3.561e-10	9.98e-10	1.1695e-10	3.8253e-10	1.9719e-10	5.6873e-10	1.8505e-10	4.9626e-10	1.092e-10	5.8567e-10	1.2358e-10	7.1882e-10	1.3747e-10	3.3944e-10	8.1522e-11	8.4477e-10	7.55e-11	2.2573e-10	5.3685e-11	2.0027e-10	2.3685e-11	2.2607e-10	3.8853e-11	1.7662e-10	4.4093e-11	1.7672e-10	6.6898e-11	1.1105e-10	2.2685e-11	1.1247e-10	1.6414e-11	1.0245e-10	9.2325e-12	1.0251e-10	3.5429e-11	1.5223e-10	1.0012e-10	1.9024e-10	3.5472e-11	6.2204e-11	1.9088e-11	1.7825e-10	9.2818e-12	1.0387e-11	6.291e-12
74.324	0.19703	0.053379	0.00017469	5.7741e-05	0.00033538	0.0012815	0.00030588	0.0012548	2.61e-05	0.0002034	4.3912e-05	0.00026227	4.8327e-05	0.00017179	5.8848e-06	2.6529e-05	4.3933e-06	8.3044e-06	8.829e-06	3.1475e-05	5.9516e-06	2.1801e-05	1.3096e-05	2.4055e-05	1.5559e-05	0.00012154	4.9485e-07	5.3407e-06	8.3176e-08	1.0745e-07	8.0325e-09	1.7364e-08	1.104e-09	6.491e-09	1.2051e-09	3.3729e-09	1.0968e-09	3.6127e-09	8.0721e-10	1.9872e-09	3.5955e-10	1.0065e-09	1.1797e-10	3.8578e-10	1.9887e-10	5.7357e-10	1.8662e-10	5.0065e-10	1.1016e-10	5.909e-10	1.2473e-10	7.2499e-10	1.3875e-10	3.4251e-10	8.2284e-11	8.5203e-10	7.6164e-11	2.2784e-10	5.4185e-11	2.0214e-10	2.3899e-11	2.2818e-10	3.9216e-11	1.7813e-10	4.4471e-11	1.7824e-10	6.7473e-11	1.12e-10	2.288e-11	1.1344e-10	1.6555e-11	1.0333e-10	9.3124e-12	1.0342e-10	3.5741e-11	1.5364e-10	1.0105e-10	1.92e-10	3.5798e-11	6.278e-11	1.9265e-11	1.799e-10	9.3678e-12	1.048e-11	6.3455e-12
75.3569	0.1995	0.053667	0.00017628	5.8631e-05	0.00033899	0.0012922	0.00030863	0.0012628	2.6366e-05	0.0002049	4.4305e-05	0.00026439	4.8737e-05	0.00017326	5.9579e-06	2.6812e-05	4.4595e-06	8.4333e-06	8.947e-06	3.176e-05	6.0084e-06	2.2002e-05	1.3205e-05	2.425e-05	1.5671e-05	0.00012259	5.0134e-07	5.393e-06	8.3907e-08	1.084e-07	8.1095e-09	1.751e-08	1.1133e-09	6.5477e-09	1.2152e-09	3.4023e-09	1.1062e-09	3.6433e-09	8.1399e-10	2.0039e-09	3.6257e-10	1.0149e-09	1.1896e-10	3.8902e-10	2.0054e-10	5.7851e-10	1.8819e-10	5.0503e-10	1.1113e-10	5.9635e-10	1.2588e-10	7.3115e-10	1.4004e-10	3.4542e-10	8.3011e-11	8.5926e-10	7.6811e-11	2.2986e-10	5.4686e-11	2.0401e-10	2.4119e-11	2.3011e-10	3.957e-11	1.7965e-10	4.4849e-11	1.7977e-10	6.8052e-11	1.1296e-10	2.3074e-11	1.1446e-10	1.6699e-11	1.0428e-10	9.3977e-12	1.0437e-10	3.6068e-11	1.5505e-10	1.0197e-10	1.9376e-10	3.6126e-11	6.3356e-11	1.9438e-11	1.815e-10	9.4528e-12	1.0563e-11	6.3935e-12
76.4041	0.20199	0.053959	0.00017788	5.947e-05	0.0003426	0.001303	0.0003114	0.0012708	2.6632e-05	0.0002064	4.4683e-05	0.00026649	4.9147e-05	0.00017472	6.0312e-06	2.7095e-05	4.5253e-06	8.5633e-06	9.0656e-06	3.2044e-05	6.0658e-06	2.2202e-05	1.3314e-05	2.4444e-05	1.5794e-05	0.00012365	5.0788e-07	5.4433e-06	8.4673e-08	1.0934e-07	8.1772e-09	1.7655e-08	1.1225e-09	6.6042e-09	1.2253e-09	3.4317e-09	1.1157e-09	3.6747e-09	8.2074e-10	2.0205e-09	3.6557e-10	1.0233e-09	1.1995e-10	3.9233e-10	2.0221e-10	5.835e-10	1.8979e-10	5.0944e-10	1.121e-10	6.018e-10	1.2703e-10	7.3761e-10	1.4129e-10	3.4831e-10	8.3706e-11	8.668e-10	7.7455e-11	2.3178e-10	5.5186e-11	2.0574e-10	2.434e-11	2.3204e-10	3.9901e-11	1.8126e-10	4.523e-11	1.814e-10	6.8667e-11	1.1398e-10	2.3273e-11	1.1549e-10	1.685e-11	1.0522e-10	9.4828e-12	1.0531e-10	3.6395e-11	1.5643e-10	1.0289e-10	1.9549e-10	3.6453e-11	6.3915e-11	1.9608e-11	1.8309e-10	9.5355e-12	1.0642e-11	6.4413e-12
77.466	0.20448	0.054257	0.00017947	6.0314e-05	0.00034622	0.0013136	0.00031418	0.0012789	2.6898e-05	0.00020791	4.5055e-05	0.00026863	4.9537e-05	0.00017618	6.1046e-06	2.7378e-05	4.5905e-06	8.6938e-06	9.1848e-06	3.2328e-05	6.1234e-06	2.2412e-05	1.3422e-05	2.4638e-05	1.5917e-05	0.00012471	5.1482e-07	5.4936e-06	8.5464e-08	1.1035e-07	8.2441e-09	1.78e-08	1.1317e-09	6.6608e-09	1.2356e-09	3.4616e-09	1.1252e-09	3.706e-09	8.2762e-10	2.0375e-09	3.6857e-10	1.032e-09	1.2095e-10	3.9567e-10	2.0393e-10	5.8848e-10	1.914e-10	5.1404e-10	1.1311e-10	6.072e-10	1.281e-10	7.442e-10	1.4246e-10	3.5129e-10	8.4399e-11	8.7455e-10	7.8132e-11	2.337e-10	5.5646e-11	2.0744e-10	2.4555e-11	2.3397e-10	4.0231e-11	1.8288e-10	4.5634e-11	1.8302e-10	6.9281e-11	1.15e-10	2.3481e-11	1.1653e-10	1.7001e-11	1.0616e-10	9.5673e-12	1.0624e-10	3.6716e-11	1.5778e-10	1.0378e-10	1.9718e-10	3.6769e-11	6.4469e-11	1.9778e-11	1.8468e-10	9.6181e-12	1.072e-11	6.4949e-12
78.5425	0.20699	0.05456	0.00018111	6.1164e-05	0.00035002	0.0013243	0.00031699	0.001287	2.7167e-05	0.00020945	4.5425e-05	0.00027075	4.9922e-05	0.00017765	6.1758e-06	2.7663e-05	4.6562e-06	8.8157e-06	9.302e-06	3.2613e-05	6.1809e-06	2.2628e-05	1.3517e-05	2.4849e-05	1.6039e-05	0.00012577	5.2179e-07	5.5438e-06	8.6255e-08	1.1137e-07	8.3107e-09	1.7949e-08	1.1412e-09	6.7201e-09	1.246e-09	3.4925e-09	1.1349e-09	3.7373e-09	8.3458e-10	2.0546e-09	3.7164e-10	1.0407e-09	1.2197e-10	3.9901e-10	2.0564e-10	5.9359e-10	1.9301e-10	5.1862e-10	1.1412e-10	6.1216e-10	1.2915e-10	7.5079e-10	1.4362e-10	3.5439e-10	8.5119e-11	8.8229e-10	7.8823e-11	2.3569e-10	5.61e-11	2.0914e-10	2.4755e-11	2.3603e-10	4.0568e-11	1.845e-10	4.6038e-11	1.8463e-10	6.9891e-11	1.1601e-10	2.3689e-11	1.1753e-10	1.7149e-11	1.0707e-10	9.649e-12	1.0715e-10	3.703e-11	1.5913e-10	1.0467e-10	1.9887e-10	3.7083e-11	6.502e-11	1.9927e-11	1.8603e-10	9.6947e-12	1.082e-11	6.5564e-12
79.6341	0.2095	0.054872	0.00018278	6.2037e-05	0.00035391	0.0013351	0.00031985	0.0012954	2.7437e-05	0.00021098	4.5796e-05	0.00027287	5.0306e-05	0.00017912	6.2471e-06	2.7951e-05	4.7223e-06	8.9385e-06	9.4182e-06	3.29e-05	6.2398e-06	2.2844e-05	1.3607e-05	2.5059e-05	1.6147e-05	0.0001269	5.2881e-07	5.5946e-06	8.7013e-08	1.1238e-07	8.379e-09	1.8098e-08	1.1507e-09	6.7793e-09	1.2564e-09	3.5233e-09	1.1449e-09	3.7702e-09	8.4152e-10	2.0717e-09	3.7473e-10	1.0494e-09	1.2298e-10	4.0243e-10	2.0735e-10	5.9881e-10	1.9466e-10	5.2313e-10	1.1511e-10	6.1709e-10	1.3019e-10	7.5718e-10	1.448e-10	3.5749e-10	8.5862e-11	8.8982e-10	7.9512e-11	2.3775e-10	5.6553e-11	2.1094e-10	2.4955e-11	2.381e-10	4.0922e-11	1.8606e-10	4.6437e-11	1.8619e-10	7.048e-11	1.1699e-10	2.3893e-11	1.1852e-10	1.7294e-11	1.0797e-10	9.7305e-12	1.0805e-10	3.7343e-11	1.6035e-10	1.0552e-10	2.0041e-10	3.7392e-11	6.5495e-11	2.007e-11	1.8736e-10	9.764e-12	1.0922e-11	6.6178e-12
80.7408	0.21203	0.055188	0.00018445	6.2916e-05	0.0003578	0.0013459	0.00032273	0.0013038	2.7706e-05	0.00021252	4.617e-05	0.00027493	5.0689e-05	0.00018059	6.3187e-06	2.8238e-05	4.7895e-06	9.0621e-06	9.5349e-06	3.3186e-05	6.3018e-06	2.305e-05	1.3697e-05	2.5268e-05	1.6249e-05	0.00012804	5.3538e-07	5.6454e-06	8.7696e-08	1.1333e-07	8.4477e-09	1.8247e-08	1.1602e-09	6.8384e-09	1.2671e-09	3.5531e-09	1.1548e-09	3.8031e-09	8.4863e-10	2.0893e-09	3.778e-10	1.0584e-09	1.2402e-10	4.0593e-10	2.0915e-10	6.0403e-10	1.9635e-10	5.2729e-10	1.1602e-10	6.2204e-10	1.313e-10	7.6349e-10	1.4605e-10	3.6052e-10	8.6603e-11	8.9724e-10	8.0179e-11	2.398e-10	5.7037e-11	2.1276e-10	2.5157e-11	2.4015e-10	4.1275e-11	1.8761e-10	4.6824e-11	1.8774e-10	7.1068e-11	1.1797e-10	2.4092e-11	1.1951e-10	1.7438e-11	1.0883e-10	9.8081e-12	1.0887e-10	3.763e-11	1.6148e-10	1.0626e-10	2.0183e-10	3.7655e-11	6.5957e-11	2.0211e-11	1.8874e-10	9.8328e-12	1.1022e-11	6.6769e-12
81.8629	0.21452	0.055505	0.00018605	6.3801e-05	0.0003615	0.0013566	0.00032561	0.0013122	2.7983e-05	0.00021398	4.6543e-05	0.00027691	5.1076e-05	0.00018205	6.3909e-06	2.8526e-05	4.8571e-06	9.1889e-06	9.6521e-06	3.3472e-05	6.3638e-06	2.3237e-05	1.3789e-05	2.5455e-05	1.635e-05	0.00012919	5.4182e-07	5.6962e-06	8.8376e-08	1.142e-07	8.5161e-09	1.8402e-08	1.1701e-09	6.892e-09	1.278e-09	3.5809e-09	1.1646e-09	3.8358e-09	8.5592e-10	2.1072e-09	3.8098e-10	1.0675e-09	1.2508e-10	4.0942e-10	2.1095e-10	6.0901e-10	1.9804e-10	5.3142e-10	1.1693e-10	6.2733e-10	1.3241e-10	7.6978e-10	1.4729e-10	3.6349e-10	8.7325e-11	9.0463e-10	8.0839e-11	2.418e-10	5.7522e-11	2.1457e-10	2.5372e-11	2.4212e-10	4.1622e-11	1.8914e-10	4.7209e-11	1.892e-10	7.1624e-11	1.1891e-10	2.429e-11	1.2035e-10	1.7571e-11	1.0959e-10	9.8761e-12	1.0962e-10	3.7891e-11	1.626e-10	1.07e-10	2.0323e-10	3.7916e-11	6.6424e-11	2.0394e-11	1.9047e-10	9.915e-12	1.1117e-11	6.7347e-12
83.0005	0.21701	0.055807	0.00018757	6.4717e-05	0.00036496	0.0013668	0.00032841	0.0013202	2.8273e-05	0.00021542	4.6914e-05	0.00027887	5.146e-05	0.00018342	6.4637e-06	2.8803e-05	4.9251e-06	9.317e-06	9.771e-06	3.3743e-05	6.4253e-06	2.3424e-05	1.3882e-05	2.5632e-05	1.6452e-05	0.00013025	5.4827e-07	5.7486e-06	8.9056e-08	1.1508e-07	8.5867e-09	1.8558e-08	1.18e-09	6.9453e-09	1.2889e-09	3.6086e-09	1.1736e-09	3.8654e-09	8.6319e-10	2.1251e-09	3.8421e-10	1.0765e-09	1.2615e-10	4.1275e-10	2.1274e-10	6.1372e-10	1.9967e-10	5.356e-10	1.1786e-10	6.3261e-10	1.3353e-10	7.7516e-10	1.4852e-10	3.6644e-10	8.8034e-11	9.1105e-10	8.1496e-11	2.4376e-10	5.8007e-11	2.1632e-10	2.5585e-11	2.4409e-10	4.196e-11	1.9043e-10	4.757e-11	1.9049e-10	7.2113e-11	1.1972e-10	2.447e-11	1.2118e-10	1.7691e-11	1.1033e-10	9.9436e-12	1.1037e-10	3.815e-11	1.64e-10	1.0784e-10	2.0493e-10	3.8199e-11	6.7024e-11	2.0578e-11	1.9219e-10	1.0005e-11	1.1213e-11	6.7925e-12
84.154	0.2195	0.056104	0.00018908	6.5643e-05	0.00036841	0.0013769	0.00033117	0.0013281	2.8563e-05	0.00021686	4.7317e-05	0.00028083	5.1843e-05	0.0001848	6.5365e-06	2.9078e-05	4.996e-06	9.4458e-06	9.8901e-06	3.4012e-05	6.4794e-06	2.361e-05	1.3974e-05	2.5808e-05	1.6556e-05	0.00013123	5.5484e-07	5.8034e-06	8.9756e-08	1.1596e-07	8.6586e-09	1.8714e-08	1.1899e-09	6.9984e-09	1.2991e-09	3.637e-09	1.1825e-09	3.8949e-09	8.7015e-10	2.1422e-09	3.8744e-10	1.085e-09	1.2717e-10	4.159e-10	2.1438e-10	6.184e-10	2.0119e-10	5.4004e-10	1.1884e-10	6.3783e-10	1.346e-10	7.8036e-10	1.4971e-10	3.691e-10	8.874e-11	9.1717e-10	8.2052e-11	2.4572e-10	5.8472e-11	2.1805e-10	2.5795e-11	2.4597e-10	4.2296e-11	1.9171e-10	4.7889e-11	1.9177e-10	7.2597e-11	1.2052e-10	2.4634e-11	1.2202e-10	1.781e-11	1.1119e-10	1.0021e-11	1.1131e-10	3.8464e-11	1.6546e-10	1.088e-10	2.0676e-10	3.854e-11	6.7622e-11	2.076e-11	1.9387e-10	1.0094e-11	1.1306e-11	6.8478e-12
85.3236	0.222	0.056403	0.00019065	6.6575e-05	0.00037189	0.0013868	0.00033394	0.001336	2.8849e-05	0.00021832	4.772e-05	0.0002828	5.2262e-05	0.00018616	6.611e-06	2.9353e-05	5.0686e-06	9.5788e-06	1.001e-05	3.428e-05	6.5332e-06	2.3802e-05	1.4068e-05	2.5987e-05	1.6659e-05	0.0001322	5.6151e-07	5.8583e-06	9.0454e-08	1.1686e-07	8.7303e-09	1.8858e-08	1.199e-09	7.0557e-09	1.3088e-09	3.6667e-09	1.1916e-09	3.9243e-09	8.7669e-10	2.1583e-09	3.9047e-10	1.0931e-09	1.2812e-10	4.1903e-10	2.1599e-10	6.2325e-10	2.027e-10	5.4447e-10	1.1981e-10	6.4287e-10	1.3567e-10	7.8564e-10	1.5089e-10	3.7154e-10	8.9356e-11	9.2324e-10	8.2595e-11	2.4744e-10	5.8934e-11	2.1977e-10	2.5999e-11	2.4759e-10	4.2604e-11	1.9308e-10	4.8206e-11	1.9327e-10	7.3159e-11	1.2143e-10	2.4797e-11	1.2309e-10	1.7954e-11	1.1217e-10	1.0109e-11	1.1229e-10	3.8804e-11	1.6692e-10	1.0976e-10	2.0859e-10	3.888e-11	6.8209e-11	2.0933e-11	1.9549e-10	1.0179e-11	1.1396e-11	6.9028e-12
86.5093	0.22451	0.056704	0.00019227	6.7471e-05	0.00037544	0.0013968	0.00033673	0.0013439	2.9104e-05	0.00021978	4.8121e-05	0.00028477	5.2678e-05	0.00018753	6.6891e-06	2.9629e-05	5.1416e-06	9.7139e-06	1.0136e-05	3.4548e-05	6.5869e-06	2.3993e-05	1.4165e-05	2.6168e-05	1.6763e-05	0.00013319	5.6819e-07	5.9121e-06	9.1148e-08	1.1775e-07	8.798e-09	1.8997e-08	1.2079e-09	7.1127e-09	1.3185e-09	3.6964e-09	1.2012e-09	3.956e-09	8.8319e-10	2.1743e-09	3.9336e-10	1.1012e-09	1.2907e-10	4.2227e-10	2.176e-10	6.2829e-10	2.0426e-10	5.4884e-10	1.2077e-10	6.4788e-10	1.3671e-10	7.9248e-10	1.5198e-10	3.7395e-10	8.9937e-11	9.3123e-10	8.3152e-11	2.4905e-10	5.9385e-11	2.212e-10	2.6202e-11	2.492e-10	4.2881e-11	1.9476e-10	4.858e-11	1.9495e-10	7.3796e-11	1.2248e-10	2.5e-11	1.2416e-10	1.811e-11	1.1315e-10	1.0197e-11	1.1327e-10	3.9142e-11	1.6829e-10	1.1068e-10	2.1031e-10	3.9209e-11	6.8771e-11	2.1106e-11	1.971e-10	1.0263e-11	1.1487e-11	6.9596e-12
87.7116	0.22702	0.057011	0.00019389	6.836e-05	0.00037899	0.0014068	0.00033956	0.001352	2.9357e-05	0.00022124	4.8479e-05	0.00028672	5.3093e-05	0.00018891	6.7673e-06	2.9908e-05	5.2125e-06	9.8499e-06	1.0264e-05	3.4818e-05	6.642e-06	2.4184e-05	1.4262e-05	2.6347e-05	1.6872e-05	0.00013419	5.7501e-07	5.9597e-06	9.188e-08	1.1866e-07	8.8622e-09	1.9136e-08	1.2167e-09	7.1694e-09	1.3287e-09	3.7255e-09	1.2108e-09	3.9875e-09	8.899e-10	2.1909e-09	3.9624e-10	1.1098e-09	1.3005e-10	4.2564e-10	2.1931e-10	6.3331e-10	2.0589e-10	5.5305e-10	1.217e-10	6.5262e-10	1.3759e-10	7.993e-10	1.5295e-10	3.7699e-10	9.0513e-11	9.3925e-10	8.3867e-11	2.5064e-10	5.9764e-11	2.2261e-10	2.6388e-11	2.5103e-10	4.3155e-11	1.9644e-10	4.8998e-11	1.9663e-10	7.4431e-11	1.2354e-10	2.5215e-11	1.2521e-10	1.8266e-11	1.1409e-10	1.0281e-11	1.1419e-10	3.9461e-11	1.6966e-10	1.1158e-10	2.1202e-10	3.9528e-11	6.933e-11	2.1274e-11	1.9866e-10	1.0345e-11	1.1585e-11	7.0203e-12
88.9305	0.22953	0.057319	0.00019546	6.9253e-05	0.00038255	0.0014168	0.0003424	0.00136	2.961e-05	0.00022272	4.8818e-05	0.0002888	5.3457e-05	0.00019027	6.8453e-06	3.0185e-05	5.2801e-06	9.9812e-06	1.0392e-05	3.5087e-05	6.6972e-06	2.4384e-05	1.4352e-05	2.653e-05	1.698e-05	0.00013519	5.82e-07	6.007e-06	9.2611e-08	1.196e-07	8.926e-09	1.9284e-08	1.2262e-09	7.2236e-09	1.3392e-09	3.7537e-09	1.2202e-09	4.0188e-09	8.969e-10	2.2081e-09	3.9925e-10	1.1185e-09	1.3107e-10	4.2899e-10	2.2104e-10	6.3819e-10	2.0751e-10	5.5725e-10	1.2262e-10	6.5672e-10	1.3845e-10	8.0598e-10	1.5391e-10	3.802e-10	9.1269e-11	9.4713e-10	8.458e-11	2.5271e-10	6.014e-11	2.2412e-10	2.6553e-11	2.5317e-10	4.3492e-11	1.9806e-10	4.9414e-11	1.9823e-10	7.5037e-11	1.2455e-10	2.5429e-11	1.2622e-10	1.8413e-11	1.15e-10	1.0364e-11	1.151e-10	3.9778e-11	1.71e-10	1.1248e-10	2.137e-10	3.9845e-11	6.9873e-11	2.1438e-11	2.0019e-10	1.0425e-11	1.1685e-11	7.0808e-12
90.1664	0.23205	0.057625	0.00019701	7.0186e-05	0.00038626	0.0014267	0.00034523	0.0013681	2.987e-05	0.00022434	4.9154e-05	0.00029093	5.3803e-05	0.00019167	6.9155e-06	3.0467e-05	5.3479e-06	1.0111e-05	1.0513e-05	3.5358e-05	6.7521e-06	2.4583e-05	1.4436e-05	2.672e-05	1.7083e-05	0.0001362	5.8902e-07	6.0541e-06	9.3338e-08	1.2054e-07	8.9926e-09	1.9433e-08	1.2357e-09	7.2776e-09	1.3496e-09	3.7818e-09	1.2294e-09	4.0488e-09	9.0387e-10	2.2253e-09	4.0235e-10	1.1272e-09	1.3209e-10	4.3225e-10	2.2276e-10	6.4295e-10	2.0909e-10	5.6113e-10	1.2346e-10	6.6078e-10	1.3938e-10	8.1235e-10	1.5509e-10	3.8338e-10	9.2034e-11	9.5462e-10	8.5275e-11	2.5483e-10	6.0553e-11	2.26e-10	2.6717e-11	2.5529e-10	4.3857e-11	1.9963e-10	4.9809e-11	1.9979e-10	7.563e-11	1.2554e-10	2.563e-11	1.2722e-10	1.8559e-11	1.1591e-10	1.0446e-11	1.16e-10	4.0089e-11	1.723e-10	1.1333e-10	2.1533e-10	4.015e-11	7.0404e-11	2.1601e-11	2.0172e-10	1.0504e-11	1.1782e-11	7.1366e-12
91.4195	0.23458	0.057974	0.00019854	7.1133e-05	0.00038997	0.0014376	0.00034831	0.001377	3.013e-05	0.00022595	4.9496e-05	0.00029306	5.4145e-05	0.00019316	6.9857e-06	3.0766e-05	5.4163e-06	1.0241e-05	1.063e-05	3.565e-05	6.8092e-06	2.4782e-05	1.4518e-05	2.6908e-05	1.7175e-05	0.00013725	5.9587e-07	6.1027e-06	9.3993e-08	1.2145e-07	9.0614e-09	1.9582e-08	1.2452e-09	7.329e-09	1.3596e-09	3.8069e-09	1.2384e-09	4.0786e-09	9.1065e-10	2.2419e-09	4.0543e-10	1.1356e-09	1.3308e-10	4.3543e-10	2.244e-10	6.4769e-10	2.1063e-10	5.6453e-10	1.2421e-10	6.655e-10	1.4054e-10	8.187e-10	1.5637e-10	3.8637e-10	9.2789e-11	9.6208e-10	8.594e-11	2.5692e-10	6.1054e-11	2.2787e-10	2.6918e-11	2.5732e-10	4.422e-11	2.0119e-10	5.0198e-11	2.0135e-10	7.622e-11	1.2652e-10	2.583e-11	1.2818e-10	1.8703e-11	1.1678e-10	1.0524e-11	1.1687e-10	4.039e-11	1.7359e-10	1.1418e-10	2.1694e-10	4.0451e-11	7.0932e-11	2.1779e-11	2.0341e-10	1.0588e-11	1.1871e-11	7.1905e-12
92.69	0.23711	0.058323	0.00019989	7.2085e-05	0.00039364	0.0014484	0.0003514	0.001386	3.0389e-05	0.00022756	4.9842e-05	0.00029504	5.4494e-05	0.00019465	7.0558e-06	3.1066e-05	5.4863e-06	1.0377e-05	1.0746e-05	3.5941e-05	6.8669e-06	2.496e-05	1.4604e-05	2.7087e-05	1.7267e-05	0.0001383	6.0245e-07	6.1512e-06	9.4638e-08	1.2229e-07	9.1298e-09	1.9725e-08	1.2542e-09	7.3726e-09	1.3695e-09	3.8295e-09	1.2466e-09	4.107e-09	9.1725e-10	2.2582e-09	4.084e-10	1.1438e-09	1.3405e-10	4.3859e-10	2.2602e-10	6.5179e-10	2.1216e-10	5.6789e-10	1.2495e-10	6.7094e-10	1.4169e-10	8.2483e-10	1.5765e-10	3.8935e-10	9.3502e-11	9.6932e-10	8.6602e-11	2.589e-10	6.1553e-11	2.2968e-10	2.7138e-11	2.593e-10	4.4561e-11	2.0268e-10	5.0583e-11	2.0283e-10	7.6782e-11	1.2745e-10	2.6026e-11	1.2913e-10	1.8841e-11	1.1764e-10	1.0602e-11	1.1773e-10	4.0688e-11	1.7499e-10	1.1506e-10	2.1867e-10	4.0757e-11	7.1518e-11	2.196e-11	2.051e-10	1.0676e-11	1.1959e-11	7.2446e-12
93.9782	0.23964	0.058672	0.00020115	7.302e-05	0.00039702	0.0014592	0.0003545	0.001395	3.0659e-05	0.00022892	5.0186e-05	0.00029678	5.4846e-05	0.00019611	7.1277e-06	3.1365e-05	5.5565e-06	1.0515e-05	1.0864e-05	3.6231e-05	6.9243e-06	2.5137e-05	1.4694e-05	2.725e-05	1.7361e-05	0.00013932	6.0904e-07	6.1995e-06	9.5279e-08	1.2311e-07	9.196e-09	1.9866e-08	1.2632e-09	7.4158e-09	1.3793e-09	3.8519e-09	1.2539e-09	4.1309e-09	9.2381e-10	2.2743e-09	4.1132e-10	1.152e-09	1.3501e-10	4.4132e-10	2.2761e-10	6.556e-10	2.1351e-10	5.7196e-10	1.2587e-10	6.7636e-10	1.428e-10	8.3083e-10	1.5885e-10	3.9226e-10	9.4212e-11	9.7637e-10	8.7241e-11	2.6086e-10	6.2033e-11	2.3143e-10	2.7357e-11	2.6127e-10	4.49e-11	2.0416e-10	5.095e-11	2.0431e-10	7.7341e-11	1.2838e-10	2.6216e-11	1.3007e-10	1.8978e-11	1.1854e-10	1.0683e-11	1.1867e-10	4.1007e-11	1.7642e-10	1.16e-10	2.2046e-10	4.109e-11	7.2104e-11	2.2135e-11	2.067e-10	1.0764e-11	1.205e-11	7.3005e-12
95.2842	0.24218	0.058969	0.00020239	7.3956e-05	0.00040039	0.0014686	0.00035731	0.0014029	3.0931e-05	0.00023024	5.0536e-05	0.0002985	5.5196e-05	0.00019734	7.1999e-06	3.1629e-05	5.6274e-06	1.0654e-05	1.0983e-05	3.648e-05	6.9776e-06	2.5312e-05	1.4783e-05	2.7412e-05	1.7461e-05	0.00014024	6.1579e-07	6.25e-06	9.5973e-08	1.2395e-07	9.2606e-09	2.0005e-08	1.2719e-09	7.4655e-09	1.3874e-09	3.8805e-09	1.2611e-09	4.1546e-09	9.2951e-10	2.2882e-09	4.1422e-10	1.1587e-09	1.3585e-10	4.4385e-10	2.2892e-10	6.5937e-10	2.1473e-10	5.7651e-10	1.2687e-10	6.8149e-10	1.4386e-10	8.368e-10	1.6004e-10	3.9507e-10	9.4902e-11	9.8338e-10	8.7866e-11	2.6278e-10	6.2497e-11	2.3316e-10	2.7563e-11	2.6314e-10	4.5232e-11	2.0566e-10	5.1316e-11	2.0586e-10	7.7926e-11	1.2934e-10	2.6404e-11	1.3112e-10	1.9124e-11	1.195e-10	1.0769e-11	1.1962e-10	4.1338e-11	1.7782e-10	1.1694e-10	2.2223e-10	4.1422e-11	7.2662e-11	2.2295e-11	2.0819e-10	1.0842e-11	1.2142e-11	7.3561e-12
96.6084	0.24472	0.059244	0.00020402	7.4896e-05	0.00040377	0.0014775	0.00035997	0.0014102	3.1201e-05	0.00023155	5.0898e-05	0.00030022	5.5554e-05	0.00019856	7.2719e-06	3.1888e-05	5.7007e-06	1.079e-05	1.1103e-05	3.6722e-05	7.0289e-06	2.5503e-05	1.4868e-05	2.7579e-05	1.756e-05	0.00014116	6.2279e-07	6.3007e-06	9.6666e-08	1.2485e-07	9.3248e-09	2.0118e-08	1.279e-09	7.524e-09	1.3952e-09	3.911e-09	1.2701e-09	4.1822e-09	9.3474e-10	2.301e-09	4.1663e-10	1.1652e-09	1.3661e-10	4.4635e-10	2.3021e-10	6.644e-10	2.1594e-10	5.8104e-10	1.2786e-10	6.8651e-10	1.4492e-10	8.4345e-10	1.6121e-10	3.9786e-10	9.5571e-11	9.9112e-10	8.849e-11	2.6463e-10	6.2958e-11	2.3482e-10	2.7766e-11	2.65e-10	4.5551e-11	2.0729e-10	5.1701e-11	2.075e-10	7.8546e-11	1.3037e-10	2.6606e-11	1.3217e-10	1.9276e-11	1.2045e-10	1.0855e-11	1.2056e-10	4.1666e-11	1.7909e-10	1.1779e-10	2.2381e-10	4.173e-11	7.3178e-11	2.2453e-11	2.0967e-10	1.0919e-11	1.2233e-11	7.4105e-12
97.951	0.2473	0.059518	0.00020568	7.574e-05	0.00040736	0.0014862	0.00036263	0.0014174	3.1451e-05	0.00023289	5.1257e-05	0.000302	5.5923e-05	0.00019977	7.3466e-06	3.2147e-05	5.7744e-06	1.0927e-05	1.1225e-05	3.6962e-05	7.0799e-06	2.5692e-05	1.495e-05	2.7755e-05	1.7656e-05	0.00014209	6.298e-07	6.3513e-06	9.7353e-08	1.2573e-07	9.3786e-09	2.0229e-08	1.2861e-09	7.5823e-09	1.4032e-09	3.9412e-09	1.28e-09	4.2145e-09	9.399e-10	2.3138e-09	4.1893e-10	1.172e-09	1.3736e-10	4.4972e-10	2.3163e-10	6.6955e-10	2.1752e-10	5.8529e-10	1.2879e-10	6.9149e-10	1.4594e-10	8.5008e-10	1.6233e-10	4.0088e-10	9.6236e-11	9.9891e-10	8.9184e-11	2.6647e-10	6.3397e-11	2.3645e-10	2.7966e-11	2.6693e-10	4.5868e-11	2.0892e-10	5.2107e-11	2.0913e-10	7.9164e-11	1.3139e-10	2.6815e-11	1.3316e-10	1.9428e-11	1.2131e-10	1.0933e-11	1.2141e-10	4.1958e-11	1.8034e-10	1.1862e-10	2.2538e-10	4.2022e-11	7.3692e-11	2.2617e-11	2.1122e-10	1.0997e-11	1.2321e-11	7.4642e-12
99.3123	0.24991	0.059799	0.00020732	7.6583e-05	0.00041095	0.0014951	0.00036534	0.0014248	3.1695e-05	0.00023425	5.1597e-05	0.00030375	5.6288e-05	0.00020101	7.422e-06	3.2411e-05	5.848e-06	1.1065e-05	1.135e-05	3.7208e-05	7.1339e-06	2.5878e-05	1.5032e-05	2.793e-05	1.7747e-05	0.00014308	6.3672e-07	6.3976e-06	9.8005e-08	1.266e-07	9.4293e-09	2.0349e-08	1.2939e-09	7.6376e-09	1.4139e-09	3.9694e-09	1.2897e-09	4.2467e-09	9.468e-10	2.331e-09	4.2125e-10	1.181e-09	1.3836e-10	4.5315e-10	2.334e-10	6.746e-10	2.1918e-10	5.8948e-10	1.2972e-10	6.9621e-10	1.4694e-10	8.5637e-10	1.6344e-10	4.0399e-10	9.697e-11	1.0064e-09	8.9876e-11	2.685e-10	6.3831e-11	2.381e-10	2.8157e-11	2.69e-10	4.6208e-11	2.1043e-10	5.2511e-11	2.1059e-10	7.9719e-11	1.3233e-10	2.7021e-11	1.3407e-10	1.9561e-11	1.2215e-10	1.1008e-11	1.2225e-10	4.2247e-11	1.8163e-10	1.1945e-10	2.2698e-10	4.2314e-11	7.4224e-11	2.2782e-11	2.1276e-10	1.1077e-11	1.2409e-11	7.5172e-12
100.692	0.25253	0.060086	0.00020887	7.747e-05	0.00041449	0.0015042	0.00036809	0.0014323	3.1936e-05	0.00023559	5.1909e-05	0.0003055	5.6631e-05	0.00020226	7.4973e-06	3.2677e-05	5.9175e-06	1.1188e-05	1.1475e-05	3.7455e-05	7.1888e-06	2.6056e-05	1.5099e-05	2.8098e-05	1.7837e-05	0.00014407	6.4354e-07	6.4425e-06	9.8651e-08	1.2744e-07	9.4797e-09	2.0502e-08	1.3037e-09	7.6914e-09	1.4245e-09	3.9973e-09	1.2988e-09	4.2772e-09	9.5392e-10	2.3486e-09	4.2441e-10	1.1899e-09	1.394e-10	4.5652e-10	2.3515e-10	6.7935e-10	2.2082e-10	5.936e-10	1.3062e-10	7.009e-10	1.4795e-10	8.6217e-10	1.6463e-10	4.0703e-10	9.7711e-11	1.0132e-09	9.0527e-11	2.7055e-10	6.4276e-11	2.3992e-10	2.8346e-11	2.7105e-10	4.656e-11	2.1186e-10	5.2871e-11	2.1202e-10	8.026e-11	1.3322e-10	2.7204e-11	1.3498e-10	1.9694e-11	1.2299e-10	1.1084e-11	1.231e-10	4.2542e-11	1.8293e-10	1.203e-10	2.286e-10	4.2617e-11	7.4757e-11	2.2944e-11	2.1427e-10	1.1157e-11	1.2495e-11	7.5688e-12
102.092	0.25515	0.060371	0.0002104	7.8486e-05	0.00041791	0.0015131	0.00037083	0.0014398	3.2193e-05	0.00023699	5.2217e-05	0.00030736	5.6945e-05	0.00020349	7.5682e-06	3.2941e-05	5.9871e-06	1.1311e-05	1.1598e-05	3.77e-05	7.2433e-06	2.6233e-05	1.5158e-05	2.826e-05	1.7912e-05	0.00014503	6.5036e-07	6.4872e-06	9.9266e-08	1.2826e-07	9.5498e-09	2.0654e-08	1.3133e-09	7.7447e-09	1.4348e-09	4.0246e-09	1.3078e-09	4.3068e-09	9.6093e-10	2.3658e-09	4.2756e-10	1.1984e-09	1.4043e-10	4.5968e-10	2.3683e-10	6.8406e-10	2.2235e-10	5.9753e-10	1.3148e-10	7.0583e-10	1.4907e-10	8.6794e-10	1.6587e-10	4.0974e-10	9.8422e-11	1.02e-09	9.1131e-11	2.7253e-10	6.4759e-11	2.4173e-10	2.855e-11	2.7291e-10	4.6909e-11	2.1328e-10	5.3224e-11	2.1347e-10	8.0807e-11	1.3413e-10	2.7386e-11	1.3593e-10	1.983e-11	1.2386e-10	1.1162e-11	1.2397e-10	4.2843e-11	1.8422e-10	1.2116e-10	2.3022e-10	4.2919e-11	7.5281e-11	2.3103e-11	2.1575e-10	1.1234e-11	1.258e-11	7.6201e-12
103.511	0.25777	0.060667	0.00021189	7.9506e-05	0.00042131	0.0015223	0.00037364	0.0014474	3.2452e-05	0.00023842	5.2537e-05	0.0003092	5.7254e-05	0.00020478	7.6373e-06	3.3214e-05	6.0574e-06	1.1439e-05	1.1714e-05	3.7954e-05	7.2955e-06	2.64e-05	1.5215e-05	2.8421e-05	1.7976e-05	0.00014596	6.5665e-07	6.5349e-06	9.9769e-08	1.29e-07	9.6196e-09	2.0799e-08	1.3226e-09	7.7951e-09	1.4446e-09	4.0508e-09	1.3167e-09	4.3362e-09	9.6748e-10	2.3819e-09	4.3062e-10	1.2066e-09	1.4139e-10	4.6282e-10	2.3845e-10	6.8863e-10	2.2387e-10	6.0142e-10	1.3234e-10	7.1106e-10	1.5017e-10	8.7394e-10	1.671e-10	4.1244e-10	9.9068e-11	1.027e-09	9.1731e-11	2.7431e-10	6.524e-11	2.434e-10	2.8762e-11	2.747e-10	4.7217e-11	2.1477e-10	5.3582e-11	2.1495e-10	8.1369e-11	1.3506e-10	2.7572e-11	1.3688e-10	1.9967e-11	1.2472e-10	1.124e-11	1.2484e-10	4.3141e-11	1.8548e-10	1.2198e-10	2.3179e-10	4.3213e-11	7.5794e-11	2.3261e-11	2.1722e-10	1.131e-11	1.2664e-11	7.671e-12
104.949	0.2604	0.060976	0.00021334	8.0509e-05	0.00042452	0.0015317	0.00037653	0.0014555	3.271e-05	0.00023984	5.2872e-05	0.000311	5.7578e-05	0.00020608	7.7061e-06	3.3492e-05	6.1312e-06	1.1587e-05	1.183e-05	3.8212e-05	7.3469e-06	2.6538e-05	1.5302e-05	2.8555e-05	1.8037e-05	0.00014687	6.6258e-07	6.5831e-06	1.0027e-07	1.2964e-07	9.6875e-09	2.0939e-08	1.3314e-09	7.845e-09	1.4543e-09	4.0768e-09	1.3251e-09	4.3639e-09	9.7399e-10	2.3979e-09	4.3351e-10	1.2147e-09	1.4234e-10	4.6586e-10	2.4005e-10	6.9303e-10	2.2535e-10	6.0558e-10	1.3326e-10	7.1627e-10	1.5119e-10	8.7992e-10	1.6817e-10	4.152e-10	9.9709e-11	1.034e-09	9.2356e-11	2.7609e-10	6.5679e-11	2.4497e-10	2.8971e-11	2.7651e-10	4.7522e-11	2.1624e-10	5.3949e-11	2.1643e-10	8.1927e-11	1.3598e-10	2.7761e-11	1.3781e-10	2.0104e-11	1.2556e-10	1.1316e-11	1.2567e-10	4.343e-11	1.8672e-10	1.228e-10	2.3334e-10	4.3503e-11	7.6302e-11	2.3413e-11	2.1864e-10	1.1385e-11	1.2747e-11	7.7214e-12
106.408	0.26301	0.061282	0.00021477	8.1496e-05	0.00042732	0.001541	0.00037942	0.0014635	3.2957e-05	0.00024115	5.3204e-05	0.00031255	5.7916e-05	0.00020737	7.7785e-06	3.3768e-05	6.2052e-06	1.1736e-05	1.1948e-05	3.8468e-05	7.3985e-06	2.6674e-05	1.539e-05	2.8673e-05	1.813e-05	0.0001477	6.685e-07	6.631e-06	1.0085e-07	1.3028e-07	9.7522e-09	2.1079e-08	1.3403e-09	7.8979e-09	1.4637e-09	4.1054e-09	1.3335e-09	4.3917e-09	9.8035e-10	2.4135e-09	4.364e-10	1.2226e-09	1.4327e-10	4.6882e-10	2.4159e-10	6.9745e-10	2.2678e-10	6.0998e-10	1.3423e-10	7.2094e-10	1.5216e-10	8.8587e-10	1.6925e-10	4.1803e-10	1.0038e-10	1.041e-09	9.2985e-11	2.7794e-10	6.6101e-11	2.4655e-10	2.9157e-11	2.7839e-10	4.7837e-11	2.1769e-10	5.4317e-11	2.1787e-10	8.2474e-11	1.3689e-10	2.795e-11	1.3873e-10	2.0238e-11	1.264e-10	1.1391e-11	1.2651e-10	4.372e-11	1.8795e-10	1.2361e-10	2.3487e-10	4.3792e-11	7.6799e-11	2.3566e-11	2.2007e-10	1.1459e-11	1.283e-11	7.7706e-12
107.886	0.26559	0.061565	0.00021636	8.2485e-05	0.00043008	0.0015497	0.00038217	0.001471	3.32e-05	0.00024235	5.3524e-05	0.00031408	5.8251e-05	0.00020852	7.852e-06	3.4027e-05	6.2788e-06	1.1883e-05	1.2071e-05	3.8704e-05	7.4392e-06	2.6836e-05	1.5477e-05	2.8788e-05	1.8229e-05	0.0001484	6.7571e-07	6.6766e-06	1.0156e-07	1.311e-07	9.8156e-09	2.121e-08	1.3487e-09	7.9539e-09	1.4728e-09	4.1345e-09	1.3426e-09	4.4206e-09	9.8641e-10	2.4284e-09	4.3915e-10	1.2301e-09	1.4415e-10	4.7172e-10	2.4308e-10	7.0232e-10	2.2818e-10	6.1432e-10	1.3518e-10	7.2544e-10	1.5312e-10	8.9161e-10	1.7035e-10	4.2079e-10	1.0104e-10	1.0478e-09	9.3596e-11	2.7978e-10	6.6518e-11	2.4819e-10	2.9339e-11	2.8024e-10	4.8154e-11	2.191e-10	5.4669e-11	2.1929e-10	8.3009e-11	1.3778e-10	2.8131e-11	1.3963e-10	2.0369e-11	1.2721e-10	1.1464e-11	1.2732e-10	4.3999e-11	1.8913e-10	1.244e-10	2.3636e-10	4.4069e-11	7.7285e-11	2.3715e-11	2.2146e-10	1.1532e-11	1.2907e-11	7.8173e-12
109.386	0.26817	0.061817	0.00021796	8.3453e-05	0.00043338	0.0015577	0.00038473	0.0014777	3.3442e-05	0.00024354	5.3831e-05	0.00031561	5.8571e-05	0.00020962	7.9252e-06	3.4273e-05	6.351e-06	1.2027e-05	1.2194e-05	3.8925e-05	7.4793e-06	2.7027e-05	1.5555e-05	2.8955e-05	1.8326e-05	0.00014909	6.8309e-07	6.7216e-06	1.0226e-07	1.32e-07	9.8764e-09	2.1339e-08	1.3569e-09	8.0095e-09	1.4818e-09	4.1629e-09	1.352e-09	4.4514e-09	9.9241e-10	2.4432e-09	4.4182e-10	1.2377e-09	1.4503e-10	4.7497e-10	2.4462e-10	7.0722e-10	2.2973e-10	6.1809e-10	1.3601e-10	7.2999e-10	1.5412e-10	8.973e-10	1.7146e-10	4.2347e-10	1.017e-10	1.0544e-09	9.4192e-11	2.816e-10	6.6952e-11	2.4981e-10	2.9525e-11	2.8203e-10	4.8469e-11	2.205e-10	5.5018e-11	2.2067e-10	8.3533e-11	1.3865e-10	2.831e-11	1.4049e-10	2.0498e-11	1.28e-10	1.1535e-11	1.2811e-10	4.4273e-11	1.9031e-10	1.2517e-10	2.3783e-10	4.4343e-11	7.7767e-11	2.3864e-11	2.2285e-10	1.1604e-11	1.2984e-11	7.8644e-12
110.906	0.27075	0.062066	0.00021949	8.4418e-05	0.00043705	0.0015654	0.00038726	0.0014843	3.3637e-05	0.0002448	5.4139e-05	0.0003173	5.8879e-05	0.0002107	7.996e-06	3.4518e-05	6.4233e-06	1.2171e-05	1.2316e-05	3.9143e-05	7.5225e-06	2.7216e-05	1.5633e-05	2.9129e-05	1.8413e-05	0.00014999	6.9042e-07	6.7659e-06	1.0291e-07	1.329e-07	9.9353e-09	2.1471e-08	1.3653e-09	8.0588e-09	1.492e-09	4.188e-09	1.3611e-09	4.4821e-09	9.991e-10	2.4598e-09	4.4447e-10	1.2462e-09	1.46e-10	4.7824e-10	2.463e-10	7.119e-10	2.3131e-10	6.2181e-10	1.3683e-10	7.3467e-10	1.5511e-10	9.0278e-10	1.7256e-10	4.2613e-10	1.0234e-10	1.0609e-09	9.4783e-11	2.8336e-10	6.7381e-11	2.5139e-10	2.9714e-11	2.838e-10	4.8772e-11	2.2184e-10	5.5359e-11	2.2202e-10	8.4043e-11	1.395e-10	2.8485e-11	1.4135e-10	2.0623e-11	1.2879e-10	1.1606e-11	1.2889e-10	4.4544e-11	1.9148e-10	1.2594e-10	2.3929e-10	4.4615e-11	7.8245e-11	2.401e-11	2.242e-10	1.1675e-11	1.3064e-11	7.9147e-12
112.447	0.27333	0.06233	0.00022087	8.5403e-05	0.0004407	0.0015736	0.00038989	0.0014911	3.383e-05	0.00024612	5.4388e-05	0.00031896	5.9187e-05	0.00021188	8.0661e-06	3.4775e-05	6.4926e-06	1.2312e-05	1.2434e-05	3.9374e-05	7.578e-06	2.7393e-05	1.5706e-05	2.9299e-05	1.8498e-05	0.00015099	6.9745e-07	6.8011e-06	1.0355e-07	1.3372e-07	9.9937e-09	2.1616e-08	1.3745e-09	8.1065e-09	1.5021e-09	4.2127e-09	1.3692e-09	4.5091e-09	1.0059e-09	2.4765e-09	4.4747e-10	1.2547e-09	1.4699e-10	4.8134e-10	2.4797e-10	7.1611e-10	2.3284e-10	6.256e-10	1.3767e-10	7.3931e-10	1.5607e-10	9.082e-10	1.7362e-10	4.287e-10	1.0297e-10	1.0673e-09	9.5351e-11	2.8511e-10	6.7799e-11	2.5294e-10	2.9902e-11	2.8553e-10	4.9072e-11	2.2318e-10	5.5691e-11	2.2335e-10	8.4548e-11	1.4034e-10	2.8656e-11	1.422e-10	2.0747e-11	1.2956e-10	1.1676e-11	1.2967e-10	4.4812e-11	1.9264e-10	1.267e-10	2.4074e-10	4.4884e-11	7.8712e-11	2.4146e-11	2.2547e-10	1.1743e-11	1.3146e-11	7.9645e-12
114.01	0.2759	0.062613	0.00022225	8.6446e-05	0.00044413	0.0015822	0.00039265	0.0014985	3.4042e-05	0.00024742	5.461e-05	0.00032058	5.9426e-05	0.00021307	8.136e-06	3.5039e-05	6.5562e-06	1.2453e-05	1.2553e-05	3.9612e-05	7.6332e-06	2.7565e-05	1.5776e-05	2.9455e-05	1.858e-05	0.00015198	7.0448e-07	6.8359e-06	1.0417e-07	1.3453e-07	1.006e-08	2.176e-08	1.3837e-09	8.1546e-09	1.5115e-09	4.2383e-09	1.3771e-09	4.5353e-09	1.0123e-09	2.4922e-09	4.5046e-10	1.2624e-09	1.4794e-10	4.8414e-10	2.4947e-10	7.2027e-10	2.3419e-10	6.2948e-10	1.3852e-10	7.4379e-10	1.5701e-10	9.1357e-10	1.7467e-10	4.3123e-10	1.0358e-10	1.0736e-09	9.5913e-11	2.8679e-10	6.8209e-11	2.5446e-10	3.0082e-11	2.8721e-10	4.9364e-11	2.245e-10	5.602e-11	2.2467e-10	8.5049e-11	1.4117e-10	2.8825e-11	1.4305e-10	2.087e-11	1.3033e-10	1.1745e-11	1.3044e-10	4.5078e-11	1.9372e-10	1.2742e-10	2.4209e-10	4.5144e-11	7.9151e-11	2.4281e-11	2.2673e-10	1.1808e-11	1.3227e-11	8.0124e-12
115.594	0.27847	0.062892	0.00022367	8.7493e-05	0.00044751	0.0015907	0.00039538	0.0015058	3.4305e-05	0.00024864	5.4828e-05	0.00032209	5.9641e-05	0.00021424	8.1946e-06	3.5301e-05	6.6195e-06	1.2596e-05	1.2662e-05	3.9847e-05	7.6859e-06	2.7734e-05	1.5844e-05	2.9608e-05	1.8656e-05	0.00015289	7.1138e-07	6.8751e-06	1.0476e-07	1.3532e-07	1.0126e-08	2.1891e-08	1.3919e-09	8.2042e-09	1.5201e-09	4.2641e-09	1.3853e-09	4.5618e-09	1.0181e-09	2.5064e-09	4.5323e-10	1.2696e-09	1.4878e-10	4.869e-10	2.5089e-10	7.246e-10	2.3552e-10	6.3332e-10	1.3936e-10	7.4821e-10	1.5794e-10	9.1888e-10	1.7569e-10	4.3373e-10	1.0418e-10	1.0798e-09	9.647e-11	2.8845e-10	6.8612e-11	2.5593e-10	3.0261e-11	2.8888e-10	4.965e-11	2.258e-10	5.6345e-11	2.2598e-10	8.5544e-11	1.4199e-10	2.8992e-11	1.4387e-10	2.0991e-11	1.3106e-10	1.1811e-11	1.3115e-10	4.5327e-11	1.9478e-10	1.2812e-10	2.4342e-10	4.5391e-11	7.9584e-11	2.4425e-11	2.281e-10	1.1876e-11	1.3305e-11	8.0597e-12
117.201	0.28102	0.063155	0.0002251	8.8489e-05	0.00045084	0.0015987	0.00039803	0.0015128	3.4566e-05	0.00024983	5.5154e-05	0.00032357	5.985e-05	0.00021534	8.2526e-06	3.5552e-05	6.6921e-06	1.2748e-05	1.2763e-05	4.007e-05	7.7363e-06	2.7893e-05	1.5924e-05	2.9754e-05	1.8731e-05	0.00015378	7.1815e-07	6.924e-06	1.0534e-07	1.3607e-07	1.0188e-08	2.2013e-08	1.3997e-09	8.2534e-09	1.5286e-09	4.2895e-09	1.3936e-09	4.589e-09	1.0238e-09	2.5205e-09	4.5576e-10	1.2768e-09	1.4962e-10	4.8977e-10	2.5232e-10	7.2893e-10	2.369e-10	6.37e-10	1.4017e-10	7.5252e-10	1.5884e-10	9.2405e-10	1.7669e-10	4.3621e-10	1.0477e-10	1.0859e-09	9.7021e-11	2.901e-10	6.9001e-11	2.5739e-10	3.0435e-11	2.9052e-10	4.9933e-11	2.2706e-10	5.6667e-11	2.2721e-10	8.6011e-11	1.4277e-10	2.9158e-11	1.4464e-10	2.1105e-11	1.3176e-10	1.1874e-11	1.3186e-10	4.557e-11	1.9589e-10	1.2883e-10	2.448e-10	4.5638e-11	8.0053e-11	2.457e-11	2.2946e-10	1.1947e-11	1.3383e-11	8.1088e-12
118.83	0.28356	0.063406	0.0002265	8.9461e-05	0.00045402	0.0016064	0.00040059	0.0015194	3.4814e-05	0.00025101	5.5484e-05	0.00032488	6.0183e-05	0.00021641	8.3153e-06	3.5798e-05	6.77e-06	1.2901e-05	1.2862e-05	4.0287e-05	7.7862e-06	2.805e-05	1.6004e-05	2.9893e-05	1.8818e-05	0.00015465	7.249e-07	6.9726e-06	1.0595e-07	1.368e-07	1.0243e-08	2.2135e-08	1.4075e-09	8.3007e-09	1.5376e-09	4.314e-09	1.4018e-09	4.616e-09	1.0297e-09	2.5351e-09	4.5826e-10	1.2843e-09	1.5048e-10	4.9265e-10	2.538e-10	7.3318e-10	2.3829e-10	6.4065e-10	1.4098e-10	7.5671e-10	1.5972e-10	9.289e-10	1.7767e-10	4.3865e-10	1.0535e-10	1.0916e-09	9.7554e-11	2.9172e-10	6.9386e-11	2.5882e-10	3.0604e-11	2.9215e-10	5.0212e-11	2.2825e-10	5.6969e-11	2.2841e-10	8.6463e-11	1.4352e-10	2.9312e-11	1.454e-10	2.1216e-11	1.3248e-10	1.1939e-11	1.326e-10	4.5824e-11	1.9704e-10	1.2958e-10	2.4623e-10	4.5904e-11	8.0522e-11	2.4712e-11	2.3077e-10	1.2016e-11	1.3465e-11	8.1583e-12
120.481	0.28611	0.063658	0.00022787	9.0439e-05	0.00045717	0.0016141	0.00040316	0.0015261	3.5054e-05	0.00025186	5.5804e-05	0.00032588	6.0515e-05	0.00021746	8.3908e-06	3.6045e-05	6.8481e-06	1.3046e-05	1.2984e-05	4.0503e-05	7.8333e-06	2.8217e-05	1.6078e-05	3.0029e-05	1.8907e-05	0.00015547	7.3222e-07	7.0185e-06	1.0661e-07	1.3762e-07	1.0298e-08	2.2263e-08	1.4156e-09	8.3473e-09	1.5464e-09	4.3382e-09	1.4096e-09	4.642e-09	1.0356e-09	2.5497e-09	4.6089e-10	1.2917e-09	1.5135e-10	4.9547e-10	2.5526e-10	7.3729e-10	2.3966e-10	6.4419e-10	1.4175e-10	7.6085e-10	1.606e-10	9.3368e-10	1.7865e-10	4.4091e-10	1.0593e-10	1.0973e-09	9.8055e-11	2.9331e-10	6.9766e-11	2.6025e-10	3.0772e-11	2.9369e-10	5.0488e-11	2.2944e-10	5.7262e-11	2.2964e-10	8.6928e-11	1.4429e-10	2.9462e-11	1.4623e-10	2.1332e-11	1.3324e-10	1.2007e-11	1.3336e-10	4.6087e-11	1.9816e-10	1.3033e-10	2.4764e-10	4.6168e-11	8.0975e-11	2.485e-11	2.3206e-10	1.2083e-11	1.3545e-11	8.2057e-12
122.156	0.28865	0.063835	0.00022921	9.1445e-05	0.00046054	0.0016198	0.00040528	0.0015311	3.5291e-05	0.00025265	5.6097e-05	0.00032685	6.0834e-05	0.0002182	8.4659e-06	3.6241e-05	6.9229e-06	1.3188e-05	1.3112e-05	4.0662e-05	7.8795e-06	2.8395e-05	1.6141e-05	3.0186e-05	1.899e-05	0.00015628	7.396e-07	7.0628e-06	1.0727e-07	1.3846e-07	1.0356e-08	2.2389e-08	1.4236e-09	8.3928e-09	1.5551e-09	4.3616e-09	1.4174e-09	4.6676e-09	1.0414e-09	2.564e-09	4.635e-10	1.2988e-09	1.522e-10	4.9819e-10	2.5667e-10	7.4136e-10	2.4098e-10	6.4764e-10	1.4251e-10	7.6494e-10	1.6146e-10	9.3891e-10	1.7961e-10	4.4313e-10	1.0646e-10	1.1033e-09	9.855e-11	2.9479e-10	7.0142e-11	2.6161e-10	3.0937e-11	2.9517e-10	5.0743e-11	2.3073e-10	5.7566e-11	2.3093e-10	8.7417e-11	1.451e-10	2.9622e-11	1.4705e-10	2.1452e-11	1.3399e-10	1.2075e-11	1.341e-10	4.6345e-11	1.9924e-10	1.3104e-10	2.4899e-10	4.6422e-11	8.1418e-11	2.4989e-11	2.3338e-10	1.215e-11	1.362e-11	8.251e-12
123.853	0.29119	0.063988	0.00023051	9.2451e-05	0.00046405	0.001625	0.00040723	0.0015354	3.5514e-05	0.0002535	5.6387e-05	0.00032826	6.1126e-05	0.00021893	8.5383e-06	3.6432e-05	6.9975e-06	1.333e-05	1.3238e-05	4.0815e-05	7.9269e-06	2.8571e-05	1.6203e-05	3.0344e-05	1.9059e-05	0.00015718	7.4674e-07	7.1066e-06	1.0783e-07	1.3928e-07	1.0414e-08	2.251e-08	1.4313e-09	8.4368e-09	1.5634e-09	4.3845e-09	1.4249e-09	4.6924e-09	1.0471e-09	2.5778e-09	4.6604e-10	1.3059e-09	1.5302e-10	5.0089e-10	2.5806e-10	7.4525e-10	2.4228e-10	6.5104e-10	1.4326e-10	7.6898e-10	1.6229e-10	9.441e-10	1.805e-10	4.4549e-10	1.0699e-10	1.1094e-09	9.9094e-11	2.9624e-10	7.0498e-11	2.629e-10	3.1101e-11	2.9669e-10	5.0994e-11	2.3201e-10	5.7884e-11	2.322e-10	8.7899e-11	1.459e-10	2.9786e-11	1.4785e-10	2.1569e-11	1.3471e-10	1.214e-11	1.3482e-10	4.6593e-11	2.0033e-10	1.3174e-10	2.5034e-10	4.6671e-11	8.187e-11	2.5133e-11	2.3473e-10	1.222e-11	1.3694e-11	8.2964e-12
125.574	0.29376	0.064138	0.00023179	9.3446e-05	0.00046751	0.0016301	0.00040914	0.0015395	3.5735e-05	0.00025481	5.6661e-05	0.0003299	6.1413e-05	0.00021981	8.6085e-06	3.6637e-05	7.0713e-06	1.3476e-05	1.3358e-05	4.0981e-05	7.9789e-06	2.8721e-05	1.6269e-05	3.0491e-05	1.9127e-05	0.00015811	7.5343e-07	7.1476e-06	1.0838e-07	1.3998e-07	1.047e-08	2.263e-08	1.4389e-09	8.4802e-09	1.5717e-09	4.4071e-09	1.4322e-09	4.7165e-09	1.0526e-09	2.5915e-09	4.685e-10	1.3127e-09	1.5383e-10	5.0346e-10	2.5941e-10	7.4908e-10	2.4353e-10	6.544e-10	1.44e-10	7.7275e-10	1.6307e-10	9.4911e-10	1.8137e-10	4.4791e-10	1.0756e-10	1.1153e-09	9.9632e-11	2.9781e-10	7.0838e-11	2.6419e-10	3.1251e-11	2.9829e-10	5.1258e-11	2.3323e-10	5.8196e-11	2.3342e-10	8.8361e-11	1.4667e-10	2.9945e-11	1.4862e-10	2.1683e-11	1.3542e-10	1.2204e-11	1.3554e-10	4.684e-11	2.0146e-10	1.3248e-10	2.5175e-10	4.6929e-11	8.2334e-11	2.5275e-11	2.3603e-10	1.2289e-11	1.3769e-11	8.3423e-12
127.32	0.29632	0.064423	0.00023305	9.4436e-05	0.00047055	0.0016386	0.00041193	0.0015467	3.5963e-05	0.0002561	5.6922e-05	0.00033151	6.1682e-05	0.00022098	8.6783e-06	3.6903e-05	7.1433e-06	1.3623e-05	1.3477e-05	4.1217e-05	8.0306e-06	2.8867e-05	1.6334e-05	3.0618e-05	1.9198e-05	0.000159	7.601e-07	7.1881e-06	1.0893e-07	1.4067e-07	1.0524e-08	2.2746e-08	1.4463e-09	8.523e-09	1.5796e-09	4.4293e-09	1.4394e-09	4.7403e-09	1.0579e-09	2.6045e-09	4.7093e-10	1.3193e-09	1.546e-10	5.0599e-10	2.6072e-10	7.5286e-10	2.4476e-10	6.5772e-10	1.4473e-10	7.7639e-10	1.6386e-10	9.54e-10	1.8229e-10	4.5026e-10	1.0813e-10	1.1211e-09	1.0015e-10	2.994e-10	7.1183e-11	2.6559e-10	3.1399e-11	2.9987e-10	5.153e-11	2.3444e-10	5.8496e-11	2.3463e-10	8.8816e-11	1.4742e-10	3.0099e-11	1.4942e-10	2.1795e-11	1.3616e-10	1.2271e-11	1.363e-10	4.71e-11	2.0258e-10	1.3322e-10	2.5316e-10	4.719e-11	8.2785e-11	2.5406e-11	2.3726e-10	1.2354e-11	1.3844e-11	8.3877e-12
129.089	0.29889	0.064704	0.0002343	9.542e-05	0.00047355	0.0016469	0.00041469	0.001554	3.621e-05	0.00025732	5.7179e-05	0.00033294	6.1938e-05	0.00022215	8.7448e-06	3.7168e-05	7.2152e-06	1.3768e-05	1.3594e-05	4.145e-05	8.0766e-06	2.9016e-05	1.6397e-05	3.0742e-05	1.927e-05	0.00015977	7.6699e-07	7.2304e-06	1.095e-07	1.4139e-07	1.0577e-08	2.2858e-08	1.4534e-09	8.5653e-09	1.5874e-09	4.4512e-09	1.4465e-09	4.7637e-09	1.0631e-09	2.6173e-09	4.7324e-10	1.3258e-09	1.5536e-10	5.0849e-10	2.62e-10	7.5659e-10	2.4596e-10	6.6077e-10	1.454e-10	7.8018e-10	1.6471e-10	9.59e-10	1.8324e-10	4.5253e-10	1.0868e-10	1.1269e-09	1.0065e-10	3.0093e-10	7.1553e-11	2.6697e-10	3.1555e-11	3.0138e-10	5.1795e-11	2.3568e-10	5.8791e-11	2.359e-10	8.9297e-11	1.4821e-10	3.0254e-11	1.5024e-10	2.1914e-11	1.3691e-10	1.2338e-11	1.3704e-10	4.7358e-11	2.0362e-10	1.3391e-10	2.5446e-10	4.7439e-11	8.3207e-11	2.5536e-11	2.3848e-10	1.2417e-11	1.3918e-11	8.4325e-12
130.883	0.30145	0.06497	0.00023551	9.6392e-05	0.00047663	0.0016548	0.00041738	0.001561	3.6455e-05	0.00025844	5.748e-05	0.00033433	6.2191e-05	0.00022322	8.8107e-06	3.7421e-05	7.2913e-06	1.3912e-05	1.3708e-05	4.167e-05	8.1199e-06	2.9169e-05	1.6456e-05	3.0873e-05	1.9339e-05	0.00016053	7.7389e-07	7.2764e-06	1.1006e-07	1.4211e-07	1.0628e-08	2.2968e-08	1.4604e-09	8.6045e-09	1.5951e-09	4.4712e-09	1.4536e-09	4.7868e-09	1.0683e-09	2.63e-09	4.7552e-10	1.3322e-09	1.5612e-10	5.1095e-10	2.6327e-10	7.602e-10	2.4715e-10	6.6374e-10	1.4605e-10	7.8415e-10	1.6555e-10	9.6413e-10	1.8416e-10	4.548e-10	1.0922e-10	1.1329e-09	1.0117e-10	3.0241e-10	7.1918e-11	2.6829e-10	3.1716e-11	3.0287e-10	5.2051e-11	2.3694e-10	5.9105e-11	2.3716e-10	8.9775e-11	1.4901e-10	3.0415e-11	1.5102e-10	2.2031e-11	1.376e-10	1.2401e-11	1.3772e-10	4.7595e-11	2.0463e-10	1.3458e-10	2.5573e-10	4.7676e-11	8.3624e-11	2.5669e-11	2.3972e-10	1.2481e-11	1.3991e-11	8.4759e-12
132.702	0.30425	0.065209	0.00023663	9.7362e-05	0.00047974	0.001662	0.00041989	0.0015673	3.6672e-05	0.00025954	5.7778e-05	0.00033566	6.2492e-05	0.00022423	8.8787e-06	3.7662e-05	7.3694e-06	1.4055e-05	1.3821e-05	4.1876e-05	8.1633e-06	2.9319e-05	1.6514e-05	3.1003e-05	1.9404e-05	0.00016131	7.8072e-07	7.3219e-06	1.1059e-07	1.4282e-07	1.0678e-08	2.3077e-08	1.4673e-09	8.6423e-09	1.6026e-09	4.4909e-09	1.4599e-09	4.8082e-09	1.0733e-09	2.6424e-09	4.7777e-10	1.3386e-09	1.5685e-10	5.1333e-10	2.6452e-10	7.6353e-10	2.4832e-10	6.6689e-10	1.4675e-10	7.8804e-10	1.6635e-10	9.6908e-10	1.8505e-10	4.5718e-10	1.0976e-10	1.1388e-09	1.017e-10	3.0391e-10	7.2265e-11	2.6959e-10	3.1872e-11	3.0444e-10	5.2305e-11	2.3814e-10	5.9415e-11	2.3834e-10	9.0222e-11	1.4976e-10	3.0575e-11	1.5176e-10	2.214e-11	1.3828e-10	1.2461e-11	1.384e-10	4.7828e-11	2.0567e-10	1.3525e-10	2.5702e-10	4.7912e-11	8.405e-11	2.58e-11	2.4095e-10	1.2544e-11	1.4057e-11	8.5145e-12
134.546	0.30687	0.065444	0.00023774	9.8331e-05	0.00048282	0.0016691	0.00042237	0.0015736	3.6879e-05	0.00026055	5.805e-05	0.00033688	6.2788e-05	0.00022523	8.9515e-06	3.7901e-05	7.4466e-06	1.4196e-05	1.3944e-05	4.2079e-05	8.2083e-06	2.9461e-05	1.6568e-05	3.1129e-05	1.9467e-05	0.0001621	7.8744e-07	7.3615e-06	1.1112e-07	1.435e-07	1.0728e-08	2.3184e-08	1.4741e-09	8.6816e-09	1.6098e-09	4.5121e-09	1.4662e-09	4.8288e-09	1.0782e-09	2.6544e-09	4.7998e-10	1.3445e-09	1.5757e-10	5.1553e-10	2.6568e-10	7.6681e-10	2.4938e-10	6.7015e-10	1.4747e-10	7.9176e-10	1.6714e-10	9.737e-10	1.8594e-10	4.5953e-10	1.1032e-10	1.1442e-09	1.0221e-10	3.0547e-10	7.2606e-11	2.7094e-10	3.2022e-11	3.0601e-10	5.2574e-11	2.3928e-10	5.9702e-11	2.3948e-10	9.0653e-11	1.5047e-10	3.0721e-11	1.5249e-10	2.2245e-11	1.3895e-10	1.2522e-11	1.3908e-10	4.8064e-11	2.067e-10	1.3593e-10	2.583e-10	4.8152e-11	8.4471e-11	2.5929e-11	2.4216e-10	1.2607e-11	1.412e-11	8.5524e-12
136.416	0.30952	0.065658	0.00023896	9.9298e-05	0.00048578	0.0016757	0.00042472	0.0015793	3.7087e-05	0.00026152	5.8287e-05	0.00033808	6.3051e-05	0.00022613	9.0238e-06	3.8126e-05	7.5179e-06	1.4337e-05	1.4068e-05	4.2265e-05	8.2528e-06	2.9602e-05	1.6621e-05	3.1249e-05	1.9526e-05	0.00016287	7.9413e-07	7.3995e-06	1.1163e-07	1.4417e-07	1.0776e-08	2.3284e-08	1.4805e-09	8.7231e-09	1.6165e-09	4.5337e-09	1.4729e-09	4.8504e-09	1.0827e-09	2.6655e-09	4.8209e-10	1.3501e-09	1.5823e-10	5.1769e-10	2.6679e-10	7.7043e-10	2.5042e-10	6.7331e-10	1.4816e-10	7.9542e-10	1.6796e-10	9.7829e-10	1.8687e-10	4.6167e-10	1.1087e-10	1.1496e-09	1.0269e-10	3.0699e-10	7.2965e-11	2.723e-10	3.2172e-11	3.0747e-10	5.2839e-11	2.4042e-10	5.9981e-11	2.4063e-10	9.1088e-11	1.5119e-10	3.0864e-11	1.5324e-10	2.2353e-11	1.3963e-10	1.2584e-11	1.3976e-10	4.8299e-11	2.0771e-10	1.366e-10	2.5957e-10	4.8388e-11	8.4886e-11	2.6057e-11	2.4335e-10	1.2669e-11	1.4181e-11	8.5897e-12
138.312	0.31217	0.065859	0.00024017	0.00010024	0.00048871	0.0016819	0.000427	0.0015847	3.7302e-05	0.00026252	5.852e-05	0.00033945	6.3282e-05	0.00022702	9.0893e-06	3.8346e-05	7.5889e-06	1.4478e-05	1.4187e-05	4.2447e-05	8.2955e-06	2.9737e-05	1.6671e-05	3.1366e-05	1.9582e-05	0.00016361	8.0065e-07	7.438e-06	1.1212e-07	1.448e-07	1.0822e-08	2.3378e-08	1.4865e-09	8.7636e-09	1.6232e-09	4.5545e-09	1.4798e-09	4.873e-09	1.0871e-09	2.6764e-09	4.8405e-10	1.3558e-09	1.5887e-10	5.2009e-10	2.6793e-10	7.7403e-10	2.5156e-10	6.7634e-10	1.4883e-10	7.9933e-10	1.6878e-10	9.8297e-10	1.8779e-10	4.6378e-10	1.1138e-10	1.1551e-09	1.0316e-10	3.0839e-10	7.3325e-11	2.7359e-10	3.2331e-11	3.0887e-10	5.308e-11	2.4157e-10	6.0264e-11	2.4178e-10	9.1524e-11	1.5191e-10	3.1011e-11	1.5397e-10	2.246e-11	1.403e-10	1.2644e-11	1.4044e-10	4.8531e-11	2.0871e-10	1.3725e-10	2.6082e-10	4.862e-11	8.5296e-11	2.6171e-11	2.4438e-10	1.2727e-11	1.4242e-11	8.626e-12
140.234	0.31482	0.066062	0.00024134	0.00010116	0.00049155	0.0016882	0.00042927	0.0015901	3.7515e-05	0.00026368	5.8767e-05	0.00034089	6.3506e-05	0.00022797	9.1525e-06	3.8574e-05	7.6616e-06	1.4618e-05	1.4297e-05	4.2635e-05	8.3373e-06	2.9867e-05	1.6721e-05	3.1474e-05	1.9637e-05	0.00016434	8.0713e-07	7.4776e-06	1.126e-07	1.4542e-07	1.0865e-08	2.3475e-08	1.4927e-09	8.8021e-09	1.6306e-09	4.5745e-09	1.4865e-09	4.8951e-09	1.092e-09	2.6885e-09	4.86e-10	1.362e-09	1.5959e-10	5.2246e-10	2.6916e-10	7.7748e-10	2.5271e-10	6.7936e-10	1.495e-10	8.0318e-10	1.6956e-10	9.8758e-10	1.8863e-10	4.6594e-10	1.1188e-10	1.1605e-09	1.0365e-10	3.0977e-10	7.3661e-11	2.7481e-10	3.2487e-11	3.1029e-10	5.3317e-11	2.427e-10	6.0546e-11	2.4292e-10	9.1954e-11	1.5263e-10	3.1156e-11	1.5469e-10	2.2565e-11	1.4096e-10	1.2703e-11	1.411e-10	4.876e-11	2.0962e-10	1.3788e-10	2.6196e-10	4.8845e-11	8.5651e-11	2.6279e-11	2.454e-10	1.2779e-11	1.4297e-11	8.6584e-12
142.183	0.31746	0.066312	0.00024247	0.00010211	0.00049431	0.0016957	0.00043186	0.0015966	3.7718e-05	0.00026483	5.9011e-05	0.00034225	6.3749e-05	0.00022902	9.2163e-06	3.8823e-05	7.735e-06	1.4755e-05	1.4407e-05	4.2847e-05	8.3778e-06	2.9994e-05	1.6767e-05	3.158e-05	1.9691e-05	0.00016503	8.1358e-07	7.5168e-06	1.1307e-07	1.4603e-07	1.0908e-08	2.358e-08	1.4994e-09	8.84e-09	1.6379e-09	4.5948e-09	1.4928e-09	4.9161e-09	1.0969e-09	2.7005e-09	4.8817e-10	1.3681e-09	1.603e-10	5.2473e-10	2.7035e-10	7.8082e-10	2.5382e-10	6.8256e-10	1.502e-10	8.0672e-10	1.703e-10	9.9212e-10	1.8945e-10	4.6807e-10	1.1239e-10	1.1658e-09	1.0412e-10	3.1119e-10	7.3981e-11	2.7603e-10	3.2628e-11	3.1171e-10	5.3558e-11	2.4382e-10	6.0824e-11	2.4404e-10	9.2377e-11	1.5333e-10	3.1299e-11	1.5541e-10	2.2669e-11	1.4158e-10	1.2759e-11	1.4169e-10	4.8968e-11	2.1046e-10	1.3843e-10	2.6302e-10	4.9042e-11	8.5996e-11	2.6385e-11	2.4639e-10	1.2831e-11	1.435e-11	8.6912e-12
144.159	0.32006	0.066557	0.00024363	0.00010308	0.00049704	0.001703	0.00043442	0.0016031	3.7918e-05	0.00026578	5.9244e-05	0.00034333	6.3986e-05	0.00023005	9.2817e-06	3.9071e-05	7.8079e-06	1.4889e-05	1.452e-05	4.3056e-05	8.4166e-06	3.0119e-05	1.6807e-05	3.1684e-05	1.9741e-05	0.0001657	8.1999e-07	7.5542e-06	1.1353e-07	1.4663e-07	1.0955e-08	2.3682e-08	1.5059e-09	8.8806e-09	1.6448e-09	4.6159e-09	1.4993e-09	4.9368e-09	1.1015e-09	2.7119e-09	4.9029e-10	1.3738e-09	1.6098e-10	5.2693e-10	2.7148e-10	7.8425e-10	2.5488e-10	6.8571e-10	1.5089e-10	8.1015e-10	1.7104e-10	9.9659e-10	1.9029e-10	4.7017e-10	1.1289e-10	1.1711e-09	1.0459e-10	3.1258e-10	7.4304e-11	2.7726e-10	3.2766e-11	3.131e-10	5.3798e-11	2.4489e-10	6.1098e-11	2.4507e-10	9.277e-11	1.5399e-10	3.144e-11	1.5602e-10	2.2764e-11	1.4214e-10	1.2809e-11	1.4225e-10	4.916e-11	2.1129e-10	1.3897e-10	2.6405e-10	4.9234e-11	8.6335e-11	2.6489e-11	2.4736e-10	1.2881e-11	1.4409e-11	8.7295e-12
146.162	0.32263	0.066763	0.00024482	0.00010406	0.00049974	0.0017093	0.00043675	0.0016088	3.8111e-05	0.00026664	5.9467e-05	0.00034438	6.4211e-05	0.00023088	9.3466e-06	3.9289e-05	7.8794e-06	1.5025e-05	1.4633e-05	4.3233e-05	8.4548e-06	3.0242e-05	1.6846e-05	3.1784e-05	1.9784e-05	0.00016636	8.2626e-07	7.591e-06	1.1395e-07	1.4721e-07	1.1002e-08	2.3779e-08	1.512e-09	8.9207e-09	1.6515e-09	4.6365e-09	1.506e-09	4.959e-09	1.106e-09	2.723e-09	4.923e-10	1.3794e-09	1.6164e-10	5.2919e-10	2.7259e-10	7.8778e-10	2.5596e-10	6.8855e-10	1.5152e-10	8.1363e-10	1.7179e-10	1.0004e-09	1.9112e-10	4.7224e-10	1.1338e-10	1.1756e-09	1.0504e-10	3.1395e-10	7.4628e-11	2.7848e-10	3.2908e-11	3.1448e-10	5.4034e-11	2.4582e-10	6.1348e-11	2.46e-10	9.3123e-11	1.5458e-10	3.1566e-11	1.5661e-10	2.285e-11	1.4268e-10	1.2858e-11	1.4279e-10	4.9348e-11	2.121e-10	1.3951e-10	2.6506e-10	4.9423e-11	8.6666e-11	2.6583e-11	2.4822e-10	1.2929e-11	1.4471e-11	8.7654e-12
148.194	0.32519	0.066939	0.00024597	0.00010501	0.00050238	0.0017148	0.00043886	0.0016136	3.8298e-05	0.0002675	5.9684e-05	0.00034548	6.4425e-05	0.00023167	9.4094e-06	3.9496e-05	7.9506e-06	1.5167e-05	1.4744e-05	4.3396e-05	8.4923e-06	3.0351e-05	1.6893e-05	3.1878e-05	1.9824e-05	0.00016701	8.3228e-07	7.6265e-06	1.1436e-07	1.4773e-07	1.1046e-08	2.3874e-08	1.518e-09	8.9571e-09	1.6586e-09	4.6552e-09	1.5126e-09	4.9808e-09	1.1107e-09	2.7345e-09	4.9426e-10	1.3853e-09	1.6231e-10	5.3152e-10	2.7378e-10	7.9115e-10	2.5709e-10	6.9133e-10	1.5213e-10	8.1709e-10	1.7252e-10	1.0041e-09	1.9194e-10	4.7406e-10	1.1387e-10	1.18e-09	1.0543e-10	3.153e-10	7.4947e-11	2.7967e-10	3.3049e-11	3.1575e-10	5.4266e-11	2.4673e-10	6.1575e-11	2.4692e-10	9.3469e-11	1.5515e-10	3.1683e-11	1.572e-10	2.2935e-11	1.4321e-10	1.2906e-11	1.4332e-10	4.9532e-11	2.1284e-10	1.4001e-10	2.66e-10	4.9605e-11	8.696e-11	2.6672e-11	2.4905e-10	1.2972e-11	1.4521e-11	8.7932e-12
150.253	0.32774	0.06711	0.00024703	0.00010596	0.0005048	0.0017202	0.00044095	0.0016182	3.8481e-05	0.00026842	5.9886e-05	0.0003466	6.4632e-05	0.00023247	9.4714e-06	3.9703e-05	8.0203e-06	1.5308e-05	1.4852e-05	4.356e-05	8.5291e-06	3.0457e-05	1.6938e-05	3.1961e-05	1.9875e-05	0.00016763	8.3829e-07	7.6607e-06	1.1479e-07	1.4824e-07	1.1089e-08	2.3975e-08	1.5245e-09	8.9923e-09	1.6657e-09	4.6735e-09	1.5185e-09	5.0006e-09	1.1154e-09	2.7462e-09	4.9632e-10	1.3913e-09	1.6301e-10	5.3373e-10	2.7496e-10	7.9426e-10	2.5817e-10	6.9417e-10	1.5276e-10	8.205e-10	1.7324e-10	1.0077e-09	1.9274e-10	4.7577e-10	1.1429e-10	1.1842e-09	1.0581e-10	3.1645e-10	7.526e-11	2.808e-10	3.3186e-11	3.1689e-10	5.4471e-11	2.4763e-10	6.1798e-11	2.4781e-10	9.3808e-11	1.5571e-10	3.1797e-11	1.5777e-10	2.3019e-11	1.4371e-10	1.2951e-11	1.4381e-10	4.9701e-11	2.1353e-10	1.4046e-10	2.6686e-10	4.9766e-11	8.7242e-11	2.6776e-11	2.5006e-10	1.3019e-11	1.4566e-11	8.8207e-12
152.341	0.33029	0.067299	0.00024808	0.00010694	0.00050718	0.001726	0.00044315	0.0016234	3.8661e-05	0.00026931	6.0082e-05	0.00034767	6.4823e-05	0.00023331	9.5318e-06	3.9919e-05	8.0894e-06	1.5446e-05	1.496e-05	4.3732e-05	8.5629e-06	3.0571e-05	1.6979e-05	3.2042e-05	1.9924e-05	0.00016819	8.447e-07	7.6944e-06	1.1524e-07	1.4881e-07	1.1133e-08	2.4075e-08	1.5309e-09	9.0282e-09	1.6723e-09	4.6924e-09	1.5243e-09	5.0197e-09	1.12e-09	2.7573e-09	4.984e-10	1.3968e-09	1.6367e-10	5.3577e-10	2.7603e-10	7.9733e-10	2.5916e-10	6.9699e-10	1.5338e-10	8.2385e-10	1.7392e-10	1.0113e-09	1.9345e-10	4.7744e-10	1.1469e-10	1.1884e-09	1.0619e-10	3.1756e-10	7.5552e-11	2.8178e-10	3.3322e-11	3.18e-10	5.4662e-11	2.4849e-10	6.2015e-11	2.4864e-10	9.4124e-11	1.5624e-10	3.1909e-11	1.5826e-10	2.3095e-11	1.4416e-10	1.2992e-11	1.4426e-10	4.9857e-11	2.1432e-10	1.4094e-10	2.6782e-10	4.9928e-11	8.7583e-11	2.6883e-11	2.5106e-10	1.3071e-11	1.4612e-11	8.8489e-12
154.458	0.33283	0.067482	0.00024916	0.00010793	0.00050975	0.0017317	0.00044532	0.0016284	3.8838e-05	0.00027014	6.0273e-05	0.00034866	6.5009e-05	0.00023412	9.5907e-06	4.0131e-05	8.1581e-06	1.5583e-05	1.5064e-05	4.3901e-05	8.5949e-06	3.0689e-05	1.7018e-05	3.2138e-05	1.9968e-05	0.00016873	8.5107e-07	7.7274e-06	1.1568e-07	1.4938e-07	1.1179e-08	2.4167e-08	1.5367e-09	9.0638e-09	1.6785e-09	4.711e-09	1.5303e-09	5.0392e-09	1.1241e-09	2.7676e-09	5.0034e-10	1.402e-09	1.6428e-10	5.378e-10	2.7706e-10	8.0047e-10	2.6013e-10	6.9975e-10	1.5398e-10	8.2686e-10	1.7451e-10	1.0144e-09	1.9411e-10	4.7907e-10	1.1508e-10	1.1921e-09	1.0655e-10	3.1864e-10	7.5808e-11	2.8274e-10	3.3441e-11	3.1909e-10	5.4848e-11	2.4924e-10	6.2216e-11	2.494e-10	9.4409e-11	1.5672e-10	3.201e-11	1.5874e-10	2.3165e-11	1.4464e-10	1.3035e-11	1.4478e-10	5.0033e-11	2.1515e-10	1.4149e-10	2.6886e-10	5.0122e-11	8.7924e-11	2.6965e-11	2.5177e-10	1.3115e-11	1.4657e-11	8.8794e-12
156.605	0.33537	0.067651	0.00025022	0.00010888	0.00051233	0.001737	0.0004474	0.001633	3.8999e-05	0.00027093	6.0458e-05	0.00034962	6.5189e-05	0.00023488	9.6488e-06	4.0334e-05	8.2264e-06	1.5725e-05	1.5167e-05	4.4059e-05	8.6285e-06	3.0802e-05	1.706e-05	3.223e-05	2.001e-05	0.00016935	8.5727e-07	7.7599e-06	1.1609e-07	1.4992e-07	1.1221e-08	2.4255e-08	1.5423e-09	9.0988e-09	1.6848e-09	4.7292e-09	1.5362e-09	5.0586e-09	1.1283e-09	2.7778e-09	5.0215e-10	1.4072e-09	1.6488e-10	5.3986e-10	2.781e-10	8.0356e-10	2.6113e-10	7.0246e-10	1.5458e-10	8.2958e-10	1.7508e-10	1.0173e-09	1.9475e-10	4.8052e-10	1.1546e-10	1.1956e-09	1.0686e-10	3.197e-10	7.6058e-11	2.8368e-10	3.3551e-11	3.201e-10	5.503e-11	2.5001e-10	6.2397e-11	2.5022e-10	9.472e-11	1.5722e-10	3.2104e-11	1.5934e-10	2.3244e-11	1.4519e-10	1.3085e-11	1.4533e-10	5.0222e-11	2.1581e-10	1.4197e-10	2.6971e-10	5.0301e-11	8.8168e-11	2.7039e-11	2.5247e-10	1.3151e-11	1.4713e-11	8.9138e-12
158.781	0.3379	0.06781	0.00025125	0.00010981	0.00051483	0.0017421	0.00044941	0.0016375	3.9154e-05	0.00027169	6.0627e-05	0.0003505	6.5363e-05	0.00023561	9.7063e-06	4.0533e-05	8.2937e-06	1.5868e-05	1.5269e-05	4.4211e-05	8.664e-06	3.0909e-05	1.7102e-05	3.2315e-05	2.0055e-05	0.00016996	8.6338e-07	7.7893e-06	1.165e-07	1.5044e-07	1.1261e-08	2.4343e-08	1.5479e-09	9.1331e-09	1.6911e-09	4.747e-09	1.542e-09	5.0776e-09	1.1325e-09	2.7881e-09	5.0396e-10	1.4125e-09	1.655e-10	5.4188e-10	2.7914e-10	8.0658e-10	2.621e-10	7.0482e-10	1.5509e-10	8.3223e-10	1.7565e-10	1.0211e-09	1.9537e-10	4.8187e-10	1.1579e-10	1.1999e-09	1.0717e-10	3.2062e-10	7.6302e-11	2.8457e-10	3.3658e-11	3.21e-10	5.5192e-11	2.5092e-10	6.2601e-11	2.5114e-10	9.5068e-11	1.578e-10	3.2213e-11	1.5992e-10	2.3329e-11	1.4566e-10	1.3127e-11	1.4575e-10	5.0373e-11	2.1638e-10	1.4235e-10	2.7042e-10	5.0434e-11	8.8403e-11	2.7116e-11	2.532e-10	1.3188e-11	1.4767e-11	8.9433e-12
160.988	0.34042	0.06796	0.00025226	0.00011075	0.00051723	0.0017469	0.00045137	0.0016417	3.9318e-05	0.00027238	6.0779e-05	0.00035134	6.5518e-05	0.0002363	9.763e-06	4.0726e-05	8.358e-06	1.6005e-05	1.537e-05	4.4357e-05	8.6985e-06	3.1016e-05	1.714e-05	3.2396e-05	2.0101e-05	0.00017054	8.6967e-07	7.8176e-06	1.1694e-07	1.5097e-07	1.13e-08	2.4432e-08	1.5535e-09	9.1634e-09	1.6972e-09	4.7619e-09	1.5477e-09	5.0962e-09	1.1366e-09	2.7983e-09	5.0579e-10	1.4176e-09	1.661e-10	5.4387e-10	2.8016e-10	8.0951e-10	2.6306e-10	7.0699e-10	1.5557e-10	8.3481e-10	1.7617e-10	1.0246e-09	1.9593e-10	4.835e-10	1.161e-10	1.2042e-09	1.0755e-10	3.2149e-10	7.653e-11	2.8534e-10	3.3762e-11	3.2199e-10	5.5342e-11	2.5176e-10	6.2825e-11	2.5191e-10	9.536e-11	1.583e-10	3.2329e-11	1.6032e-10	2.3397e-11	1.4603e-10	1.316e-11	1.4612e-10	5.0502e-11	2.1697e-10	1.4272e-10	2.7116e-10	5.0566e-11	8.8648e-11	2.7192e-11	2.5395e-10	1.3224e-11	1.4809e-11	8.9685e-12
163.225	0.34293	0.068095	0.00025311	0.0001117	0.00051967	0.0017514	0.00045323	0.0016455	3.9489e-05	0.00027306	6.0932e-05	0.00035214	6.5656e-05	0.00023695	9.8157e-06	4.0911e-05	8.4218e-06	1.614e-05	1.5467e-05	4.4493e-05	8.7309e-06	3.1129e-05	1.7173e-05	3.2483e-05	2.0143e-05	0.00017109	8.7604e-07	7.848e-06	1.1737e-07	1.5152e-07	1.134e-08	2.4518e-08	1.559e-09	9.1907e-09	1.7033e-09	4.7761e-09	1.5524e-09	5.1125e-09	1.1406e-09	2.8083e-09	5.0758e-10	1.4227e-09	1.6669e-10	5.4577e-10	2.8116e-10	8.1191e-10	2.64e-10	7.0911e-10	1.5604e-10	8.3715e-10	1.7663e-10	1.0271e-09	1.9644e-10	4.8518e-10	1.165e-10	1.2071e-09	1.0791e-10	3.2258e-10	7.6729e-11	2.8614e-10	3.3855e-11	3.2311e-10	5.5519e-11	2.5237e-10	6.3005e-11	2.5252e-10	9.5593e-11	1.5868e-10	3.2415e-11	1.6072e-10	2.3455e-11	1.4641e-10	1.3194e-11	1.4651e-10	5.0634e-11	2.1755e-10	1.4311e-10	2.7188e-10	5.0701e-11	8.8901e-11	2.7289e-11	2.5486e-10	1.3268e-11	1.4852e-11	8.9973e-12
165.494	0.3452	0.068223	0.00025394	0.00011265	0.00052219	0.0017557	0.00045504	0.0016492	3.9654e-05	0.00027371	6.1107e-05	0.00035292	6.5798e-05	0.00023758	9.8671e-06	4.1093e-05	8.4896e-06	1.6277e-05	1.556e-05	4.4626e-05	8.7626e-06	3.1239e-05	1.7206e-05	3.2571e-05	2.0178e-05	0.00017167	8.8219e-07	7.8796e-06	1.1774e-07	1.5205e-07	1.1379e-08	2.4603e-08	1.5644e-09	9.2172e-09	1.7089e-09	4.7899e-09	1.5568e-09	5.1272e-09	1.1445e-09	2.8178e-09	5.0933e-10	1.4273e-09	1.6726e-10	5.4734e-10	2.8205e-10	8.1425e-10	2.6476e-10	7.1116e-10	1.5649e-10	8.3924e-10	1.7712e-10	1.0296e-09	1.9705e-10	4.864e-10	1.1689e-10	1.21e-09	1.0816e-10	3.2367e-10	7.6946e-11	2.8711e-10	3.3939e-11	3.2403e-10	5.5707e-11	2.5298e-10	6.3153e-11	2.5315e-10	9.5829e-11	1.5907e-10	3.2491e-11	1.6113e-10	2.3513e-11	1.4678e-10	1.3228e-11	1.4688e-10	5.0764e-11	2.1829e-10	1.4355e-10	2.7278e-10	5.0851e-11	8.9208e-11	2.738e-11	2.5566e-10	1.3314e-11	1.49e-11	9.027e-12
167.794	0.34744	0.068346	0.00025474	0.00011358	0.00052462	0.0017598	0.00045682	0.0016528	3.981e-05	0.00027433	6.1277e-05	0.00035363	6.5962e-05	0.00023819	9.9211e-06	4.1271e-05	8.5573e-06	1.6413e-05	1.5653e-05	4.4755e-05	8.797e-06	3.1334e-05	1.7239e-05	3.265e-05	2.0213e-05	0.00017226	8.8811e-07	7.91e-06	1.1811e-07	1.5252e-07	1.1417e-08	2.4679e-08	1.5692e-09	9.243e-09	1.7136e-09	4.8033e-09	1.5612e-09	5.1415e-09	1.1477e-09	2.8255e-09	5.1096e-10	1.4313e-09	1.6773e-10	5.4886e-10	2.8283e-10	8.1652e-10	2.6549e-10	7.1295e-10	1.5688e-10	8.4168e-10	1.777e-10	1.0321e-09	1.977e-10	4.8748e-10	1.1715e-10	1.2129e-09	1.0841e-10	3.244e-10	7.7197e-11	2.8795e-10	3.4042e-11	3.2475e-10	5.5844e-11	2.5361e-10	6.3304e-11	2.5377e-10	9.6066e-11	1.5947e-10	3.257e-11	1.6157e-10	2.3571e-11	1.4723e-10	1.3268e-11	1.4737e-10	5.0928e-11	2.1901e-10	1.4403e-10	2.737e-10	5.1022e-11	8.9482e-11	2.7448e-11	2.563e-10	1.3349e-11	1.4948e-11	9.056e-12
170.125	0.34967	0.068463	0.00025552	0.00011448	0.00052685	0.0017637	0.00045855	0.0016562	3.9965e-05	0.00027485	6.1429e-05	0.00035421	6.6119e-05	0.00023878	9.9766e-06	4.1446e-05	8.6233e-06	1.655e-05	1.5752e-05	4.4881e-05	8.8306e-06	3.1427e-05	1.7271e-05	3.2719e-05	2.0248e-05	0.00017282	8.9405e-07	7.9388e-06	1.1848e-07	1.5298e-07	1.1453e-08	2.4745e-08	1.5734e-09	9.2658e-09	1.7182e-09	4.8145e-09	1.5654e-09	5.1553e-09	1.1508e-09	2.8331e-09	5.1232e-10	1.4351e-09	1.6818e-10	5.5033e-10	2.8359e-10	8.1871e-10	2.6621e-10	7.146e-10	1.5724e-10	8.4434e-10	1.7819e-10	1.0348e-09	1.9816e-10	4.8863e-10	1.1741e-10	1.216e-09	1.0866e-10	3.2509e-10	7.7407e-11	2.8856e-10	3.415e-11	3.2549e-10	5.5963e-11	2.5431e-10	6.3454e-11	2.5454e-10	9.6355e-11	1.5993e-10	3.2647e-11	1.621e-10	2.3645e-11	1.4771e-10	1.3312e-11	1.4784e-10	5.1093e-11	2.1953e-10	1.4441e-10	2.7436e-10	5.1163e-11	8.9698e-11	2.7521e-11	2.5701e-10	1.3382e-11	1.4995e-11	9.0843e-12
172.49	0.35188	0.068556	0.00025618	0.00011534	0.00052904	0.0017671	0.00046014	0.0016591	4.013e-05	0.00027532	6.1576e-05	0.00035476	6.6258e-05	0.00023925	1.0031e-05	4.1605e-05	8.6883e-06	1.6685e-05	1.585e-05	4.4987e-05	8.8603e-06	3.1523e-05	1.7301e-05	3.2788e-05	2.0283e-05	0.00017332	9.0005e-07	7.9677e-06	1.1885e-07	1.5346e-07	1.1482e-08	2.4808e-08	1.5774e-09	9.2862e-09	1.7227e-09	4.8252e-09	1.5689e-09	5.1674e-09	1.1537e-09	2.8404e-09	5.1364e-10	1.4388e-09	1.6861e-10	5.5174e-10	2.8432e-10	8.205e-10	2.669e-10	7.1662e-10	1.577e-10	8.4636e-10	1.7856e-10	1.0381e-09	1.9856e-10	4.8976e-10	1.1767e-10	1.2199e-09	1.0895e-10	3.2583e-10	7.7564e-11	2.8918e-10	3.4226e-11	3.2623e-10	5.6088e-11	2.5512e-10	6.3643e-11	2.5535e-10	9.6659e-11	1.6044e-10	3.275e-11	1.6255e-10	2.372e-11	1.4807e-10	1.3344e-11	1.4818e-10	5.1211e-11	2.2008e-10	1.4474e-10	2.7503e-10	5.1281e-11	8.9936e-11	2.7603e-11	2.5778e-10	1.3422e-11	1.504e-11	9.1118e-12
174.887	0.35414	0.068634	0.00025684	0.00011619	0.00053128	0.0017701	0.00046161	0.0016616	4.0291e-05	0.00027585	6.1737e-05	0.00035548	6.6391e-05	0.00023971	1.0083e-05	4.1757e-05	8.7547e-06	1.6815e-05	1.5944e-05	4.5087e-05	8.8888e-06	3.1617e-05	1.7328e-05	3.2858e-05	2.0315e-05	0.00017381	9.0599e-07	7.9984e-06	1.1922e-07	1.5392e-07	1.151e-08	2.487e-08	1.5814e-09	9.3106e-09	1.7268e-09	4.8391e-09	1.5722e-09	5.1783e-09	1.1566e-09	2.8473e-09	5.1492e-10	1.4422e-09	1.6903e-10	5.5289e-10	2.8497e-10	8.223e-10	2.6746e-10	7.1875e-10	1.5816e-10	8.4799e-10	1.7892e-10	1.0409e-09	1.9899e-10	4.9125e-10	1.1795e-10	1.2232e-09	1.0928e-10	3.2659e-10	7.7723e-11	2.898e-10	3.4292e-11	3.2714e-10	5.621e-11	2.5576e-10	6.3838e-11	2.5593e-10	9.6882e-11	1.6082e-10	3.2846e-11	1.6291e-10	2.3772e-11	1.484e-10	1.3374e-11	1.4853e-10	5.1331e-11	2.2071e-10	1.4515e-10	2.7582e-10	5.142e-11	9.0196e-11	2.7683e-11	2.5853e-10	1.3461e-11	1.5084e-11	9.1403e-12
177.317	0.35649	0.068723	0.00025767	0.00011704	0.00053348	0.0017733	0.00046315	0.0016643	4.0432e-05	0.00027643	6.1897e-05	0.00035617	6.6542e-05	0.00024025	1.0135e-05	4.192e-05	8.8221e-06	1.6938e-05	1.6036e-05	4.5198e-05	8.918e-06	3.1708e-05	1.7344e-05	3.2926e-05	2.0344e-05	0.00017432	9.1188e-07	8.0283e-06	1.1957e-07	1.5438e-07	1.1538e-08	2.4925e-08	1.5848e-09	9.3373e-09	1.7302e-09	4.853e-09	1.5766e-09	5.1916e-09	1.1589e-09	2.853e-09	5.1609e-10	1.4451e-09	1.6936e-10	5.5407e-10	2.8554e-10	8.2465e-10	2.68e-10	7.2019e-10	1.5847e-10	8.4969e-10	1.7929e-10	1.0431e-09	1.994e-10	4.9262e-10	1.183e-10	1.2258e-09	1.0955e-10	3.2756e-10	7.7883e-11	2.9054e-10	3.4362e-11	3.2811e-10	5.6375e-11	2.563e-10	6.3973e-11	2.5648e-10	9.709e-11	1.6116e-10	3.2915e-11	1.6332e-10	2.3825e-11	1.4881e-10	1.3411e-11	1.4895e-10	5.1474e-11	2.2133e-10	1.4556e-10	2.7659e-10	5.1564e-11	9.0449e-11	2.7761e-11	2.5926e-10	1.3498e-11	1.5134e-11	9.1706e-12
179.782	0.35882	0.068829	0.00025843	0.00011785	0.00053563	0.001777	0.00046481	0.0016675	4.057e-05	0.00027697	6.2034e-05	0.00035677	6.6689e-05	0.0002408	1.0189e-05	4.209e-05	8.8876e-06	1.706e-05	1.6132e-05	4.5316e-05	8.9468e-06	3.1795e-05	1.7359e-05	3.299e-05	2.036e-05	0.00017481	9.1755e-07	8.0546e-06	1.1985e-07	1.5481e-07	1.1563e-08	2.4972e-08	1.5878e-09	9.3563e-09	1.734e-09	4.8613e-09	1.5809e-09	5.2059e-09	1.1612e-09	2.8589e-09	5.1706e-10	1.4483e-09	1.697e-10	5.556e-10	2.8622e-10	8.2677e-10	2.6874e-10	7.2144e-10	1.5874e-10	8.5135e-10	1.7974e-10	1.0456e-09	1.9997e-10	4.936e-10	1.186e-10	1.2287e-09	1.0977e-10	3.2839e-10	7.8082e-11	2.9137e-10	3.4431e-11	3.288e-10	5.6529e-11	2.5695e-10	6.4108e-11	2.5717e-10	9.735e-11	1.6158e-10	3.2988e-11	1.6376e-10	2.3889e-11	1.4921e-10	1.3447e-11	1.4935e-10	5.1613e-11	2.2193e-10	1.4595e-10	2.7734e-10	5.1703e-11	9.0694e-11	2.7837e-11	2.5997e-10	1.3535e-11	1.518e-11	9.1945e-12
182.28	0.36114	0.068926	0.00025894	0.00011863	0.00053772	0.0017804	0.00046641	0.0016705	4.0712e-05	0.00027745	6.2158e-05	0.00035733	6.6811e-05	0.00024131	1.0242e-05	4.2252e-05	8.9503e-06	1.7182e-05	1.6229e-05	4.5426e-05	8.9747e-06	3.1863e-05	1.7373e-05	3.3046e-05	2.0375e-05	0.00017529	9.2275e-07	8.0803e-06	1.2011e-07	1.5514e-07	1.1583e-08	2.5028e-08	1.5915e-09	9.3714e-09	1.7386e-09	4.8693e-09	1.5835e-09	5.2157e-09	1.1643e-09	2.8665e-09	5.1815e-10	1.4522e-09	1.7015e-10	5.5694e-10	2.8698e-10	8.281e-10	2.6942e-10	7.2276e-10	1.5904e-10	8.5361e-10	1.8023e-10	1.0483e-09	2.0049e-10	4.9467e-10	1.1882e-10	1.2319e-09	1.1003e-10	3.2901e-10	7.8297e-11	2.9199e-10	3.4526e-11	3.2944e-10	5.6636e-11	2.5762e-10	6.4273e-11	2.5784e-10	9.7602e-11	1.62e-10	3.3073e-11	1.6418e-10	2.3951e-11	1.496e-10	1.3482e-11	1.4974e-10	5.1747e-11	2.2251e-10	1.4633e-10	2.7807e-10	5.1838e-11	9.0932e-11	2.7911e-11	2.6068e-10	1.3571e-11	1.5213e-11	9.215e-12
184.813	0.36344	0.069006	0.00025945	0.00011946	0.00053944	0.0017835	0.0004679	0.001673	4.085e-05	0.00027792	6.2283e-05	0.00035795	6.692e-05	0.00024177	1.0291e-05	4.2407e-05	9.0131e-06	1.7298e-05	1.632e-05	4.5527e-05	9.0019e-06	3.1925e-05	1.7383e-05	3.3084e-05	2.0388e-05	0.00017574	9.2789e-07	8.1069e-06	1.2036e-07	1.5546e-07	1.1607e-08	2.5092e-08	1.5955e-09	9.3874e-09	1.7423e-09	4.8778e-09	1.586e-09	5.2236e-09	1.167e-09	2.873e-09	5.1947e-10	1.4551e-09	1.7055e-10	5.5778e-10	2.8752e-10	8.2942e-10	2.6983e-10	7.2407e-10	1.5934e-10	8.5583e-10	1.8059e-10	1.0509e-09	2.0085e-10	4.959e-10	1.1908e-10	1.235e-09	1.1031e-10	3.2973e-10	7.8448e-11	2.9252e-10	3.4611e-11	3.3026e-10	5.6751e-11	2.5826e-10	6.4434e-11	2.5848e-10	9.7847e-11	1.6241e-10	3.3156e-11	1.646e-10	2.4011e-11	1.4998e-10	1.3516e-11	1.5012e-10	5.1878e-11	2.2308e-10	1.4671e-10	2.7877e-10	5.197e-11	9.1172e-11	2.7995e-11	2.6147e-10	1.361e-11	1.5242e-11	9.2305e-12
187.382	0.36573	0.069082	0.00025998	0.00012032	0.00054111	0.0017864	0.00046934	0.0016754	4.0985e-05	0.00027846	6.2408e-05	0.00035859	6.7032e-05	0.00024225	1.0338e-05	4.2561e-05	9.0765e-06	1.741e-05	1.6407e-05	4.5628e-05	9.0244e-06	3.1985e-05	1.7386e-05	3.312e-05	2.0398e-05	0.00017609	9.3296e-07	8.1329e-06	1.206e-07	1.5577e-07	1.1635e-08	2.5138e-08	1.5983e-09	9.403e-09	1.7447e-09	4.8871e-09	1.5886e-09	5.2321e-09	1.1687e-09	2.8771e-09	5.2052e-10	1.4572e-09	1.7079e-10	5.5862e-10	2.8793e-10	8.3079e-10	2.7023e-10	7.2592e-10	1.5974e-10	8.5728e-10	1.809e-10	1.0535e-09	2.0124e-10	4.9709e-10	1.1937e-10	1.238e-09	1.1057e-10	3.3051e-10	7.8584e-11	2.932e-10	3.467e-11	3.3105e-10	5.6887e-11	2.5889e-10	6.4589e-11	2.5911e-10	9.8084e-11	1.628e-10	3.3236e-11	1.65e-10	2.4069e-11	1.5035e-10	1.3549e-11	1.5048e-10	5.2004e-11	2.2372e-10	1.4711e-10	2.7957e-10	5.2108e-11	9.1438e-11	2.8068e-11	2.621e-10	1.3649e-11	1.5266e-11	9.2452e-12
189.986	0.36799	0.069177	0.00026059	0.00012109	0.00054273	0.0017898	0.00047093	0.0016783	4.1116e-05	0.00027897	6.2527e-05	0.00035912	6.7143e-05	0.00024277	1.0387e-05	4.2725e-05	9.1392e-06	1.7529e-05	1.6495e-05	4.5738e-05	9.0444e-06	3.2041e-05	1.7392e-05	3.3152e-05	2.0399e-05	0.00017641	9.3784e-07	8.1583e-06	1.2079e-07	1.5606e-07	1.1657e-08	2.5171e-08	1.6004e-09	9.4256e-09	1.7473e-09	4.899e-09	1.5914e-09	5.2403e-09	1.1703e-09	2.8811e-09	5.212e-10	1.4593e-09	1.7103e-10	5.5949e-10	2.8836e-10	8.3242e-10	2.7065e-10	7.2755e-10	1.6009e-10	8.588e-10	1.8131e-10	1.0559e-09	2.017e-10	4.9824e-10	1.1964e-10	1.2408e-09	1.1083e-10	3.3127e-10	7.8763e-11	2.9387e-10	3.4735e-11	3.3181e-10	5.7017e-11	2.5949e-10	6.4739e-11	2.5972e-10	9.8313e-11	1.6318e-10	3.3313e-11	1.6541e-10	2.4126e-11	1.5075e-10	1.3585e-11	1.5091e-10	5.2148e-11	2.243e-10	1.4752e-10	2.8031e-10	5.2254e-11	9.1654e-11	2.8122e-11	2.6261e-10	1.3675e-11	1.5289e-11	9.259e-12
192.626	0.37024	0.069266	0.0002613	0.00012181	0.00054428	0.001793	0.00047247	0.0016811	4.1222e-05	0.00027935	6.2641e-05	0.00035955	6.7248e-05	0.00024324	1.0435e-05	4.2884e-05	9.2013e-06	1.7653e-05	1.6583e-05	4.5843e-05	9.0636e-06	3.2082e-05	1.7406e-05	3.3177e-05	2.0404e-05	0.00017673	9.4237e-07	8.183e-06	1.2095e-07	1.5627e-07	1.1671e-08	2.5206e-08	1.6027e-09	9.4468e-09	1.7498e-09	4.9087e-09	1.5951e-09	5.2526e-09	1.172e-09	2.8853e-09	5.219e-10	1.4614e-09	1.7128e-10	5.6055e-10	2.8878e-10	8.3437e-10	2.7113e-10	7.2864e-10	1.6033e-10	8.6067e-10	1.817e-10	1.0585e-09	2.0214e-10	4.9935e-10	1.1991e-10	1.2438e-09	1.1107e-10	3.3201e-10	7.8936e-11	2.9452e-10	3.481e-11	3.3255e-10	5.7143e-11	2.6013e-10	6.4884e-11	2.6039e-10	9.8569e-11	1.636e-10	3.3389e-11	1.6586e-10	2.419e-11	1.5116e-10	1.3622e-11	1.5128e-10	5.228e-11	2.2471e-10	1.478e-10	2.8082e-10	5.2361e-11	9.1821e-11	2.8165e-11	2.6299e-10	1.3698e-11	1.5311e-11	9.2736e-12
195.303	0.37246	0.069324	0.00026184	0.00012254	0.00054557	0.0017954	0.0004738	0.0016832	4.132e-05	0.0002797	6.2728e-05	0.00035998	6.7347e-05	0.00024362	1.0482e-05	4.3023e-05	9.2615e-06	1.7763e-05	1.6669e-05	4.5928e-05	9.0818e-06	3.2119e-05	1.7412e-05	3.3189e-05	2.0419e-05	0.00017701	9.4712e-07	8.2025e-06	1.212e-07	1.565e-07	1.1686e-08	2.524e-08	1.6048e-09	9.46e-09	1.7532e-09	4.9156e-09	1.5982e-09	5.2636e-09	1.1741e-09	2.8906e-09	5.2261e-10	1.4644e-09	1.7158e-10	5.6182e-10	2.8941e-10	8.3581e-10	2.7174e-10	7.2987e-10	1.6061e-10	8.6248e-10	1.8209e-10	1.0612e-09	2.0257e-10	5.0045e-10	1.2016e-10	1.247e-09	1.1134e-10	3.3272e-10	7.9102e-11	2.9514e-10	3.4884e-11	3.3326e-10	5.7265e-11	2.6082e-10	6.5049e-11	2.6106e-10	9.8821e-11	1.6403e-10	3.3476e-11	1.662e-10	2.4249e-11	1.5142e-10	1.3646e-11	1.5154e-10	5.237e-11	2.2504e-10	1.4804e-10	2.8125e-10	5.245e-11	9.1946e-11	2.8201e-11	2.6333e-10	1.3716e-11	1.5335e-11	9.2882e-12
198.017	0.3747	0.069373	0.00026228	0.00012327	0.00054686	0.0017976	0.00047506	0.001685	4.1413e-05	0.00028009	6.2791e-05	0.00036043	6.7415e-05	0.00024399	1.0528e-05	4.3159e-05	9.3165e-06	1.7866e-05	1.6754e-05	4.6008e-05	9.0964e-06	3.2179e-05	1.7405e-05	3.3209e-05	2.0424e-05	0.00017722	9.5231e-07	8.2208e-06	1.2145e-07	1.5682e-07	1.1701e-08	2.5292e-08	1.6082e-09	9.4743e-09	1.757e-09	4.9241e-09	1.6002e-09	5.2704e-09	1.1766e-09	2.8969e-09	5.2359e-10	1.4676e-09	1.7195e-10	5.627e-10	2.9001e-10	8.369e-10	2.722e-10	7.3132e-10	1.6093e-10	8.6422e-10	1.8245e-10	1.0633e-09	2.0298e-10	5.0171e-10	1.2043e-10	1.2495e-09	1.1162e-10	3.3344e-10	7.9262e-11	2.9574e-10	3.4954e-11	3.3406e-10	5.7384e-11	2.6128e-10	6.5203e-11	2.6148e-10	9.8981e-11	1.643e-10	3.355e-11	1.6647e-10	2.4288e-11	1.5164e-10	1.3666e-11	1.5174e-10	5.2443e-11	2.2531e-10	1.4821e-10	2.8158e-10	5.2511e-11	9.2055e-11	2.8235e-11	2.6364e-10	1.3732e-11	1.5364e-11	9.3086e-12
200.769	0.37693	0.069428	0.00026284	0.00012409	0.0005485	0.0018	0.00047636	0.001687	4.1503e-05	0.00028045	6.2848e-05	0.00036084	6.746e-05	0.00024438	1.0567e-05	4.33e-05	9.3707e-06	1.797e-05	1.6833e-05	4.6094e-05	9.1092e-06	3.2234e-05	1.7398e-05	3.3244e-05	2.0414e-05	0.00017745	9.5694e-07	8.2384e-06	1.2157e-07	1.5708e-07	1.1722e-08	2.5343e-08	1.6114e-09	9.4922e-09	1.7593e-09	4.9334e-09	1.6028e-09	5.2781e-09	1.1784e-09	2.901e-09	5.2467e-10	1.4694e-09	1.7221e-10	5.6338e-10	2.9036e-10	8.3837e-10	2.7253e-10	7.3272e-10	1.6124e-10	8.6588e-10	1.8281e-10	1.0649e-09	2.0339e-10	5.0273e-10	1.2072e-10	1.2514e-09	1.1181e-10	3.3425e-10	7.9416e-11	2.9641e-10	3.5021e-11	3.3485e-10	5.7523e-11	2.6166e-10	6.5303e-11	2.6183e-10	9.9115e-11	1.6453e-10	3.3601e-11	1.6665e-10	2.4319e-11	1.5181e-10	1.3681e-11	1.5191e-10	5.25e-11	2.2556e-10	1.4838e-10	2.8189e-10	5.2569e-11	9.2156e-11	2.8269e-11	2.6397e-10	1.3747e-11	1.5396e-11	9.3233e-12
203.559	0.37913	0.069479	0.0002634	0.00012489	0.00054995	0.0018022	0.00047764	0.0016889	4.1573e-05	0.00028078	6.2899e-05	0.00036122	6.7499e-05	0.00024474	1.0605e-05	4.3438e-05	9.4241e-06	1.8074e-05	1.6904e-05	4.6175e-05	9.1273e-06	3.2254e-05	1.7391e-05	3.3258e-05	2.0404e-05	0.00017779	9.6095e-07	8.2553e-06	1.2167e-07	1.5721e-07	1.1745e-08	2.537e-08	1.6131e-09	9.5093e-09	1.7613e-09	4.9423e-09	1.6057e-09	5.2876e-09	1.1797e-09	2.9042e-09	5.253e-10	1.4712e-09	1.724e-10	5.6433e-10	2.9073e-10	8.3987e-10	2.7297e-10	7.3405e-10	1.6153e-10	8.6748e-10	1.8321e-10	1.066e-09	2.0386e-10	5.0345e-10	1.2093e-10	1.2527e-09	1.1197e-10	3.3485e-10	7.9591e-11	2.9709e-10	3.5088e-11	3.3532e-10	5.7636e-11	2.6192e-10	6.5382e-11	2.6209e-10	9.9213e-11	1.6469e-10	3.3639e-11	1.6682e-10	2.4343e-11	1.5196e-10	1.3694e-11	1.5206e-10	5.2552e-11	2.258e-10	1.4852e-10	2.8218e-10	5.2621e-11	9.226e-11	2.8304e-11	2.643e-10	1.3765e-11	1.5409e-11	9.3309e-12
206.388	0.38131	0.069524	0.00026395	0.00012559	0.0005509	0.0018043	0.00047886	0.0016906	4.1636e-05	0.0002811	6.2929e-05	0.00036149	6.7532e-05	0.00024509	1.0642e-05	4.3571e-05	9.4756e-06	1.8191e-05	1.6974e-05	4.6252e-05	9.146e-06	3.2273e-05	1.7393e-05	3.3251e-05	2.0395e-05	0.00017803	9.65e-07	8.2682e-06	1.2179e-07	1.5734e-07	1.1757e-08	2.54e-08	1.6151e-09	9.5257e-09	1.7643e-09	4.9509e-09	1.6084e-09	5.2966e-09	1.1816e-09	2.909e-09	5.2586e-10	1.4736e-09	1.7267e-10	5.6529e-10	2.9122e-10	8.4131e-10	2.7343e-10	7.3532e-10	1.6181e-10	8.694e-10	1.8361e-10	1.0669e-09	2.0424e-10	5.0395e-10	1.2109e-10	1.2538e-09	1.1207e-10	3.3529e-10	7.9763e-11	2.975e-10	3.5166e-11	3.357e-10	5.7713e-11	2.6215e-10	6.5439e-11	2.6232e-10	9.9302e-11	1.6484e-10	3.3669e-11	1.6697e-10	2.4365e-11	1.5209e-10	1.3707e-11	1.5221e-10	5.2603e-11	2.2606e-10	1.4869e-10	2.8251e-10	5.2679e-11	9.2367e-11	2.8352e-11	2.6478e-10	1.3785e-11	1.5422e-11	9.3397e-12
209.257	0.38331	0.069564	0.00026447	0.0001263	0.00055183	0.0018063	0.00048005	0.0016922	4.173e-05	0.00028123	6.2942e-05	0.00036158	6.754e-05	0.0002454	1.0677e-05	4.3701e-05	9.5233e-06	1.8306e-05	1.7042e-05	4.6325e-05	9.155e-06	3.2294e-05	1.7399e-05	3.3245e-05	2.0396e-05	0.00017814	9.6906e-07	8.2804e-06	1.2192e-07	1.5748e-07	1.1769e-08	2.5441e-08	1.6177e-09	9.5413e-09	1.7671e-09	4.959e-09	1.6111e-09	5.3052e-09	1.1835e-09	2.9136e-09	5.2669e-10	1.476e-09	1.7295e-10	5.6621e-10	2.9169e-10	8.4268e-10	2.7387e-10	7.366e-10	1.621e-10	8.7102e-10	1.8384e-10	1.0678e-09	2.0449e-10	5.0434e-10	1.2119e-10	1.2548e-09	1.1216e-10	3.3557e-10	7.9861e-11	2.9784e-10	3.5227e-11	3.3597e-10	5.7766e-11	2.6237e-10	6.5492e-11	2.6254e-10	9.9384e-11	1.6497e-10	3.3696e-11	1.6713e-10	2.4386e-11	1.5226e-10	1.3721e-11	1.5237e-10	5.2659e-11	2.264e-10	1.4889e-10	2.8293e-10	5.2741e-11	9.2526e-11	2.8399e-11	2.6516e-10	1.381e-11	1.5435e-11	9.348e-12
212.165	0.38523	0.069562	0.00026498	0.00012707	0.00055278	0.0018071	0.00048095	0.0016929	4.1818e-05	0.00028131	6.2983e-05	0.00036164	6.7532e-05	0.00024555	1.0707e-05	4.3801e-05	9.5731e-06	1.8405e-05	1.7105e-05	4.6367e-05	9.1622e-06	3.2322e-05	1.7389e-05	3.3239e-05	2.0401e-05	0.00017826	9.7367e-07	8.2987e-06	1.2212e-07	1.5768e-07	1.1786e-08	2.5479e-08	1.6201e-09	9.5564e-09	1.7698e-09	4.9676e-09	1.6135e-09	5.3133e-09	1.1852e-09	2.9181e-09	5.2749e-10	1.4783e-09	1.7321e-10	5.6707e-10	2.9214e-10	8.4398e-10	2.7429e-10	7.3809e-10	1.6243e-10	8.72e-10	1.8402e-10	1.0687e-09	2.0465e-10	5.047e-10	1.2127e-10	1.2559e-09	1.1224e-10	3.358e-10	7.9937e-11	2.9804e-10	3.5267e-11	3.362e-10	5.7806e-11	2.6261e-10	6.5541e-11	2.6279e-10	9.9479e-11	1.6513e-10	3.3723e-11	1.6729e-10	2.441e-11	1.5245e-10	1.3738e-11	1.5259e-10	5.2732e-11	2.2678e-10	1.4914e-10	2.8341e-10	5.283e-11	9.2651e-11	2.8414e-11	2.653e-10	1.3819e-11	1.5448e-11	9.3555e-12
215.113	0.38712	0.069546	0.00026553	0.00012782	0.00055393	0.0018076	0.00048174	0.0016931	4.186e-05	0.00028138	6.3037e-05	0.00036167	6.756e-05	0.00024568	1.0737e-05	4.3895e-05	9.6273e-06	1.8507e-05	1.7163e-05	4.6402e-05	9.1705e-06	3.2365e-05	1.7377e-05	3.3252e-05	2.039e-05	0.00017838	9.7842e-07	8.3152e-06	1.2227e-07	1.5792e-07	1.1803e-08	2.5515e-08	1.6224e-09	9.5749e-09	1.7724e-09	4.9772e-09	1.6162e-09	5.3214e-09	1.1869e-09	2.9222e-09	5.2824e-10	1.4804e-09	1.7346e-10	5.6789e-10	2.9256e-10	8.4544e-10	2.7469e-10	7.3919e-10	1.6266e-10	8.7266e-10	1.8413e-10	1.0697e-09	2.0477e-10	5.0507e-10	1.2135e-10	1.257e-09	1.1233e-10	3.36e-10	7.9984e-11	2.9822e-10	3.5291e-11	3.3642e-10	5.7841e-11	2.6288e-10	6.5598e-11	2.6312e-10	9.96e-11	1.6532e-10	3.3752e-11	1.6756e-10	2.4442e-11	1.5269e-10	1.376e-11	1.5282e-10	5.2817e-11	2.2687e-10	1.4925e-10	2.8354e-10	5.288e-11	9.269e-11	2.843e-11	2.6546e-10	1.3826e-11	1.5461e-11	9.3657e-12
218.103	0.38897	0.069523	0.00026611	0.00012856	0.00055526	0.0018079	0.00048249	0.0016932	4.1899e-05	0.00028141	6.3034e-05	0.00036161	6.7598e-05	0.00024579	1.0774e-05	4.3986e-05	9.6758e-06	1.8615e-05	1.7227e-05	4.6434e-05	9.1795e-06	3.2389e-05	1.7375e-05	3.3269e-05	2.0374e-05	0.00017858	9.8227e-07	8.3232e-06	1.2234e-07	1.5805e-07	1.1819e-08	2.555e-08	1.6246e-09	9.5891e-09	1.7748e-09	4.9832e-09	1.6191e-09	5.3312e-09	1.1886e-09	2.9262e-09	5.2894e-10	1.4824e-09	1.7369e-10	5.6884e-10	2.9296e-10	8.4699e-10	2.7513e-10	7.3988e-10	1.6281e-10	8.7309e-10	1.8422e-10	1.0713e-09	2.0488e-10	5.0545e-10	1.2143e-10	1.2589e-09	1.1242e-10	3.3623e-10	8.0025e-11	2.9837e-10	3.5308e-11	3.3668e-10	5.7876e-11	2.6327e-10	6.5676e-11	2.6351e-10	9.975e-11	1.6557e-10	3.3796e-11	1.6773e-10	2.4478e-11	1.5278e-10	1.3768e-11	1.5287e-10	5.2834e-11	2.2697e-10	1.4931e-10	2.8366e-10	5.2898e-11	9.2737e-11	2.8446e-11	2.6562e-10	1.3834e-11	1.5478e-11	9.3773e-12
221.134	0.39084	0.069495	0.00026645	0.00012929	0.00055619	0.0018081	0.00048318	0.0016931	4.1941e-05	0.00028131	6.3009e-05	0.00036142	6.7568e-05	0.00024586	1.0808e-05	4.4072e-05	9.7178e-06	1.8723e-05	1.7296e-05	4.6461e-05	9.1941e-06	3.2398e-05	1.737e-05	3.3255e-05	2.037e-05	0.00017883	9.8609e-07	8.331e-06	1.2246e-07	1.5813e-07	1.1833e-08	2.5582e-08	1.6267e-09	9.5971e-09	1.7777e-09	4.9873e-09	1.6209e-09	5.3383e-09	1.1904e-09	2.9308e-09	5.2961e-10	1.4849e-09	1.7396e-10	5.6983e-10	2.9347e-10	8.4779e-10	2.7561e-10	7.4023e-10	1.6288e-10	8.7345e-10	1.843e-10	1.0722e-09	2.0499e-10	5.0611e-10	1.2151e-10	1.2601e-09	1.1258e-10	3.3646e-10	8.006e-11	2.9857e-10	3.5323e-11	3.3703e-10	5.7915e-11	2.6345e-10	6.5769e-11	2.636e-10	9.9787e-11	1.6565e-10	3.3838e-11	1.6777e-10	2.4484e-11	1.5282e-10	1.3772e-11	1.5293e-10	5.2852e-11	2.2709e-10	1.4938e-10	2.838e-10	5.2923e-11	9.2783e-11	2.8461e-11	2.6576e-10	1.3841e-11	1.55e-11	9.3917e-12
224.207	0.39268	0.069434	0.00026671	0.00013002	0.00055691	0.0018074	0.00048365	0.0016924	4.1993e-05	0.00028119	6.2989e-05	0.00036137	6.752e-05	0.00024582	1.0831e-05	4.4136e-05	9.7601e-06	1.8828e-05	1.735e-05	4.6464e-05	9.2045e-06	3.242e-05	1.7364e-05	3.3241e-05	2.0365e-05	0.00017892	9.9038e-07	8.3393e-06	1.226e-07	1.5831e-07	1.1847e-08	2.5624e-08	1.6294e-09	9.6011e-09	1.7804e-09	4.9888e-09	1.6221e-09	5.3422e-09	1.1924e-09	2.9356e-09	5.3044e-10	1.487e-09	1.7425e-10	5.7027e-10	2.9385e-10	8.4834e-10	2.7585e-10	7.4045e-10	1.6293e-10	8.738e-10	1.844e-10	1.0723e-09	2.051e-10	5.0662e-10	1.2167e-10	1.2602e-09	1.1266e-10	3.369e-10	8.0106e-11	2.9882e-10	3.5338e-11	3.3747e-10	5.7983e-11	2.6349e-10	6.5778e-11	2.6366e-10	9.9808e-11	1.6568e-10	3.3842e-11	1.6783e-10	2.449e-11	1.5288e-10	1.3778e-11	1.5299e-10	5.2873e-11	2.2718e-10	1.4944e-10	2.8391e-10	5.2944e-11	9.2821e-11	2.8479e-11	2.6595e-10	1.3848e-11	1.5522e-11	9.4037e-12
227.323	0.39449	0.069364	0.00026686	0.0001308	0.00055792	0.0018064	0.00048404	0.0016913	4.2063e-05	0.00028127	6.2969e-05	0.00036143	6.7481e-05	0.00024582	1.0854e-05	4.4201e-05	9.8022e-06	1.8932e-05	1.7397e-05	4.6468e-05	9.2092e-06	3.2444e-05	1.7357e-05	3.3242e-05	2.0358e-05	0.00017899	9.9459e-07	8.3502e-06	1.2272e-07	1.5847e-07	1.1865e-08	2.5656e-08	1.6313e-09	9.6031e-09	1.7815e-09	4.9898e-09	1.6225e-09	5.3438e-09	1.1932e-09	2.9375e-09	5.3118e-10	1.488e-09	1.7437e-10	5.7057e-10	2.9404e-10	8.485e-10	2.7601e-10	7.4061e-10	1.6296e-10	8.7422e-10	1.8455e-10	1.0726e-09	2.0533e-10	5.0663e-10	1.2175e-10	1.2606e-09	1.1266e-10	3.3714e-10	8.0174e-11	2.9918e-10	3.5355e-11	3.3751e-10	5.8038e-11	2.6356e-10	6.5787e-11	2.6374e-10	9.9837e-11	1.6573e-10	3.3848e-11	1.6788e-10	2.4497e-11	1.5293e-10	1.3782e-11	1.5303e-10	5.2889e-11	2.273e-10	1.4949e-10	2.8405e-10	5.2961e-11	9.2881e-11	2.8503e-11	2.6619e-10	1.386e-11	1.5539e-11	9.4167e-12
230.482	0.39626	0.069345	0.00026698	0.00013151	0.00055891	0.0018069	0.00048478	0.0016914	4.2109e-05	0.00028128	6.2995e-05	0.00036121	6.7445e-05	0.00024595	1.0877e-05	4.4294e-05	9.8502e-06	1.9036e-05	1.7445e-05	4.6503e-05	9.2168e-06	3.2464e-05	1.7348e-05	3.324e-05	2.0349e-05	0.00017915	9.9871e-07	8.3645e-06	1.2284e-07	1.5862e-07	1.188e-08	2.567e-08	1.6322e-09	9.6042e-09	1.7821e-09	4.9904e-09	1.6226e-09	5.3443e-09	1.1937e-09	2.9387e-09	5.3147e-10	1.4884e-09	1.7445e-10	5.7062e-10	2.9411e-10	8.4859e-10	2.7604e-10	7.408e-10	1.6301e-10	8.7502e-10	1.8476e-10	1.0728e-09	2.055e-10	5.0669e-10	1.2175e-10	1.2608e-09	1.1268e-10	3.3712e-10	8.0264e-11	2.9924e-10	3.5392e-11	3.3752e-10	5.8034e-11	2.6362e-10	6.5801e-11	2.6379e-10	9.9858e-11	1.6576e-10	3.3855e-11	1.6791e-10	2.4502e-11	1.5297e-10	1.3786e-11	1.531e-10	5.291e-11	2.2746e-10	1.496e-10	2.8426e-10	5.2997e-11	9.2955e-11	2.8538e-11	2.6653e-10	1.3875e-11	1.5568e-11	9.436e-12
233.685	0.39793	0.069316	0.00026708	0.00013214	0.00055985	0.0018069	0.00048546	0.0016915	4.2133e-05	0.000281	6.3e-05	0.00036082	6.7454e-05	0.00024595	1.0904e-05	4.4371e-05	9.8991e-06	1.9146e-05	1.7492e-05	4.6521e-05	9.2259e-06	3.2482e-05	1.7345e-05	3.3235e-05	2.0338e-05	0.0001793	1.0028e-06	8.3733e-06	1.2294e-07	1.5875e-07	1.1885e-08	2.5673e-08	1.6324e-09	9.6055e-09	1.7821e-09	4.9915e-09	1.6227e-09	5.3445e-09	1.1937e-09	2.9387e-09	5.3159e-10	1.4884e-09	1.7445e-10	5.7063e-10	2.9411e-10	8.4862e-10	2.7604e-10	7.4102e-10	1.6306e-10	8.7577e-10	1.8476e-10	1.073e-09	2.0546e-10	5.0675e-10	1.2176e-10	1.261e-09	1.1269e-10	3.3714e-10	8.0258e-11	2.9921e-10	3.5415e-11	3.3756e-10	5.8035e-11	2.6365e-10	6.5808e-11	2.6386e-10	9.9882e-11	1.6579e-10	3.3859e-11	1.68e-10	2.451e-11	1.5307e-10	1.3794e-11	1.532e-10	5.2944e-11	2.2771e-10	1.4974e-10	2.8455e-10	5.3041e-11	9.3063e-11	2.8568e-11	2.6679e-10	1.389e-11	1.5589e-11	9.4413e-12
236.933	0.39957	0.069212	0.00026721	0.0001327	0.00056073	0.0018051	0.0004856	0.0016896	4.2176e-05	0.00028073	6.2958e-05	0.00036046	6.7435e-05	0.00024577	1.0935e-05	4.4409e-05	9.9385e-06	1.9246e-05	1.7553e-05	4.6497e-05	9.2342e-06	3.2497e-05	1.7338e-05	3.3228e-05	2.0334e-05	0.00017943	1.0067e-06	8.3787e-06	1.2307e-07	1.5887e-07	1.1886e-08	2.5671e-08	1.6322e-09	9.6073e-09	1.782e-09	4.993e-09	1.6229e-09	5.3448e-09	1.1936e-09	2.9384e-09	5.3154e-10	1.4883e-09	1.7443e-10	5.706e-10	2.9409e-10	8.4876e-10	2.7602e-10	7.4167e-10	1.6321e-10	8.7554e-10	1.8472e-10	1.0735e-09	2.0545e-10	5.0676e-10	1.2176e-10	1.2615e-09	1.127e-10	3.3714e-10	8.0245e-11	2.9921e-10	3.5406e-11	3.3756e-10	5.8035e-11	2.6379e-10	6.5822e-11	2.64e-10	9.9936e-11	1.6588e-10	3.3869e-11	1.6812e-10	2.4523e-11	1.532e-10	1.3806e-11	1.5336e-10	5.2995e-11	2.2793e-10	1.4989e-10	2.8484e-10	5.3098e-11	9.3147e-11	2.8592e-11	2.6706e-10	1.3902e-11	1.559e-11	9.4432e-12
240.226	0.40117	0.069106	0.0002674	0.00013325	0.00056155	0.0018032	0.00048571	0.0016876	4.2221e-05	0.00028047	6.2931e-05	0.00036008	6.7372e-05	0.0002456	1.0958e-05	4.4446e-05	9.978e-06	1.9335e-05	1.7607e-05	4.6472e-05	9.2415e-06	3.2517e-05	1.7316e-05	3.3217e-05	2.0327e-05	0.00017955	1.011e-06	8.3884e-06	1.2321e-07	1.5904e-07	1.1884e-08	2.5667e-08	1.632e-09	9.6143e-09	1.7818e-09	4.9971e-09	1.6232e-09	5.3453e-09	1.1934e-09	2.938e-09	5.3145e-10	1.4882e-09	1.744e-10	5.7064e-10	2.9407e-10	8.4906e-10	2.7604e-10	7.4197e-10	1.6326e-10	8.7536e-10	1.8471e-10	1.0741e-09	2.0543e-10	5.0688e-10	1.2175e-10	1.2622e-09	1.1274e-10	3.3712e-10	8.0237e-11	2.9919e-10	3.54e-11	3.3759e-10	5.8031e-11	2.6397e-10	6.5851e-11	2.6422e-10	1.0002e-10	1.6601e-10	3.3884e-11	1.6828e-10	2.4545e-11	1.5335e-10	1.3819e-11	1.5349e-10	5.3042e-11	2.281e-10	1.5e-10	2.8505e-10	5.3138e-11	9.3232e-11	2.8642e-11	2.6754e-10	1.3922e-11	1.5594e-11	9.4459e-12
243.564	0.40279	0.069005	0.00026768	0.00013378	0.00056251	0.0018015	0.00048585	0.0016858	4.2261e-05	0.0002803	6.292e-05	0.00035999	6.7329e-05	0.00024543	1.0977e-05	4.4485e-05	1.0022e-05	1.9414e-05	1.7648e-05	4.645e-05	9.248e-06	3.2541e-05	1.7289e-05	3.3219e-05	2.0302e-05	0.00017966	1.015e-06	8.398e-06	1.2325e-07	1.592e-07	1.1881e-08	2.5663e-08	1.6317e-09	9.6182e-09	1.7818e-09	4.9974e-09	1.6244e-09	5.3489e-09	1.1934e-09	2.938e-09	5.3134e-10	1.4882e-09	1.744e-10	5.7082e-10	2.9407e-10	8.4969e-10	2.761e-10	7.4163e-10	1.6319e-10	8.752e-10	1.8468e-10	1.075e-09	2.0539e-10	5.0709e-10	1.2178e-10	1.2633e-09	1.1281e-10	3.372e-10	8.0223e-11	2.9916e-10	3.5394e-11	3.3771e-10	5.8039e-11	2.642e-10	6.5903e-11	2.6444e-10	1.001e-10	1.6615e-10	3.3914e-11	1.6839e-10	2.4564e-11	1.5344e-10	1.3828e-11	1.5359e-10	5.3076e-11	2.2846e-10	1.5019e-10	2.8548e-10	5.3196e-11	9.3388e-11	2.8663e-11	2.6765e-10	1.3939e-11	1.5596e-11	9.4455e-12
246.949	0.40448	0.068924	0.00026769	0.00013431	0.00056345	0.0018003	0.00048612	0.0016843	4.2298e-05	0.00028025	6.2903e-05	0.00035982	6.73e-05	0.0002454	1.1002e-05	4.4543e-05	1.0065e-05	1.949e-05	1.7693e-05	4.6447e-05	9.2556e-06	3.2534e-05	1.7256e-05	3.3208e-05	2.0271e-05	0.00017982	1.0182e-06	8.407e-06	1.2325e-07	1.5921e-07	1.1878e-08	2.566e-08	1.6316e-09	9.6129e-09	1.7824e-09	4.9947e-09	1.6243e-09	5.3501e-09	1.1937e-09	2.9388e-09	5.3129e-10	1.4888e-09	1.7444e-10	5.7119e-10	2.9423e-10	8.4945e-10	2.7628e-10	7.4138e-10	1.6313e-10	8.7496e-10	1.8465e-10	1.0757e-09	2.0541e-10	5.0748e-10	1.2183e-10	1.264e-09	1.1289e-10	3.3733e-10	8.0214e-11	2.9924e-10	3.5384e-11	3.3793e-10	5.8056e-11	2.6435e-10	6.5948e-11	2.6458e-10	1.0015e-10	1.6624e-10	3.3936e-11	1.6854e-10	2.4578e-11	1.5364e-10	1.3845e-11	1.5383e-10	5.3154e-11	2.2864e-10	1.5039e-10	2.8573e-10	5.328e-11	9.3418e-11	2.8658e-11	2.6762e-10	1.3937e-11	1.5593e-11	9.4429e-12
250.381	0.40612	0.068873	0.00026762	0.00013484	0.00056383	0.0017998	0.0004866	0.0016837	4.233e-05	0.00027998	6.288e-05	0.00035935	6.7264e-05	0.00024541	1.1026e-05	4.4613e-05	1.0107e-05	1.9564e-05	1.7743e-05	4.6458e-05	9.2646e-06	3.2517e-05	1.7222e-05	3.3174e-05	2.0233e-05	0.00017995	1.0211e-06	8.4153e-06	1.232e-07	1.5917e-07	1.1875e-08	2.5671e-08	1.6323e-09	9.6085e-09	1.7833e-09	4.9928e-09	1.6233e-09	5.3467e-09	1.1943e-09	2.9404e-09	5.3144e-10	1.4894e-09	1.7453e-10	5.7092e-10	2.9429e-10	8.4895e-10	2.7618e-10	7.411e-10	1.6307e-10	8.7489e-10	1.8468e-10	1.0766e-09	2.0545e-10	5.0775e-10	1.2191e-10	1.265e-09	1.1295e-10	3.3756e-10	8.0227e-11	2.9938e-10	3.5384e-11	3.3814e-10	5.8096e-11	2.6461e-10	6.5978e-11	2.6492e-10	1.0028e-10	1.6643e-10	3.3954e-11	1.6879e-10	2.4612e-11	1.538e-10	1.386e-11	1.5391e-10	5.3192e-11	2.2857e-10	1.5035e-10	2.8565e-10	5.3267e-11	9.3399e-11	2.8658e-11	2.6762e-10	1.3936e-11	1.5585e-11	9.439e-12
253.861	0.40773	0.068778	0.00026757	0.00013545	0.00056406	0.0017981	0.00048677	0.0016822	4.237e-05	0.00027963	6.2852e-05	0.00035896	6.7223e-05	0.00024519	1.1048e-05	4.4647e-05	1.0148e-05	1.9639e-05	1.779e-05	4.6431e-05	9.2661e-06	3.2486e-05	1.7188e-05	3.3125e-05	2.0194e-05	0.00017992	1.0236e-06	8.4228e-06	1.2313e-07	1.5908e-07	1.1878e-08	2.5675e-08	1.6324e-09	9.604e-09	1.782e-09	4.9904e-09	1.6225e-09	5.3438e-09	1.1936e-09	2.9385e-09	5.3163e-10	1.4883e-09	1.7444e-10	5.7054e-10	2.9407e-10	8.4854e-10	2.7599e-10	7.4076e-10	1.63e-10	8.7496e-10	1.8476e-10	1.0781e-09	2.0557e-10	5.0802e-10	1.2196e-10	1.2667e-09	1.1304e-10	3.377e-10	8.0265e-11	2.9955e-10	3.539e-11	3.3826e-10	5.8121e-11	2.6494e-10	6.6063e-11	2.6512e-10	1.0036e-10	1.6659e-10	3.4001e-11	1.6877e-10	2.4626e-11	1.5374e-10	1.3855e-11	1.5386e-10	5.3172e-11	2.2855e-10	1.5032e-10	2.8562e-10	5.3255e-11	9.339e-11	2.8651e-11	2.6753e-10	1.3933e-11	1.5582e-11	9.4387e-12
257.389	0.40929	0.068654	0.00026751	0.000136	0.00056406	0.0017958	0.00048671	0.0016798	4.2413e-05	0.00027942	6.2828e-05	0.00035867	6.7176e-05	0.00024497	1.107e-05	4.467e-05	1.0188e-05	1.9713e-05	1.7836e-05	4.6392e-05	9.2642e-06	3.2451e-05	1.7155e-05	3.3069e-05	2.0155e-05	0.00017984	1.026e-06	8.4325e-06	1.2305e-07	1.5897e-07	1.188e-08	2.5653e-08	1.6311e-09	9.5986e-09	1.7807e-09	4.9877e-09	1.6216e-09	5.3408e-09	1.1927e-09	2.9363e-09	5.3118e-10	1.4873e-09	1.7431e-10	5.7021e-10	2.9388e-10	8.4806e-10	2.7583e-10	7.4064e-10	1.6298e-10	8.7538e-10	1.8484e-10	1.0777e-09	2.0564e-10	5.0868e-10	1.2204e-10	1.2665e-09	1.1318e-10	3.379e-10	8.0299e-11	2.9963e-10	3.5407e-11	3.3864e-10	5.8145e-11	2.6482e-10	6.6096e-11	2.65e-10	1.0031e-10	1.6652e-10	3.4007e-11	1.6871e-10	2.4615e-11	1.537e-10	1.3852e-11	1.5383e-10	5.3162e-11	2.2847e-10	1.5028e-10	2.8553e-10	5.3243e-11	9.3352e-11	2.8636e-11	2.6739e-10	1.3927e-11	1.5577e-11	9.4337e-12
260.966	0.41081	0.068565	0.00026744	0.00013643	0.00056401	0.0017943	0.00048689	0.0016781	4.2414e-05	0.0002792	6.2817e-05	0.00035836	6.7137e-05	0.00024487	1.1091e-05	4.4718e-05	1.0231e-05	1.98e-05	1.788e-05	4.638e-05	9.2576e-06	3.2414e-05	1.7129e-05	3.301e-05	2.0118e-05	0.0001797	1.0285e-06	8.4423e-06	1.2298e-07	1.5886e-07	1.1869e-08	2.5634e-08	1.6299e-09	9.5958e-09	1.7795e-09	4.9869e-09	1.6205e-09	5.3373e-09	1.1919e-09	2.9343e-09	5.3076e-10	1.4863e-09	1.7419e-10	5.6984e-10	2.9369e-10	8.4759e-10	2.7565e-10	7.4065e-10	1.6299e-10	8.7562e-10	1.8487e-10	1.0772e-09	2.0572e-10	5.0864e-10	1.2219e-10	1.2659e-09	1.1312e-10	3.3831e-10	8.0312e-11	2.999e-10	3.5415e-11	3.3881e-10	5.8215e-11	2.6471e-10	6.6059e-11	2.6491e-10	1.0028e-10	1.6646e-10	3.399e-11	1.6866e-10	2.4607e-11	1.5364e-10	1.3846e-11	1.5376e-10	5.3139e-11	2.2834e-10	1.502e-10	2.8537e-10	5.3214e-11	9.3292e-11	2.8614e-11	2.6719e-10	1.3916e-11	1.5566e-11	9.4267e-12
264.592	0.41228	0.068476	0.00026746	0.00013687	0.00056392	0.0017928	0.00048707	0.0016766	4.2403e-05	0.00027896	6.2761e-05	0.00035802	6.711e-05	0.00024474	1.1114e-05	4.4762e-05	1.027e-05	1.9875e-05	1.7924e-05	4.6364e-05	9.25e-06	3.2381e-05	1.7103e-05	3.2952e-05	2.0089e-05	0.00017955	1.031e-06	8.4437e-06	1.2294e-07	1.5877e-07	1.1859e-08	2.5614e-08	1.6286e-09	9.5945e-09	1.7782e-09	4.9871e-09	1.6202e-09	5.3354e-09	1.191e-09	2.9321e-09	5.3035e-10	1.4852e-09	1.7406e-10	5.6949e-10	2.9347e-10	8.474e-10	2.7547e-10	7.4087e-10	1.6304e-10	8.7577e-10	1.8504e-10	1.0768e-09	2.0595e-10	5.0835e-10	1.2212e-10	1.2654e-09	1.1306e-10	3.3815e-10	8.039e-11	3.0009e-10	3.5427e-11	3.3859e-10	5.8207e-11	2.646e-10	6.6033e-11	2.6478e-10	1.0023e-10	1.6638e-10	3.3977e-11	1.6855e-10	2.4594e-11	1.5355e-10	1.3838e-11	1.5365e-10	5.3103e-11	2.2814e-10	1.5008e-10	2.8512e-10	5.3171e-11	9.3215e-11	2.8603e-11	2.671e-10	1.3909e-11	1.5553e-11	9.419e-12
268.27	0.41371	0.068382	0.00026755	0.00013731	0.00056389	0.0017912	0.00048721	0.001675	4.2373e-05	0.0002787	6.2679e-05	0.00035765	6.7028e-05	0.00024459	1.1137e-05	4.4802e-05	1.0302e-05	1.9934e-05	1.7973e-05	4.6344e-05	9.2416e-06	3.2356e-05	1.7058e-05	3.2895e-05	2.006e-05	0.0001794	1.034e-06	8.4429e-06	1.2295e-07	1.5874e-07	1.1849e-08	2.5593e-08	1.6273e-09	9.5965e-09	1.7771e-09	4.9881e-09	1.6201e-09	5.3344e-09	1.1902e-09	2.9302e-09	5.299e-10	1.4843e-09	1.7393e-10	5.6931e-10	2.9333e-10	8.4744e-10	2.7538e-10	7.4089e-10	1.6304e-10	8.7666e-10	1.8511e-10	1.076e-09	2.0588e-10	5.081e-10	1.2204e-10	1.2645e-09	1.13e-10	3.3794e-10	8.0412e-11	2.9986e-10	3.5463e-11	3.3842e-10	5.8168e-11	2.644e-10	6.5992e-11	2.6458e-10	1.0016e-10	1.6626e-10	3.3954e-11	1.684e-10	2.4575e-11	1.534e-10	1.3824e-11	1.535e-10	5.3051e-11	2.2802e-10	1.4997e-10	2.8496e-10	5.313e-11	9.3176e-11	2.8583e-11	2.6689e-10	1.3901e-11	1.5539e-11	9.4105e-12
271.998	0.41509	0.068282	0.00026765	0.00013772	0.00056404	0.0017894	0.00048729	0.0016732	4.2339e-05	0.00027841	6.2563e-05	0.0003573	6.6922e-05	0.00024443	1.1148e-05	4.4838e-05	1.0329e-05	1.9995e-05	1.8008e-05	4.632e-05	9.2343e-06	3.234e-05	1.7013e-05	3.2856e-05	2.0009e-05	0.00017926	1.0367e-06	8.4389e-06	1.2283e-07	1.5872e-07	1.1838e-08	2.5578e-08	1.6264e-09	9.596e-09	1.7764e-09	4.9875e-09	1.6202e-09	5.335e-09	1.1897e-09	2.929e-09	5.2955e-10	1.4838e-09	1.7386e-10	5.6931e-10	2.9324e-10	8.4749e-10	2.7536e-10	7.4106e-10	1.6309e-10	8.7644e-10	1.8495e-10	1.075e-09	2.0572e-10	5.077e-10	1.2197e-10	1.2633e-09	1.1291e-10	3.3774e-10	8.0343e-11	2.9967e-10	3.5445e-11	3.3818e-10	5.8134e-11	2.6413e-10	6.5934e-11	2.643e-10	1.0005e-10	1.6608e-10	3.3923e-11	1.6825e-10	2.4549e-11	1.5329e-10	1.3814e-11	1.5341e-10	5.3019e-11	2.2785e-10	1.4988e-10	2.8475e-10	5.3103e-11	9.3093e-11	2.8554e-11	2.6662e-10	1.3887e-11	1.5526e-11	9.4052e-12
275.778	0.41642	0.068177	0.00026767	0.00013818	0.00056427	0.0017875	0.00048733	0.0016712	4.2302e-05	0.00027821	6.2441e-05	0.00035704	6.6783e-05	0.00024425	1.1157e-05	4.4869e-05	1.0354e-05	2.0054e-05	1.8035e-05	4.6291e-05	9.2285e-06	3.2287e-05	1.6969e-05	3.2805e-05	1.9958e-05	0.0001792	1.0384e-06	8.4342e-06	1.2268e-07	1.5851e-07	1.1829e-08	2.5567e-08	1.6258e-09	9.5965e-09	1.7764e-09	4.9894e-09	1.6199e-09	5.3341e-09	1.1896e-09	2.9288e-09	5.2929e-10	1.4838e-09	1.7384e-10	5.6928e-10	2.9324e-10	8.4731e-10	2.7536e-10	7.4168e-10	1.6322e-10	8.7567e-10	1.8482e-10	1.0739e-09	2.0558e-10	5.0717e-10	1.2186e-10	1.262e-09	1.1278e-10	3.3743e-10	8.0289e-11	2.9944e-10	3.5415e-11	3.3785e-10	5.8083e-11	2.6389e-10	6.5858e-11	2.641e-10	9.9973e-11	1.6594e-10	3.3884e-11	1.6815e-10	2.4532e-11	1.5317e-10	1.3804e-11	1.5328e-10	5.2974e-11	2.2759e-10	1.4972e-10	2.8443e-10	5.3043e-11	9.2989e-11	2.8522e-11	2.6632e-10	1.3871e-11	1.5518e-11	9.3991e-12
279.61	0.4177	0.06809	0.00026788	0.00013866	0.00056378	0.0017861	0.00048748	0.0016697	4.2269e-05	0.00027796	6.2313e-05	0.00035654	6.6638e-05	0.00024416	1.1161e-05	4.4917e-05	1.0377e-05	2.0112e-05	1.8052e-05	4.6279e-05	9.2264e-06	3.2229e-05	1.6923e-05	3.2724e-05	1.9908e-05	0.00017912	1.0401e-06	8.4292e-06	1.2254e-07	1.5831e-07	1.1822e-08	2.5565e-08	1.6257e-09	9.6036e-09	1.7761e-09	4.9919e-09	1.6203e-09	5.3344e-09	1.1894e-09	2.9283e-09	5.2924e-10	1.4835e-09	1.7382e-10	5.691e-10	2.9317e-10	8.4773e-10	2.7527e-10	7.4103e-10	1.6306e-10	8.7499e-10	1.8466e-10	1.0731e-09	2.0538e-10	5.0657e-10	1.2172e-10	1.2611e-09	1.1267e-10	3.3703e-10	8.0215e-11	2.9913e-10	3.5388e-11	3.3743e-10	5.8017e-11	2.6369e-10	6.5805e-11	2.6386e-10	9.9884e-11	1.6581e-10	3.386e-11	1.6795e-10	2.4508e-11	1.5299e-10	1.3787e-11	1.5309e-10	5.2909e-11	2.2732e-10	1.4953e-10	2.8409e-10	5.2979e-11	9.2877e-11	2.8488e-11	2.6601e-10	1.3855e-11	1.5504e-11	9.3917e-12
283.496	0.419	0.067999	0.00026796	0.00013917	0.0005633	0.0017845	0.00048762	0.0016683	4.2249e-05	0.00027747	6.2192e-05	0.00035588	6.6487e-05	0.00024395	1.1164e-05	4.4949e-05	1.0401e-05	2.0175e-05	1.8067e-05	4.6253e-05	9.2147e-06	3.2172e-05	1.6881e-05	3.2646e-05	1.9857e-05	0.00017885	1.0419e-06	8.4251e-06	1.2239e-07	1.5811e-07	1.182e-08	2.5557e-08	1.6251e-09	9.5956e-09	1.7755e-09	4.9862e-09	1.621e-09	5.3378e-09	1.1889e-09	2.9271e-09	5.2908e-10	1.4831e-09	1.7375e-10	5.6938e-10	2.9314e-10	8.4777e-10	2.7537e-10	7.4029e-10	1.629e-10	8.7406e-10	1.8444e-10	1.0718e-09	2.0513e-10	5.0616e-10	1.2157e-10	1.2595e-09	1.1258e-10	3.3663e-10	8.0123e-11	2.9873e-10	3.5349e-11	3.3712e-10	5.7942e-11	2.6334e-10	6.5736e-11	2.6351e-10	9.9753e-11	1.6559e-10	3.3821e-11	1.6773e-10	2.4476e-11	1.5279e-10	1.3769e-11	1.5289e-10	5.284e-11	2.2703e-10	1.4934e-10	2.8372e-10	5.291e-11	9.2757e-11	2.846e-11	2.6577e-10	1.3839e-11	1.5496e-11	9.3879e-12
287.436	0.42026	0.067845	0.0002677	0.00013965	0.00056283	0.0017812	0.00048728	0.0016651	4.2239e-05	0.00027689	6.2079e-05	0.00035503	6.6346e-05	0.00024359	1.1166e-05	4.4948e-05	1.0424e-05	2.0242e-05	1.808e-05	4.619e-05	9.2e-06	3.2113e-05	1.6842e-05	3.2567e-05	1.981e-05	0.0001786	1.0435e-06	8.4241e-06	1.2224e-07	1.579e-07	1.1815e-08	2.5552e-08	1.6249e-09	9.5849e-09	1.7764e-09	4.981e-09	1.619e-09	5.3321e-09	1.1894e-09	2.9285e-09	5.2888e-10	1.4839e-09	1.7381e-10	5.6926e-10	2.933e-10	8.4672e-10	2.7537e-10	7.3956e-10	1.6274e-10	8.7291e-10	1.8418e-10	1.0702e-09	2.0485e-10	5.0551e-10	1.2146e-10	1.2578e-09	1.1242e-10	3.3633e-10	8.0006e-11	2.9841e-10	3.5301e-11	3.3674e-10	5.789e-11	2.6297e-10	6.5643e-11	2.6314e-10	9.9613e-11	1.6535e-10	3.3774e-11	1.675e-10	2.4442e-11	1.5258e-10	1.375e-11	1.5268e-10	5.2767e-11	2.2678e-10	1.4915e-10	2.834e-10	5.2838e-11	9.2668e-11	2.8435e-11	2.6553e-10	1.3828e-11	1.548e-11	9.3741e-12
291.431	0.42146	0.06767	0.00026749	0.00014015	0.0005623	0.0017774	0.00048679	0.0016616	4.2174e-05	0.00027622	6.1995e-05	0.00035415	6.6218e-05	0.00024312	1.117e-05	4.4927e-05	1.0454e-05	2.0314e-05	1.8094e-05	4.611e-05	9.1862e-06	3.2056e-05	1.6809e-05	3.2485e-05	1.9767e-05	0.00017834	1.0454e-06	8.424e-06	1.2213e-07	1.5773e-07	1.181e-08	2.5563e-08	1.6256e-09	9.5747e-09	1.7752e-09	4.9754e-09	1.6171e-09	5.3257e-09	1.189e-09	2.9272e-09	5.2912e-10	1.4827e-09	1.7376e-10	5.6851e-10	2.9298e-10	8.458e-10	2.75e-10	7.386e-10	1.6252e-10	8.7161e-10	1.8397e-10	1.0687e-09	2.0464e-10	5.0475e-10	1.2128e-10	1.2559e-09	1.1225e-10	3.3583e-10	7.992e-11	2.9806e-10	3.5251e-11	3.3623e-10	5.781e-11	2.6258e-10	6.5545e-11	2.6276e-10	9.9466e-11	1.6511e-10	3.3723e-11	1.6725e-10	2.4406e-11	1.5237e-10	1.3732e-11	1.525e-10	5.2703e-11	2.2656e-10	1.4901e-10	2.8313e-10	5.2789e-11	9.2573e-11	2.8402e-11	2.6524e-10	1.3812e-11	1.5455e-11	9.36e-12
295.481	0.42245	0.067473	0.00026721	0.00014073	0.00056186	0.0017731	0.00048612	0.0016574	4.2108e-05	0.00027554	6.1852e-05	0.00035324	6.6116e-05	0.0002426	1.1177e-05	4.4896e-05	1.0478e-05	2.0378e-05	1.8111e-05	4.6017e-05	9.1715e-06	3.2007e-05	1.6772e-05	3.2413e-05	1.9731e-05	0.00017807	1.0474e-06	8.4136e-06	1.2206e-07	1.5757e-07	1.1814e-08	2.5533e-08	1.6235e-09	9.5614e-09	1.7728e-09	4.9685e-09	1.6152e-09	5.3195e-09	1.1873e-09	2.9231e-09	5.2867e-10	1.4807e-09	1.7352e-10	5.6785e-10	2.926e-10	8.4472e-10	2.7468e-10	7.3744e-10	1.6227e-10	8.7066e-10	1.8373e-10	1.067e-09	2.0433e-10	5.0395e-10	1.2109e-10	1.2539e-09	1.1207e-10	3.3529e-10	7.9813e-11	2.9758e-10	3.5213e-11	3.357e-10	5.7718e-11	2.6219e-10	6.5442e-11	2.624e-10	9.9331e-11	1.6488e-10	3.367e-11	1.6707e-10	2.4374e-11	1.5222e-10	1.3718e-11	1.5234e-10	5.2648e-11	2.2627e-10	1.4883e-10	2.8278e-10	5.2727e-11	9.2465e-11	2.8382e-11	2.6506e-10	1.38e-11	1.5432e-11	9.3471e-12
299.587	0.42335	0.067271	0.00026687	0.00014106	0.00056151	0.0017686	0.00048541	0.001653	4.2043e-05	0.00027485	6.1684e-05	0.00035238	6.5942e-05	0.00024207	1.1184e-05	4.486e-05	1.0492e-05	2.045e-05	1.8135e-05	4.5921e-05	9.157e-06	3.1969e-05	1.6736e-05	3.2347e-05	1.9691e-05	0.00017785	1.0498e-06	8.4035e-06	1.2198e-07	1.5749e-07	1.1802e-08	2.5497e-08	1.6212e-09	9.5456e-09	1.7706e-09	4.9599e-09	1.6128e-09	5.3115e-09	1.1858e-09	2.9194e-09	5.279e-10	1.4789e-09	1.733e-10	5.6706e-10	2.9223e-10	8.4343e-10	2.743e-10	7.363e-10	1.6202e-10	8.6929e-10	1.8342e-10	1.0658e-09	2.0399e-10	5.031e-10	1.2088e-10	1.2525e-09	1.1189e-10	3.3473e-10	7.9677e-11	2.9708e-10	3.5155e-11	3.3514e-10	5.762e-11	2.619e-10	6.5352e-11	2.6211e-10	9.9219e-11	1.647e-10	3.3627e-11	1.6686e-10	2.4346e-11	1.5202e-10	1.37e-11	1.5213e-10	5.2577e-11	2.2608e-10	1.4868e-10	2.8253e-10	5.2668e-11	9.2392e-11	2.8338e-11	2.646e-10	1.3783e-11	1.5412e-11	9.3351e-12
303.751	0.4242	0.067068	0.00026645	0.00014137	0.00056138	0.001764	0.00048467	0.0016487	4.1974e-05	0.00027418	6.1522e-05	0.00035156	6.5751e-05	0.00024155	1.1178e-05	4.4824e-05	1.0508e-05	2.053e-05	1.8141e-05	4.5826e-05	9.1452e-06	3.1927e-05	1.6712e-05	3.2291e-05	1.9652e-05	0.00017765	1.0518e-06	8.3937e-06	1.2187e-07	1.5736e-07	1.1784e-08	2.5463e-08	1.619e-09	9.5296e-09	1.7679e-09	4.9524e-09	1.6098e-09	5.3021e-09	1.1841e-09	2.915e-09	5.2719e-10	1.4765e-09	1.7304e-10	5.6612e-10	2.9177e-10	8.4189e-10	2.7386e-10	7.3536e-10	1.6181e-10	8.6773e-10	1.8309e-10	1.0643e-09	2.0363e-10	5.0245e-10	1.2067e-10	1.2508e-09	1.1176e-10	3.3414e-10	7.9535e-11	2.9655e-10	3.5092e-11	3.3464e-10	5.7519e-11	2.6153e-10	6.527e-11	2.6173e-10	9.9075e-11	1.6446e-10	3.3583e-11	1.6665e-10	2.4311e-11	1.5186e-10	1.3685e-11	1.52e-10	5.2527e-11	2.2572e-10	1.4849e-10	2.821e-10	5.2612e-11	9.222e-11	2.8286e-11	2.6412e-10	1.3756e-11	1.5391e-11	9.3223e-12
307.972	0.42504	0.066872	0.00026612	0.00014168	0.0005611	0.0017597	0.00048398	0.0016445	4.191e-05	0.00027365	6.1356e-05	0.00035092	6.5567e-05	0.00024104	1.1173e-05	4.4791e-05	1.0523e-05	2.0571e-05	1.814e-05	4.5732e-05	9.1361e-06	3.1877e-05	1.6663e-05	3.2224e-05	1.9627e-05	0.00017752	1.0541e-06	8.3832e-06	1.2186e-07	1.5724e-07	1.1767e-08	2.542e-08	1.6163e-09	9.5165e-09	1.7647e-09	4.945e-09	1.6072e-09	5.293e-09	1.182e-09	2.9099e-09	5.2632e-10	1.4739e-09	1.7274e-10	5.6503e-10	2.9123e-10	8.4063e-10	2.7333e-10	7.3397e-10	1.615e-10	8.6611e-10	1.8275e-10	1.0629e-09	2.0325e-10	5.0173e-10	1.2052e-10	1.2491e-09	1.1159e-10	3.337e-10	7.9387e-11	2.9607e-10	3.5026e-11	3.3419e-10	5.7438e-11	2.6121e-10	6.5169e-11	2.6145e-10	9.8968e-11	1.6427e-10	3.3534e-11	1.6647e-10	2.4286e-11	1.5163e-10	1.3665e-11	1.5173e-10	5.2439e-11	2.2528e-10	1.4819e-10	2.8154e-10	5.2503e-11	9.2046e-11	2.8237e-11	2.6368e-10	1.3732e-11	1.5375e-11	9.3164e-12
312.252	0.42585	0.066707	0.00026573	0.00014195	0.00056079	0.0017561	0.00048349	0.001641	4.1854e-05	0.00027306	6.1189e-05	0.00034994	6.5378e-05	0.00024068	1.1167e-05	4.4783e-05	1.0537e-05	2.0613e-05	1.814e-05	4.5665e-05	9.1266e-06	3.1857e-05	1.6608e-05	3.2167e-05	1.9573e-05	0.00017734	1.057e-06	8.3744e-06	1.2177e-07	1.5724e-07	1.1746e-08	2.5371e-08	1.6131e-09	9.4978e-09	1.7612e-09	4.9351e-09	1.6047e-09	5.2851e-09	1.1796e-09	2.904e-09	5.2532e-10	1.471e-09	1.7239e-10	5.6416e-10	2.9069e-10	8.392e-10	2.7289e-10	7.3251e-10	1.6118e-10	8.6441e-10	1.8244e-10	1.0616e-09	2.0295e-10	5.0097e-10	1.2033e-10	1.2476e-09	1.1144e-10	3.3318e-10	7.9255e-11	2.9565e-10	3.4957e-11	3.3364e-10	5.735e-11	2.6085e-10	6.5097e-11	2.61e-10	9.8802e-11	1.6401e-10	3.3498e-11	1.6611e-10	2.4242e-11	1.5131e-10	1.3636e-11	1.5142e-10	5.2331e-11	2.2487e-10	1.4791e-10	2.8102e-10	5.2403e-11	9.1884e-11	2.8192e-11	2.6327e-10	1.371e-11	1.5359e-11	9.3023e-12
316.592	0.4266	0.066534	0.00026523	0.00014216	0.00056093	0.0017523	0.00048296	0.0016375	4.1815e-05	0.00027219	6.1043e-05	0.00034882	6.5194e-05	0.00024016	1.116e-05	4.4754e-05	1.0554e-05	2.0654e-05	1.8138e-05	4.5578e-05	9.1145e-06	3.1802e-05	1.6554e-05	3.2127e-05	1.9511e-05	0.00017719	1.058e-06	8.3671e-06	1.2154e-07	1.5701e-07	1.1722e-08	2.5321e-08	1.6101e-09	9.4781e-09	1.7584e-09	4.9249e-09	1.6013e-09	5.2741e-09	1.1777e-09	2.8994e-09	5.2425e-10	1.4687e-09	1.7211e-10	5.6312e-10	2.9024e-10	8.3745e-10	2.724e-10	7.31e-10	1.6085e-10	8.6302e-10	1.8216e-10	1.0592e-09	2.0262e-10	5.0039e-10	1.2015e-10	1.2448e-09	1.1127e-10	3.3268e-10	7.9133e-11	2.9513e-10	3.4904e-11	3.3323e-10	5.7258e-11	2.6026e-10	6.4971e-11	2.6043e-10	9.8586e-11	1.6365e-10	3.3427e-11	1.6578e-10	2.419e-11	1.5101e-10	1.3609e-11	1.5113e-10	5.223e-11	2.2449e-10	1.4766e-10	2.8055e-10	5.231e-11	9.1731e-11	2.8146e-11	2.6283e-10	1.3687e-11	1.5331e-11	9.2891e-12
320.991	0.42751	0.066289	0.00026472	0.00014239	0.00056025	0.0017466	0.00048188	0.0016322	4.1766e-05	0.00027134	6.0914e-05	0.00034775	6.5027e-05	0.00023946	1.1156e-05	4.4685e-05	1.0573e-05	2.0688e-05	1.8136e-05	4.5451e-05	9.11e-06	3.1719e-05	1.6494e-05	3.2027e-05	1.9452e-05	0.00017716	1.0588e-06	8.3631e-06	1.2133e-07	1.5671e-07	1.1698e-08	2.5279e-08	1.6073e-09	9.4576e-09	1.7548e-09	4.9143e-09	1.5978e-09	5.2626e-09	1.1754e-09	2.8936e-09	5.2337e-10	1.4656e-09	1.7177e-10	5.6189e-10	2.896e-10	8.3563e-10	2.7181e-10	7.2945e-10	1.6051e-10	8.6154e-10	1.8183e-10	1.057e-09	2.0228e-10	4.9921e-10	1.1997e-10	1.2422e-09	1.1101e-10	3.322e-10	7.8987e-11	2.9473e-10	3.4843e-11	3.3257e-10	5.7186e-11	2.5972e-10	6.4826e-11	2.599e-10	9.8384e-11	1.6331e-10	3.3354e-11	1.6546e-10	2.4141e-11	1.5074e-10	1.3585e-11	1.5086e-10	5.2138e-11	2.241e-10	1.474e-10	2.8006e-10	5.2218e-11	9.1571e-11	2.8115e-11	2.6259e-10	1.3669e-11	1.5314e-11	9.2768e-12
325.452	0.42851	0.066051	0.00026418	0.00014263	0.00055929	0.0017411	0.00048083	0.0016269	4.1713e-05	0.0002705	6.0784e-05	0.00034665	6.4884e-05	0.00023881	1.1153e-05	4.4622e-05	1.0593e-05	2.0715e-05	1.814e-05	4.5329e-05	9.0978e-06	3.164e-05	1.6431e-05	3.1928e-05	1.9386e-05	0.00017682	1.0597e-06	8.3569e-06	1.2109e-07	1.5642e-07	1.1677e-08	2.5221e-08	1.6036e-09	9.4363e-09	1.7508e-09	4.904e-09	1.5942e-09	5.2507e-09	1.1727e-09	2.887e-09	5.2223e-10	1.4623e-09	1.7138e-10	5.6061e-10	2.8894e-10	8.3374e-10	2.7119e-10	7.2822e-10	1.6025e-10	8.5999e-10	1.8157e-10	1.0549e-09	2.0199e-10	4.9809e-10	1.1967e-10	1.2397e-09	1.1077e-10	3.3138e-10	7.8879e-11	2.9415e-10	3.4783e-11	3.3179e-10	5.7046e-11	2.5922e-10	6.469e-11	2.5942e-10	9.82e-11	1.63e-10	3.3285e-11	1.6515e-10	2.4096e-11	1.5047e-10	1.356e-11	1.5059e-10	5.2041e-11	2.2383e-10	1.4718e-10	2.797e-10	5.2133e-11	9.148e-11	2.807e-11	2.6211e-10	1.3651e-11	1.5288e-11	9.2614e-12
329.975	0.42946	0.065813	0.00026369	0.00014279	0.00055837	0.0017356	0.00047978	0.0016217	4.1694e-05	0.00026963	6.0637e-05	0.00034557	6.4734e-05	0.00023814	1.1154e-05	4.4557e-05	1.061e-05	2.0745e-05	1.8148e-05	4.5205e-05	9.0762e-06	3.1552e-05	1.6367e-05	3.1828e-05	1.9315e-05	0.00017645	1.0602e-06	8.3512e-06	1.2082e-07	1.5608e-07	1.165e-08	2.5162e-08	1.5998e-09	9.4195e-09	1.7467e-09	4.8953e-09	1.5908e-09	5.2387e-09	1.1699e-09	2.8802e-09	5.2099e-10	1.4588e-09	1.7098e-10	5.593e-10	2.8826e-10	8.3203e-10	2.7055e-10	7.2679e-10	1.5993e-10	8.5874e-10	1.8117e-10	1.0528e-09	2.0148e-10	4.9704e-10	1.194e-10	1.2373e-09	1.1055e-10	3.3062e-10	7.8701e-11	2.9342e-10	3.4728e-11	3.3106e-10	5.6912e-11	2.5871e-10	6.4563e-11	2.5891e-10	9.8009e-11	1.6269e-10	3.322e-11	1.6486e-10	2.405e-11	1.5024e-10	1.354e-11	1.504e-10	5.1973e-11	2.2346e-10	1.4699e-10	2.7926e-10	5.2075e-11	9.1302e-11	2.8018e-11	2.6167e-10	1.3622e-11	1.5266e-11	9.2491e-12
334.561	0.43	0.065571	0.00026324	0.00014293	0.00055725	0.0017299	0.00047868	0.0016163	4.1617e-05	0.00026885	6.0539e-05	0.00034459	6.4568e-05	0.00023745	1.1152e-05	4.4487e-05	1.0632e-05	2.0775e-05	1.8155e-05	4.5077e-05	9.0558e-06	3.1456e-05	1.6308e-05	3.1719e-05	1.9244e-05	0.00017609	1.0604e-06	8.3517e-06	1.2051e-07	1.5571e-07	1.1621e-08	2.51e-08	1.5959e-09	9.4001e-09	1.7424e-09	4.8849e-09	1.5878e-09	5.2289e-09	1.1671e-09	2.8731e-09	5.1971e-10	1.4553e-09	1.7056e-10	5.5813e-10	2.8757e-10	8.3043e-10	2.6997e-10	7.2545e-10	1.5964e-10	8.5647e-10	1.8071e-10	1.0509e-09	2.0099e-10	4.9602e-10	1.1915e-10	1.2349e-09	1.1032e-10	3.2991e-10	7.8502e-11	2.9273e-10	3.4635e-11	3.3037e-10	5.6787e-11	2.5828e-10	6.4431e-11	2.5854e-10	9.7865e-11	1.6243e-10	3.3152e-11	1.6467e-10	2.4017e-11	1.5001e-10	1.3519e-11	1.5012e-10	5.1882e-11	2.2301e-10	1.4665e-10	2.7869e-10	5.1955e-11	9.114e-11	2.7975e-11	2.6124e-10	1.3603e-11	1.5234e-11	9.2256e-12
339.211	0.43027	0.065347	0.0002627	0.00014306	0.00055597	0.0017248	0.0004777	0.0016114	4.1516e-05	0.00026812	6.0395e-05	0.00034373	6.4463e-05	0.00023687	1.1151e-05	4.4433e-05	1.0653e-05	2.0794e-05	1.8156e-05	4.4966e-05	9.033e-06	3.1353e-05	1.6239e-05	3.1601e-05	1.9179e-05	0.00017568	1.0606e-06	8.3389e-06	1.2026e-07	1.5532e-07	1.1592e-08	2.5037e-08	1.592e-09	9.3817e-09	1.7388e-09	4.8761e-09	1.5842e-09	5.2175e-09	1.1645e-09	2.867e-09	5.1838e-10	1.4523e-09	1.7018e-10	5.5698e-10	2.87e-10	8.2857e-10	2.6942e-10	7.2405e-10	1.5932e-10	8.543e-10	1.8028e-10	1.0495e-09	2.0053e-10	4.9499e-10	1.1889e-10	1.2334e-09	1.1012e-10	3.292e-10	7.8315e-11	2.921e-10	3.4549e-11	3.2967e-10	5.6664e-11	2.5789e-10	6.4338e-11	2.5807e-10	9.7692e-11	1.6216e-10	3.311e-11	1.6428e-10	2.3971e-11	1.4967e-10	1.3488e-11	1.4982e-10	5.1774e-11	2.2266e-10	1.4643e-10	2.7825e-10	5.1871e-11	9.0982e-11	2.7918e-11	2.6074e-10	1.3576e-11	1.5196e-11	9.2039e-12
343.925	0.43048	0.065138	0.00026229	0.00014318	0.00055465	0.00172	0.00047681	0.0016068	4.1419e-05	0.00026747	6.0186e-05	0.00034286	6.4287e-05	0.00023634	1.1157e-05	4.4388e-05	1.0658e-05	2.081e-05	1.8173e-05	4.4864e-05	9.0077e-06	3.1263e-05	1.6169e-05	3.1487e-05	1.9103e-05	0.00017521	1.061e-06	8.3235e-06	1.1996e-07	1.5499e-07	1.1561e-08	2.4985e-08	1.5887e-09	9.3632e-09	1.735e-09	4.8649e-09	1.5813e-09	5.207e-09	1.162e-09	2.8608e-09	5.1728e-10	1.4491e-09	1.6982e-10	5.5571e-10	2.8635e-10	8.2711e-10	2.688e-10	7.2198e-10	1.5887e-10	8.5224e-10	1.7987e-10	1.0469e-09	2.0008e-10	4.9433e-10	1.1866e-10	1.2303e-09	1.0995e-10	3.2855e-10	7.8139e-11	2.9145e-10	3.4467e-11	3.2915e-10	5.6542e-11	2.5726e-10	6.4207e-11	2.575e-10	9.7472e-11	1.6178e-10	3.3036e-11	1.6399e-10	2.392e-11	1.4943e-10	1.3467e-11	1.4956e-10	5.1686e-11	2.2217e-10	1.4613e-10	2.7765e-10	5.1767e-11	9.0799e-11	2.7875e-11	2.6031e-10	1.3553e-11	1.516e-11	9.1817e-12
348.704	0.43075	0.064948	0.00026164	0.00014334	0.0005535	0.0017158	0.00047607	0.0016028	4.1307e-05	0.00026674	5.9986e-05	0.0003419	6.4057e-05	0.00023583	1.1143e-05	4.4352e-05	1.0663e-05	2.0824e-05	1.8173e-05	4.4772e-05	8.98e-06	3.1158e-05	1.6097e-05	3.1376e-05	1.9025e-05	0.00017476	1.0607e-06	8.3085e-06	1.1963e-07	1.5456e-07	1.1536e-08	2.4926e-08	1.5849e-09	9.3355e-09	1.7311e-09	4.8509e-09	1.5774e-09	5.1956e-09	1.1593e-09	2.8541e-09	5.1608e-10	1.4459e-09	1.6941e-10	5.5469e-10	2.8574e-10	8.2492e-10	2.683e-10	7.2006e-10	1.5844e-10	8.5024e-10	1.7945e-10	1.045e-09	1.9964e-10	4.9311e-10	1.1847e-10	1.228e-09	1.0966e-10	3.2804e-10	7.7956e-11	2.9094e-10	3.4387e-11	3.2846e-10	5.6461e-11	2.5682e-10	6.4065e-11	2.5704e-10	9.7301e-11	1.6151e-10	3.2968e-11	1.6365e-10	2.3876e-11	1.491e-10	1.3437e-11	1.4923e-10	5.1569e-11	2.2181e-10	1.4586e-10	2.7718e-10	5.1667e-11	9.0636e-11	2.7799e-11	2.5957e-10	1.352e-11	1.5122e-11	9.1588e-12
353.551	0.43099	0.06474	0.00026092	0.00014346	0.00055201	0.001711	0.00047517	0.0015983	4.1184e-05	0.0002661	5.977e-05	0.00034124	6.3837e-05	0.00023525	1.1128e-05	4.4301e-05	1.0666e-05	2.0838e-05	1.8154e-05	4.4664e-05	8.9564e-06	3.1045e-05	1.6025e-05	3.1248e-05	1.8946e-05	0.00017434	1.0604e-06	8.2908e-06	1.1929e-07	1.5412e-07	1.1508e-08	2.4871e-08	1.5815e-09	9.3096e-09	1.7276e-09	4.8376e-09	1.5727e-09	5.1798e-09	1.157e-09	2.8486e-09	5.1489e-10	1.4429e-09	1.6909e-10	5.5309e-10	2.851e-10	8.2252e-10	2.6756e-10	7.1825e-10	1.5805e-10	8.4825e-10	1.7914e-10	1.0427e-09	1.9933e-10	4.921e-10	1.1815e-10	1.2254e-09	1.0947e-10	3.2715e-10	7.7825e-11	2.9033e-10	3.4311e-11	3.2769e-10	5.6315e-11	2.5623e-10	6.3941e-11	2.5643e-10	9.7071e-11	1.6113e-10	3.2901e-11	1.6331e-10	2.3821e-11	1.4882e-10	1.3411e-11	1.4897e-10	5.1479e-11	2.2119e-10	1.455e-10	2.7643e-10	5.1552e-11	9.037e-11	2.7724e-11	2.5888e-10	1.3482e-11	1.5083e-11	9.1352e-12
358.464	0.43119	0.064552	0.00026024	0.00014361	0.00055044	0.0017068	0.00047441	0.0015942	4.1058e-05	0.00026557	5.9539e-05	0.00034026	6.3598e-05	0.00023483	1.1112e-05	4.4272e-05	1.0666e-05	2.0858e-05	1.8137e-05	4.458e-05	8.9286e-06	3.0929e-05	1.596e-05	3.1118e-05	1.8866e-05	0.00017382	1.0599e-06	8.2708e-06	1.1894e-07	1.5367e-07	1.148e-08	2.4812e-08	1.5776e-09	9.2851e-09	1.7221e-09	4.8252e-09	1.5683e-09	5.165e-09	1.1535e-09	2.8398e-09	5.1377e-10	1.4383e-09	1.6858e-10	5.5144e-10	2.842e-10	8.2024e-10	2.6675e-10	7.1643e-10	1.5765e-10	8.4687e-10	1.7872e-10	1.0405e-09	1.9878e-10	4.9101e-10	1.1792e-10	1.2227e-09	1.0921e-10	3.2651e-10	7.7639e-11	2.896e-10	3.4252e-11	3.2703e-10	5.6195e-11	2.5571e-10	6.3787e-11	2.5595e-10	9.6888e-11	1.6081e-10	3.2825e-11	1.6294e-10	2.3777e-11	1.4842e-10	1.3376e-11	1.4852e-10	5.133e-11	2.2057e-10	1.4508e-10	2.7565e-10	5.14e-11	9.0124e-11	2.7649e-11	2.5818e-10	1.3446e-11	1.5042e-11	9.1081e-12
363.446	0.43153	0.064397	0.00025959	0.0001437	0.00054882	0.0017033	0.0004739	0.001591	4.0945e-05	0.00026456	5.9292e-05	0.00033896	6.3342e-05	0.00023433	1.1092e-05	4.4243e-05	1.0662e-05	2.087e-05	1.8115e-05	4.4496e-05	8.8984e-06	3.0811e-05	1.589e-05	3.0986e-05	1.8795e-05	0.00017329	1.0594e-06	8.251e-06	1.1863e-07	1.532e-07	1.1453e-08	2.4732e-08	1.5725e-09	9.2606e-09	1.717e-09	4.8125e-09	1.5641e-09	5.1511e-09	1.15e-09	2.8311e-09	5.1209e-10	1.434e-09	1.6806e-10	5.4988e-10	2.8336e-10	8.1807e-10	2.6599e-10	7.148e-10	1.573e-10	8.4449e-10	1.7828e-10	1.038e-09	1.9835e-10	4.8987e-10	1.1763e-10	1.2198e-09	1.0897e-10	3.2572e-10	7.7448e-11	2.89e-10	3.4153e-11	3.2621e-10	5.6065e-11	2.5504e-10	6.3663e-11	2.552e-10	9.6606e-11	1.6036e-10	3.2756e-11	1.6244e-10	2.3704e-11	1.4798e-10	1.3336e-11	1.4809e-10	5.1181e-11	2.1995e-10	1.4467e-10	2.7488e-10	5.1255e-11	8.9871e-11	2.7572e-11	2.5746e-10	1.3408e-11	1.4991e-11	9.0786e-12
368.497	0.43184	0.06412	0.00025892	0.00014368	0.00054715	0.0016967	0.00047247	0.001585	4.0806e-05	0.00026357	5.9073e-05	0.00033772	6.3077e-05	0.00023351	1.1069e-05	4.4144e-05	1.0661e-05	2.0888e-05	1.8087e-05	4.4342e-05	8.8674e-06	3.0705e-05	1.5823e-05	3.0856e-05	1.8718e-05	0.00017275	1.0593e-06	8.2332e-06	1.1831e-07	1.5281e-07	1.1415e-08	2.4656e-08	1.5677e-09	9.2383e-09	1.712e-09	4.8021e-09	1.5598e-09	5.137e-09	1.1466e-09	2.8229e-09	5.1051e-10	1.4299e-09	1.6757e-10	5.4837e-10	2.8257e-10	8.1583e-10	2.6526e-10	7.1331e-10	1.5696e-10	8.4254e-10	1.7788e-10	1.0347e-09	1.9786e-10	4.8871e-10	1.1737e-10	1.216e-09	1.0868e-10	3.2497e-10	7.7272e-11	2.8823e-10	3.4078e-11	3.2554e-10	5.593e-11	2.5425e-10	6.346e-11	2.5443e-10	9.6314e-11	1.5987e-10	3.265e-11	1.6197e-10	2.3633e-11	1.4755e-10	1.3297e-11	1.4766e-10	5.1032e-11	2.1931e-10	1.4426e-10	2.7408e-10	5.1107e-11	8.9611e-11	2.7492e-11	2.5672e-10	1.337e-11	1.4944e-11	9.0519e-12
373.618	0.43202	0.06385	0.00025843	0.00014368	0.00054572	0.0016902	0.00047107	0.0015789	4.0662e-05	0.00026256	5.8826e-05	0.00033638	6.2838e-05	0.00023273	1.1047e-05	4.405e-05	1.0658e-05	2.0894e-05	1.8055e-05	4.4193e-05	8.8355e-06	3.0594e-05	1.5754e-05	3.0736e-05	1.8645e-05	0.00017221	1.0588e-06	8.2105e-06	1.1798e-07	1.5237e-07	1.1379e-08	2.4585e-08	1.5632e-09	9.2186e-09	1.7072e-09	4.7903e-09	1.5564e-09	5.1246e-09	1.1434e-09	2.8149e-09	5.0901e-10	1.4259e-09	1.6709e-10	5.4682e-10	2.8177e-10	8.1416e-10	2.6451e-10	7.1113e-10	1.5649e-10	8.4041e-10	1.774e-10	1.0316e-09	1.9738e-10	4.871e-10	1.1704e-10	1.2123e-09	1.0833e-10	3.2409e-10	7.7067e-11	2.8761e-10	3.3989e-11	3.2447e-10	5.5791e-11	2.5349e-10	6.3265e-11	2.5367e-10	9.6024e-11	1.5939e-10	3.2551e-11	1.6148e-10	2.3562e-11	1.4711e-10	1.3258e-11	1.4722e-10	5.088e-11	2.1866e-10	1.4383e-10	2.7326e-10	5.0954e-11	8.9345e-11	2.7405e-11	2.5588e-10	1.3329e-11	1.4904e-11	9.0291e-12
378.81	0.43184	0.063576	0.00025773	0.0001437	0.00054411	0.0016837	0.00046963	0.0015728	4.0514e-05	0.00026148	5.8565e-05	0.00033496	6.2565e-05	0.0002319	1.1026e-05	4.3948e-05	1.065e-05	2.0887e-05	1.803e-05	4.4038e-05	8.8069e-06	3.0482e-05	1.5671e-05	3.0605e-05	1.8569e-05	0.00017173	1.0586e-06	8.187e-06	1.1769e-07	1.5196e-07	1.1344e-08	2.4513e-08	1.5586e-09	9.1892e-09	1.7025e-09	4.7763e-09	1.5523e-09	5.1125e-09	1.1401e-09	2.8069e-09	5.0751e-10	1.4221e-09	1.6661e-10	5.457e-10	2.8105e-10	8.1185e-10	2.6394e-10	7.0951e-10	1.5613e-10	8.3824e-10	1.77e-10	1.0284e-09	1.9685e-10	4.8559e-10	1.1666e-10	1.2085e-09	1.0799e-10	3.2302e-10	7.689e-11	2.8667e-10	3.3904e-11	3.2344e-10	5.5602e-11	2.527e-10	6.3068e-11	2.5288e-10	9.5727e-11	1.589e-10	3.245e-11	1.6098e-10	2.3489e-11	1.4666e-10	1.3217e-11	1.4677e-10	5.0723e-11	2.1794e-10	1.4338e-10	2.7238e-10	5.0797e-11	8.9039e-11	2.7306e-11	2.5497e-10	1.328e-11	1.4868e-11	9.0065e-12
384.075	0.43161	0.063286	0.00025704	0.0001437	0.00054258	0.0016767	0.00046806	0.0015663	4.0363e-05	0.00026032	5.8298e-05	0.00033348	6.2281e-05	0.00023102	1.0998e-05	4.3835e-05	1.064e-05	2.0883e-05	1.7996e-05	4.3871e-05	8.7771e-06	3.0375e-05	1.5591e-05	3.0486e-05	1.8477e-05	0.0001712	1.0578e-06	8.1629e-06	1.1726e-07	1.5152e-07	1.131e-08	2.4449e-08	1.5547e-09	9.1673e-09	1.6988e-09	4.7645e-09	1.5477e-09	5.0962e-09	1.1376e-09	2.8009e-09	5.0611e-10	1.4188e-09	1.6625e-10	5.4402e-10	2.8037e-10	8.0957e-10	2.6316e-10	7.0745e-10	1.5567e-10	8.3595e-10	1.7638e-10	1.0251e-09	1.9617e-10	4.8403e-10	1.1628e-10	1.2047e-09	1.0765e-10	3.2198e-10	7.6617e-11	2.8572e-10	3.3806e-11	3.2241e-10	5.5423e-11	2.519e-10	6.2867e-11	2.5208e-10	9.5423e-11	1.5839e-10	3.2347e-11	1.6047e-10	2.3414e-11	1.4618e-10	1.3174e-11	1.4626e-10	5.0551e-11	2.1714e-10	1.4284e-10	2.7137e-10	5.0609e-11	8.8717e-11	2.7216e-11	2.5416e-10	1.3234e-11	1.4824e-11	8.977e-12
389.412	0.43148	0.062975	0.00025637	0.00014376	0.00054094	0.0016691	0.00046633	0.0015592	4.023e-05	0.00025923	5.8028e-05	0.00033214	6.1993e-05	0.00023007	1.097e-05	4.3708e-05	1.0629e-05	2.0882e-05	1.7957e-05	4.3691e-05	8.7469e-06	3.0234e-05	1.5514e-05	3.0348e-05	1.8389e-05	0.00017072	1.0564e-06	8.139e-06	1.1685e-07	1.5096e-07	1.1278e-08	2.4386e-08	1.5505e-09	9.1399e-09	1.693e-09	4.7499e-09	1.5437e-09	5.0836e-09	1.1339e-09	2.7916e-09	5.049e-10	1.414e-09	1.6572e-10	5.425e-10	2.7944e-10	8.0738e-10	2.624e-10	7.0561e-10	1.5527e-10	8.3296e-10	1.7578e-10	1.0218e-09	1.9551e-10	4.8244e-10	1.159e-10	1.2007e-09	1.0729e-10	3.2091e-10	7.6361e-11	2.8478e-10	3.3687e-11	3.2134e-10	5.524e-11	2.5106e-10	6.266e-11	2.512e-10	9.5093e-11	1.5786e-10	3.2241e-11	1.5987e-10	2.3332e-11	1.4561e-10	1.3123e-11	1.4571e-10	5.036e-11	2.1639e-10	1.4233e-10	2.7043e-10	5.0426e-11	8.8427e-11	2.7138e-11	2.5345e-10	1.3195e-11	1.4766e-11	8.9417e-12
394.824	0.43145	0.062681	0.00025563	0.00014379	0.00053883	0.001662	0.0004647	0.0015525	4.0084e-05	0.00025811	5.778e-05	0.00033064	6.1701e-05	0.00022922	1.094e-05	4.3596e-05	1.0621e-05	2.0878e-05	1.7915e-05	4.3525e-05	8.7185e-06	3.0098e-05	1.5437e-05	3.0196e-05	1.8304e-05	0.00017016	1.0551e-06	8.1181e-06	1.1645e-07	1.5042e-07	1.1249e-08	2.4303e-08	1.5454e-09	9.1151e-09	1.6885e-09	4.7378e-09	1.5388e-09	5.0676e-09	1.1307e-09	2.7838e-09	5.0314e-10	1.4103e-09	1.6524e-10	5.4093e-10	2.7872e-10	8.0494e-10	2.6166e-10	7.0328e-10	1.5475e-10	8.3011e-10	1.7518e-10	1.0177e-09	1.9485e-10	4.8081e-10	1.155e-10	1.1961e-09	1.0693e-10	3.1983e-10	7.6101e-11	2.8381e-10	3.3571e-11	3.2026e-10	5.5052e-11	2.5006e-10	6.2432e-11	2.5022e-10	9.4721e-11	1.5723e-10	3.212e-11	1.5927e-10	2.3241e-11	1.4509e-10	1.3075e-11	1.4521e-10	5.0183e-11	2.1576e-10	1.4189e-10	2.6962e-10	5.0266e-11	8.8173e-11	2.7064e-11	2.5272e-10	1.316e-11	1.4717e-11	8.9146e-12
400.311	0.43136	0.062385	0.00025497	0.00014373	0.00053681	0.0016548	0.00046305	0.0015459	3.9944e-05	0.00025689	5.7523e-05	0.00032907	6.1438e-05	0.00022828	1.0911e-05	4.3472e-05	1.0612e-05	2.0885e-05	1.7872e-05	4.335e-05	8.6801e-06	2.9967e-05	1.5365e-05	3.0048e-05	1.8219e-05	0.0001695	1.054e-06	8.0944e-06	1.1606e-07	1.4991e-07	1.1209e-08	2.4238e-08	1.5412e-09	9.0845e-09	1.6832e-09	4.7203e-09	1.5348e-09	5.0536e-09	1.1273e-09	2.7753e-09	5.0177e-10	1.4059e-09	1.6474e-10	5.3929e-10	2.7781e-10	8.027e-10	2.6085e-10	7.0069e-10	1.5418e-10	8.272e-10	1.7457e-10	1.0139e-09	1.9417e-10	4.7891e-10	1.151e-10	1.1915e-09	1.0649e-10	3.1871e-10	7.5834e-11	2.8282e-10	3.3454e-11	3.1905e-10	5.4861e-11	2.4912e-10	6.2184e-11	2.4931e-10	9.4375e-11	1.5665e-10	3.1994e-11	1.5874e-10	2.3159e-11	1.4463e-10	1.3034e-11	1.4477e-10	5.0029e-11	2.1514e-10	1.4149e-10	2.6887e-10	5.0121e-11	8.7909e-11	2.6969e-11	2.518e-10	1.3116e-11	1.4666e-11	8.8823e-12
405.874	0.43107	0.062061	0.00025399	0.00014373	0.00053488	0.0016468	0.00046118	0.0015385	3.9795e-05	0.00025565	5.7266e-05	0.00032748	6.1159e-05	0.00022728	1.0885e-05	4.3333e-05	1.0601e-05	2.088e-05	1.7836e-05	4.316e-05	8.6431e-06	2.9836e-05	1.5293e-05	2.9906e-05	1.8142e-05	0.00016886	1.0528e-06	8.0732e-06	1.1568e-07	1.4939e-07	1.1178e-08	2.4156e-08	1.536e-09	9.05e-09	1.6782e-09	4.7028e-09	1.5288e-09	5.0354e-09	1.1238e-09	2.7668e-09	5.0013e-10	1.4017e-09	1.6423e-10	5.3765e-10	2.7702e-10	7.9953e-10	2.6009e-10	6.9815e-10	1.5362e-10	8.2422e-10	1.7394e-10	1.0105e-09	1.9347e-10	4.7701e-10	1.1462e-10	1.1874e-09	1.0608e-10	3.1738e-10	7.5562e-11	2.8174e-10	3.3333e-11	3.1776e-10	5.4638e-11	2.4831e-10	6.1957e-11	2.4852e-10	9.4076e-11	1.5615e-10	3.1881e-11	1.5827e-10	2.3086e-11	1.4422e-10	1.2997e-11	1.4434e-10	4.9881e-11	2.1437e-10	1.4101e-10	2.6792e-10	4.9957e-11	8.7575e-11	2.6852e-11	2.5076e-10	1.306e-11	1.4614e-11	8.8514e-12
411.515	0.43072	0.061733	0.00025306	0.00014364	0.00053291	0.0016388	0.00045927	0.001531	3.9613e-05	0.00025439	5.7019e-05	0.00032588	6.0887e-05	0.00022626	1.0854e-05	4.3189e-05	1.0593e-05	2.0869e-05	1.7795e-05	4.2965e-05	8.6074e-06	2.9711e-05	1.521e-05	2.9761e-05	1.8063e-05	0.00016826	1.0521e-06	8.0482e-06	1.1538e-07	1.4893e-07	1.114e-08	2.4085e-08	1.5315e-09	9.0162e-09	1.6724e-09	4.6853e-09	1.523e-09	5.016e-09	1.1202e-09	2.7577e-09	4.9861e-10	1.3968e-09	1.6371e-10	5.3549e-10	2.76e-10	7.9654e-10	2.5903e-10	6.9556e-10	1.5305e-10	8.2118e-10	1.7325e-10	1.0074e-09	1.9266e-10	4.7532e-10	1.1416e-10	1.1838e-09	1.0572e-10	3.1611e-10	7.5258e-11	2.8056e-10	3.3211e-11	3.1657e-10	5.4416e-11	2.4756e-10	6.1758e-11	2.4777e-10	9.3791e-11	1.5568e-10	3.178e-11	1.5773e-10	2.3014e-11	1.437e-10	1.295e-11	1.4379e-10	4.9697e-11	2.1341e-10	1.404e-10	2.667e-10	4.9747e-11	8.7209e-11	2.6764e-11	2.4991e-10	1.3014e-11	1.4559e-11	8.8168e-12
417.234	0.43007	0.061401	0.00025211	0.00014364	0.00053113	0.0016306	0.00045731	0.0015234	3.9437e-05	0.00025319	5.6708e-05	0.00032443	6.061e-05	0.00022523	1.0828e-05	4.3042e-05	1.0574e-05	2.0864e-05	1.7755e-05	4.2768e-05	8.5717e-06	2.9596e-05	1.5137e-05	2.9635e-05	1.7972e-05	0.00016765	1.0509e-06	8.0183e-06	1.1492e-07	1.4846e-07	1.1105e-08	2.3993e-08	1.5255e-09	8.9818e-09	1.6656e-09	4.6674e-09	1.5172e-09	4.9968e-09	1.1156e-09	2.7465e-09	4.9679e-10	1.3912e-09	1.6303e-10	5.3344e-10	2.749e-10	7.935e-10	2.5804e-10	6.9292e-10	1.5247e-10	8.1765e-10	1.7251e-10	1.0038e-09	1.9186e-10	4.7379e-10	1.1376e-10	1.1797e-09	1.0539e-10	3.15e-10	7.4939e-11	2.7946e-10	3.3065e-11	3.1551e-10	5.4218e-11	2.4667e-10	6.1558e-11	2.4683e-10	9.3438e-11	1.5511e-10	3.1674e-11	1.5706e-10	2.2925e-11	1.4304e-10	1.2891e-11	1.4315e-10	4.9471e-11	2.1269e-10	1.3988e-10	2.658e-10	4.9554e-11	8.6902e-11	2.6657e-11	2.4893e-10	1.2964e-11	1.4498e-11	8.7812e-12
423.032	0.429	0.061083	0.00025114	0.00014345	0.00052929	0.0016228	0.00045544	0.001516	3.9269e-05	0.00025203	5.6409e-05	0.00032289	6.0279e-05	0.00022429	1.0794e-05	4.2908e-05	1.0554e-05	2.0848e-05	1.7713e-05	4.2584e-05	8.5377e-06	2.9449e-05	1.5055e-05	2.9491e-05	1.7892e-05	0.00016713	1.0493e-06	7.9897e-06	1.1455e-07	1.4789e-07	1.1063e-08	2.3895e-08	1.5194e-09	8.9468e-09	1.6591e-09	4.6492e-09	1.5113e-09	4.9772e-09	1.1112e-09	2.7357e-09	4.9475e-10	1.3857e-09	1.6239e-10	5.3135e-10	2.7382e-10	7.904e-10	2.5703e-10	6.9016e-10	1.5186e-10	8.1418e-10	1.7184e-10	9.9935e-10	1.9115e-10	4.7212e-10	1.134e-10	1.1745e-09	1.05e-10	3.1398e-10	7.4648e-11	2.785e-10	3.2926e-11	3.1446e-10	5.4039e-11	2.4553e-10	6.131e-11	2.4567e-10	9.2998e-11	1.5437e-10	3.1541e-11	1.5643e-10	2.2821e-11	1.4253e-10	1.2845e-11	1.4264e-10	4.9297e-11	2.1182e-10	1.3933e-10	2.6472e-10	4.9365e-11	8.6555e-11	2.6557e-11	2.4798e-10	1.2915e-11	1.4449e-11	8.7552e-12
428.911	0.42785	0.060774	0.00025015	0.00014325	0.0005271	0.0016152	0.00045363	0.001509	3.9098e-05	0.00025079	5.6118e-05	0.00032141	5.9959e-05	0.00022332	1.0755e-05	4.2772e-05	1.0535e-05	2.0843e-05	1.7654e-05	4.2399e-05	8.5067e-06	2.9325e-05	1.4981e-05	2.9344e-05	1.7802e-05	0.00016652	1.0481e-06	7.9626e-06	1.1414e-07	1.4742e-07	1.1016e-08	2.3799e-08	1.5132e-09	8.9103e-09	1.6524e-09	4.6294e-09	1.5052e-09	4.9572e-09	1.1067e-09	2.7246e-09	4.9275e-10	1.3801e-09	1.6174e-10	5.2921e-10	2.7272e-10	7.8723e-10	2.5599e-10	6.87e-10	1.5117e-10	8.1108e-10	1.7123e-10	9.9533e-10	1.9051e-10	4.7002e-10	1.1297e-10	1.1697e-09	1.0451e-10	3.1279e-10	7.4388e-11	2.7755e-10	3.2804e-11	3.1316e-10	5.3841e-11	2.446e-10	6.1028e-11	2.4479e-10	9.2665e-11	1.5381e-10	3.1403e-11	1.5582e-10	2.2737e-11	1.4194e-10	1.2792e-11	1.4205e-10	4.9092e-11	2.11e-10	1.3879e-10	2.637e-10	4.9168e-11	8.6213e-11	2.6446e-11	2.4693e-10	1.2861e-11	1.4408e-11	8.728e-12
434.872	0.42762	0.06045	0.00024903	0.00014305	0.00052521	0.0016072	0.00045169	0.0015015	3.8943e-05	0.00024969	5.5828e-05	0.00031989	5.9652e-05	0.00022235	1.0717e-05	4.2631e-05	1.0516e-05	2.0807e-05	1.7598e-05	4.2209e-05	8.4661e-06	2.9183e-05	1.4891e-05	2.9202e-05	1.7722e-05	0.00016588	1.0463e-06	7.9349e-06	1.1374e-07	1.4684e-07	1.097e-08	2.3701e-08	1.507e-09	8.8685e-09	1.6456e-09	4.6081e-09	1.4986e-09	4.9361e-09	1.1022e-09	2.7134e-09	4.9072e-10	1.3744e-09	1.6107e-10	5.2704e-10	2.716e-10	7.8368e-10	2.5494e-10	6.8401e-10	1.5052e-10	8.0824e-10	1.7062e-10	9.9128e-10	1.8978e-10	4.6801e-10	1.1242e-10	1.1649e-09	1.041e-10	3.1131e-10	7.4118e-11	2.7639e-10	3.2691e-11	3.1169e-10	5.3595e-11	2.4357e-10	6.0797e-11	2.4374e-10	9.2267e-11	1.5316e-10	3.1281e-11	1.5518e-10	2.2641e-11	1.4138e-10	1.2741e-11	1.4148e-10	4.8896e-11	2.101e-10	1.382e-10	2.6257e-10	4.8963e-11	8.5836e-11	2.6328e-11	2.4589e-10	1.2803e-11	1.435e-11	8.6921e-12
440.916	0.42742	0.060156	0.00024789	0.00014282	0.00052297	0.0016	0.00044996	0.0014948	3.8779e-05	0.00024831	5.5553e-05	0.00031808	5.9342e-05	0.00022142	1.0681e-05	4.2505e-05	1.0497e-05	2.0774e-05	1.7544e-05	4.2036e-05	8.4326e-06	2.9054e-05	1.4798e-05	2.9051e-05	1.7622e-05	0.00016529	1.0452e-06	7.9117e-06	1.1329e-07	1.4634e-07	1.0924e-08	2.3601e-08	1.5006e-09	8.8288e-09	1.6386e-09	4.5884e-09	1.4916e-09	4.9126e-09	1.0975e-09	2.702e-09	4.8865e-10	1.3686e-09	1.6039e-10	5.2456e-10	2.7041e-10	7.8006e-10	2.5376e-10	6.8139e-10	1.4994e-10	8.0508e-10	1.6986e-10	9.8713e-10	1.8887e-10	4.6609e-10	1.1197e-10	1.16e-09	1.0365e-10	3.1003e-10	7.3786e-11	2.7504e-10	3.256e-11	3.1047e-10	5.3362e-11	2.4257e-10	6.0533e-11	2.4275e-10	9.1891e-11	1.5253e-10	3.1147e-11	1.5452e-10	2.2547e-11	1.4076e-10	1.2685e-11	1.4085e-10	4.868e-11	2.0914e-10	1.3756e-10	2.6135e-10	4.8739e-11	8.5473e-11	2.6242e-11	2.4509e-10	1.2758e-11	1.4293e-11	8.6608e-12
447.043	0.42704	0.0598	0.00024685	0.00014258	0.00052105	0.0015911	0.00044776	0.0014867	3.8595e-05	0.00024693	5.529e-05	0.00031635	5.9056e-05	0.00022025	1.0644e-05	4.2326e-05	1.0485e-05	2.0739e-05	1.7489e-05	4.1811e-05	8.3938e-06	2.89e-05	1.4707e-05	2.8911e-05	1.752e-05	0.00016463	1.0424e-06	7.8843e-06	1.1277e-07	1.4569e-07	1.0877e-08	2.3494e-08	1.4938e-09	8.7941e-09	1.6305e-09	4.5708e-09	1.4851e-09	4.8906e-09	1.0922e-09	2.6888e-09	4.8649e-10	1.3618e-09	1.5962e-10	5.2211e-10	2.691e-10	7.7676e-10	2.5256e-10	6.7894e-10	1.494e-10	8.0117e-10	1.6905e-10	9.8281e-10	1.8806e-10	4.6407e-10	1.1148e-10	1.155e-09	1.0321e-10	3.0868e-10	7.3437e-11	2.7395e-10	3.2397e-11	3.0909e-10	5.3136e-11	2.4149e-10	6.0277e-11	2.4165e-10	9.1476e-11	1.5185e-10	3.1013e-11	1.538e-10	2.2445e-11	1.4009e-10	1.2625e-11	1.4022e-10	4.8456e-11	2.0843e-10	1.3705e-10	2.6046e-10	4.8549e-11	8.519e-11	2.6154e-11	2.4422e-10	1.2718e-11	1.4248e-11	8.6269e-12
453.256	0.42649	0.059439	0.0002459	0.00014227	0.00051847	0.0015821	0.00044551	0.0014783	3.8428e-05	0.00024558	5.4975e-05	0.00031468	5.8765e-05	0.00021912	1.0614e-05	4.2154e-05	1.0459e-05	2.0702e-05	1.744e-05	4.1592e-05	8.3585e-06	2.8736e-05	1.4614e-05	2.8734e-05	1.742e-05	0.00016405	1.0399e-06	7.8553e-06	1.1228e-07	1.4504e-07	1.0828e-08	2.3381e-08	1.4866e-09	8.7626e-09	1.6231e-09	4.5537e-09	1.4794e-09	4.8716e-09	1.0871e-09	2.6764e-09	4.8412e-10	1.3556e-09	1.5888e-10	5.1996e-10	2.6789e-10	7.7386e-10	2.5151e-10	6.7608e-10	1.4876e-10	7.977e-10	1.6836e-10	9.782e-10	1.8725e-10	4.6206e-10	1.1101e-10	1.1496e-09	1.0276e-10	3.0738e-10	7.3138e-11	2.7273e-10	3.2263e-11	3.0779e-10	5.2908e-11	2.4035e-10	6.0002e-11	2.4054e-10	9.1052e-11	1.5113e-10	3.087e-11	1.5319e-10	2.2345e-11	1.396e-10	1.2581e-11	1.3975e-10	4.8293e-11	2.0774e-10	1.3663e-10	2.5961e-10	4.8395e-11	8.4879e-11	2.604e-11	2.4317e-10	1.2663e-11	1.4177e-11	8.5878e-12
459.555	0.42587	0.059089	0.00024488	0.00014192	0.00051587	0.0015734	0.00044333	0.0014702	3.8239e-05	0.00024426	5.4701e-05	0.000313	5.8437e-05	0.00021803	1.0574e-05	4.1988e-05	1.0439e-05	2.0661e-05	1.7389e-05	4.138e-05	8.3161e-06	2.8573e-05	1.4521e-05	2.8563e-05	1.7318e-05	0.00016325	1.0373e-06	7.8283e-06	1.1177e-07	1.4438e-07	1.0773e-08	2.3272e-08	1.4798e-09	8.7237e-09	1.6163e-09	4.5323e-09	1.4735e-09	4.8527e-09	1.0825e-09	2.665e-09	4.8181e-10	1.35e-09	1.5819e-10	5.1792e-10	2.6679e-10	7.7066e-10	2.5051e-10	6.7243e-10	1.4796e-10	7.9411e-10	1.6759e-10	9.7425e-10	1.8641e-10	4.5981e-10	1.1049e-10	1.1448e-09	1.0225e-10	3.0595e-10	7.2801e-11	2.7152e-10	3.2115e-11	3.0631e-10	5.2666e-11	2.3943e-10	5.9725e-11	2.3967e-10	9.0724e-11	1.5058e-10	3.0734e-11	1.5267e-10	2.2265e-11	1.3913e-10	1.2538e-11	1.3923e-10	4.8118e-11	2.0679e-10	1.3601e-10	2.5842e-10	4.8186e-11	8.4499e-11	2.5937e-11	2.4226e-10	1.2609e-11	1.4114e-11	8.546e-12
465.942	0.42506	0.058746	0.00024364	0.0001416	0.00051327	0.0015648	0.00044118	0.0014622	3.8074e-05	0.00024295	5.4392e-05	0.00031146	5.8143e-05	0.00021694	1.0536e-05	4.1823e-05	1.0416e-05	2.061e-05	1.7326e-05	4.117e-05	8.2706e-06	2.8408e-05	1.4423e-05	2.8391e-05	1.7215e-05	0.00016248	1.0345e-06	7.7983e-06	1.1125e-07	1.4371e-07	1.0721e-08	2.3174e-08	1.4736e-09	8.6758e-09	1.6099e-09	4.5087e-09	1.4663e-09	4.8301e-09	1.0781e-09	2.6543e-09	4.7976e-10	1.3447e-09	1.5755e-10	5.1567e-10	2.6573e-10	7.6677e-10	2.4944e-10	6.6959e-10	1.4734e-10	7.9045e-10	1.6682e-10	9.7085e-10	1.8553e-10	4.5783e-10	1.0993e-10	1.1408e-09	1.0185e-10	3.044e-10	7.2465e-11	2.702e-10	3.1968e-11	3.0487e-10	5.2402e-11	2.3861e-10	5.9507e-11	2.3878e-10	9.039e-11	1.5004e-10	3.0624e-11	1.52e-10	2.2179e-11	1.3847e-10	1.2479e-11	1.3859e-10	4.7894e-11	2.0595e-10	1.3541e-10	2.5735e-10	4.7971e-11	8.4177e-11	2.583e-11	2.4116e-10	1.2564e-11	1.4042e-11	8.5062e-12
472.417	0.42419	0.058405	0.00024243	0.00014135	0.00051061	0.0015564	0.00043903	0.0014542	3.7856e-05	0.00024182	5.4112e-05	0.00030986	5.7813e-05	0.00021592	1.0497e-05	4.1665e-05	1.0394e-05	2.0555e-05	1.7273e-05	4.0967e-05	8.2257e-06	2.8241e-05	1.432e-05	2.8217e-05	1.7107e-05	0.0001617	1.0316e-06	7.7716e-06	1.1072e-07	1.4302e-07	1.0675e-08	2.3078e-08	1.4674e-09	8.6381e-09	1.6025e-09	4.4886e-09	1.4587e-09	4.8035e-09	1.0733e-09	2.6423e-09	4.7782e-10	1.3384e-09	1.5685e-10	5.1294e-10	2.6446e-10	7.6296e-10	2.4815e-10	6.6628e-10	1.4661e-10	7.8664e-10	1.6597e-10	9.6636e-10	1.8458e-10	4.5616e-10	1.0949e-10	1.1357e-09	1.0149e-10	3.0315e-10	7.2099e-11	2.6887e-10	3.1813e-11	3.0373e-10	5.2174e-11	2.3746e-10	5.9267e-11	2.3764e-10	8.9959e-11	1.4932e-10	3.0494e-11	1.513e-10	2.2074e-11	1.3788e-10	1.2425e-11	1.3803e-10	4.7697e-11	2.0507e-10	1.3492e-10	2.5629e-10	4.7798e-11	8.3776e-11	2.57e-11	2.3999e-10	1.2497e-11	1.3982e-11	8.471e-12
478.983	0.42364	0.058108	0.00024127	0.00014107	0.0005079	0.001549	0.00043721	0.0014474	3.7642e-05	0.00024038	5.3777e-05	0.00030811	5.7522e-05	0.00021493	1.0458e-05	4.1523e-05	1.0365e-05	2.0507e-05	1.7207e-05	4.0782e-05	8.1801e-06	2.8067e-05	1.4223e-05	2.8041e-05	1.6993e-05	0.00016091	1.0282e-06	7.7345e-06	1.1011e-07	1.4229e-07	1.063e-08	2.2964e-08	1.4601e-09	8.5945e-09	1.5934e-09	4.4663e-09	1.4519e-09	4.782e-09	1.0674e-09	2.6277e-09	4.7554e-10	1.3308e-09	1.5599e-10	5.1044e-10	2.6298e-10	7.5934e-10	2.469e-10	6.6314e-10	1.4592e-10	7.8251e-10	1.6518e-10	9.6186e-10	1.8378e-10	4.5407e-10	1.0909e-10	1.1303e-09	1.0098e-10	3.0204e-10	7.1758e-11	2.6783e-10	3.1644e-11	3.0246e-10	5.198e-11	2.3639e-10	5.8981e-11	2.3664e-10	8.9575e-11	1.4867e-10	3.0349e-11	1.5074e-10	2.1983e-11	1.3731e-10	1.2374e-11	1.3739e-10	4.7483e-11	2.0402e-10	1.3418e-10	2.5496e-10	4.7536e-11	8.3367e-11	2.5567e-11	2.3871e-10	1.2436e-11	1.3917e-11	8.4277e-12
485.639	0.4231	0.057738	0.00024006	0.00014067	0.00050499	0.0015396	0.00043483	0.001439	3.7426e-05	0.00023911	5.3431e-05	0.00030651	5.7154e-05	0.00021376	1.0416e-05	4.1336e-05	1.033e-05	2.0466e-05	1.7153e-05	4.055e-05	8.1339e-06	2.788e-05	1.4132e-05	2.785e-05	1.6886e-05	0.00016011	1.0247e-06	7.6993e-06	1.0953e-07	1.4151e-07	1.0577e-08	2.2835e-08	1.452e-09	8.553e-09	1.586e-09	4.4444e-09	1.4446e-09	4.7575e-09	1.0622e-09	2.615e-09	4.7276e-10	1.3247e-09	1.5523e-10	5.0791e-10	2.6177e-10	7.5556e-10	2.457e-10	6.5972e-10	1.4516e-10	7.7903e-10	1.6453e-10	9.5822e-10	1.8308e-10	4.5189e-10	1.0854e-10	1.126e-09	1.0052e-10	3.0053e-10	7.1478e-11	2.6671e-10	3.151e-11	3.0097e-10	5.1733e-11	2.3543e-10	5.8735e-11	2.3555e-10	8.9169e-11	1.4802e-10	3.0227e-11	1.499e-10	2.1878e-11	1.3657e-10	1.2308e-11	1.3669e-10	4.7237e-11	2.0294e-10	1.3352e-10	2.5363e-10	4.7307e-11	8.2907e-11	2.5439e-11	2.3756e-10	1.237e-11	1.3845e-11	8.3854e-12
492.388	0.42226	0.057408	0.00023882	0.00014022	0.00050194	0.0015315	0.00043273	0.0014312	3.7207e-05	0.00023775	5.3088e-05	0.00030474	5.6791e-05	0.00021275	1.0365e-05	4.1182e-05	1.0296e-05	2.0419e-05	1.7075e-05	4.0354e-05	8.0854e-06	2.7701e-05	1.4041e-05	2.7658e-05	1.6787e-05	0.00015923	1.0215e-06	7.6634e-06	1.0902e-07	1.4079e-07	1.0516e-08	2.2727e-08	1.445e-09	8.508e-09	1.5777e-09	4.4206e-09	1.4373e-09	4.7338e-09	1.0568e-09	2.6016e-09	4.7056e-10	1.3177e-09	1.5444e-10	5.0535e-10	2.604e-10	7.517e-10	2.4445e-10	6.5613e-10	1.4439e-10	7.7599e-10	1.6378e-10	9.5273e-10	1.8216e-10	4.5011e-10	1.0803e-10	1.1196e-09	1.001e-10	2.991e-10	7.1149e-11	2.6536e-10	3.1388e-11	2.9969e-10	5.1479e-11	2.3412e-10	5.844e-11	2.343e-10	8.8694e-11	1.4722e-10	3.0065e-11	1.4916e-10	2.1764e-11	1.3585e-10	1.2243e-11	1.3593e-10	4.698e-11	2.019e-10	1.3279e-10	2.5231e-10	4.7042e-11	8.2504e-11	2.5325e-11	2.365e-10	1.2313e-11	1.3772e-11	8.3433e-12
499.231	0.4212	0.057057	0.00023748	0.00013984	0.00049907	0.0015226	0.00043047	0.0014231	3.6985e-05	0.00023646	5.2741e-05	0.00030318	5.6428e-05	0.00021159	1.0315e-05	4.1001e-05	1.026e-05	2.0352e-05	1.6998e-05	4.0132e-05	8.0333e-06	2.7536e-05	1.3939e-05	2.748e-05	1.6687e-05	0.00015834	1.0187e-06	7.627e-06	1.0853e-07	1.4013e-07	1.0465e-08	2.2606e-08	1.4374e-09	8.4607e-09	1.5698e-09	4.3977e-09	1.4294e-09	4.7081e-09	1.0513e-09	2.5883e-09	4.6803e-10	1.3111e-09	1.5364e-10	5.0269e-10	2.5907e-10	7.4752e-10	2.4317e-10	6.5334e-10	1.4378e-10	7.7202e-10	1.6295e-10	9.4784e-10	1.8126e-10	4.475e-10	1.0756e-10	1.1139e-09	9.9532e-11	2.9784e-10	7.0787e-11	2.6418e-10	3.1223e-11	2.9814e-10	5.1273e-11	2.3288e-10	5.8134e-11	2.33e-10	8.8204e-11	1.4642e-10	2.9913e-11	1.4831e-10	2.1641e-11	1.3512e-10	1.2177e-11	1.3524e-10	4.6737e-11	2.0098e-10	1.3217e-10	2.5115e-10	4.6819e-11	8.2122e-11	2.5187e-11	2.352e-10	1.225e-11	1.3713e-11	8.3056e-12
506.169	0.42016	0.056723	0.0002363	0.0001394	0.00049641	0.0015143	0.00042832	0.0014153	3.6745e-05	0.00023502	5.2391e-05	0.00030118	5.6062e-05	0.00021057	1.0264e-05	4.084e-05	1.0223e-05	2.0287e-05	1.6919e-05	3.9929e-05	7.9837e-06	2.7374e-05	1.3831e-05	2.7312e-05	1.6574e-05	0.00015752	1.0156e-06	7.59e-06	1.0797e-07	1.3946e-07	1.0408e-08	2.2488e-08	1.4298e-09	8.4238e-09	1.5612e-09	4.379e-09	1.422e-09	4.6824e-09	1.0457e-09	2.5743e-09	4.6561e-10	1.3039e-09	1.5281e-10	4.9982e-10	2.5764e-10	7.4385e-10	2.4179e-10	6.505e-10	1.4314e-10	7.6809e-10	1.6224e-10	9.4242e-10	1.805e-10	4.452e-10	1.0694e-10	1.1075e-09	9.8992e-11	2.9611e-10	7.0482e-11	2.6281e-10	3.1069e-11	2.9655e-10	5.0967e-11	2.3159e-10	5.7794e-11	2.3177e-10	8.7736e-11	1.4563e-10	2.9735e-11	1.4759e-10	2.1529e-11	1.3448e-10	1.212e-11	1.3461e-10	4.6519e-11	1.9986e-10	1.3147e-10	2.4977e-10	4.658e-11	8.1663e-11	2.5053e-11	2.3393e-10	1.2184e-11	1.3639e-11	8.2585e-12
513.204	0.41918	0.056353	0.00023527	0.00013895	0.00049367	0.0015048	0.00042589	0.0014068	3.65e-05	0.00023346	5.2023e-05	0.00029924	5.5692e-05	0.00020929	1.0213e-05	4.0639e-05	1.0184e-05	2.0225e-05	1.6839e-05	3.9688e-05	7.9381e-06	2.719e-05	1.3733e-05	2.7134e-05	1.6455e-05	0.00015676	1.0115e-06	7.5487e-06	1.0729e-07	1.3867e-07	1.0352e-08	2.236e-08	1.4217e-09	8.3863e-09	1.5521e-09	4.3578e-09	1.4159e-09	4.6617e-09	1.0395e-09	2.5592e-09	4.6299e-10	1.2964e-09	1.5192e-10	4.9741e-10	2.562e-10	7.4067e-10	2.4059e-10	6.4697e-10	1.4236e-10	7.648e-10	1.6132e-10	9.3777e-10	1.7942e-10	4.4255e-10	1.0635e-10	1.102e-09	9.8433e-11	2.9448e-10	7.0076e-11	2.6137e-10	3.0927e-11	2.9478e-10	5.0697e-11	2.3046e-10	5.7493e-11	2.3066e-10	8.7316e-11	1.4493e-10	2.9585e-11	1.4682e-10	2.1426e-11	1.3374e-10	1.2053e-11	1.3384e-10	4.6253e-11	1.9877e-10	1.3075e-10	2.4841e-10	4.6321e-11	8.121e-11	2.4919e-11	2.3273e-10	1.2115e-11	1.3562e-11	8.2171e-12
520.336	0.41813	0.055956	0.000234	0.00013844	0.0004905	0.0014948	0.00042323	0.0013975	3.627e-05	0.00023193	5.1639e-05	0.0002973	5.5298e-05	0.00020801	1.016e-05	4.0428e-05	1.0138e-05	2.0157e-05	1.6757e-05	3.9438e-05	7.8928e-06	2.6988e-05	1.3629e-05	2.6931e-05	1.6347e-05	0.00015595	1.0075e-06	7.5074e-06	1.0674e-07	1.3784e-07	1.0293e-08	2.2235e-08	1.4139e-09	8.3398e-09	1.5449e-09	4.3341e-09	1.4087e-09	4.6395e-09	1.0345e-09	2.547e-09	4.6031e-10	1.2905e-09	1.5118e-10	4.9525e-10	2.5505e-10	7.3673e-10	2.3954e-10	6.438e-10	1.4168e-10	7.6012e-10	1.6045e-10	9.3268e-10	1.7842e-10	4.4031e-10	1.0574e-10	1.0961e-09	9.7943e-11	2.9278e-10	6.97e-11	2.5979e-10	3.0742e-11	2.9322e-10	5.0393e-11	2.2917e-10	5.7208e-11	2.2932e-10	8.6809e-11	1.441e-10	2.9433e-11	1.4599e-10	2.1301e-11	1.3299e-10	1.1985e-11	1.3308e-10	4.5994e-11	1.9769e-10	1.2999e-10	2.4703e-10	4.6054e-11	8.0796e-11	2.4798e-11	2.3156e-10	1.2059e-11	1.3491e-11	8.1703e-12
527.567	0.41697	0.055565	0.0002327	0.00013797	0.00048725	0.0014849	0.00042062	0.0013883	3.6054e-05	0.00023038	5.1275e-05	0.00029534	5.4896e-05	0.00020673	1.0099e-05	4.0218e-05	1.0095e-05	2.0086e-05	1.6666e-05	3.919e-05	7.8412e-06	2.681e-05	1.3526e-05	2.6739e-05	1.6233e-05	0.00015499	1.0037e-06	7.4698e-06	1.0612e-07	1.3709e-07	1.0233e-08	2.2133e-08	1.4074e-09	8.298e-09	1.5378e-09	4.3137e-09	1.4009e-09	4.6135e-09	1.03e-09	2.5357e-09	4.5816e-10	1.2844e-09	1.5052e-10	4.9246e-10	2.5379e-10	7.3271e-10	2.3822e-10	6.404e-10	1.4091e-10	7.5583e-10	1.5944e-10	9.2731e-10	1.7736e-10	4.3791e-10	1.052e-10	1.0898e-09	9.7383e-11	2.9128e-10	6.9262e-11	2.5837e-10	3.0564e-11	2.9172e-10	5.0133e-11	2.2786e-10	5.6869e-11	2.2801e-10	8.6313e-11	1.4328e-10	2.9261e-11	1.4513e-10	2.1178e-11	1.3223e-10	1.1916e-11	1.3237e-10	4.5743e-11	1.967e-10	1.2938e-10	2.4582e-10	4.5836e-11	8.0373e-11	2.4648e-11	2.3014e-10	1.1989e-11	1.3411e-11	8.122e-12
534.899	0.41575	0.055172	0.00023162	0.00013761	0.00048421	0.0014749	0.00041797	0.0013791	3.5828e-05	0.00022882	5.0935e-05	0.00029337	5.4518e-05	0.00020545	1.0041e-05	4.0005e-05	1.0056e-05	2.0005e-05	1.6573e-05	3.8939e-05	7.785e-06	2.6617e-05	1.3418e-05	2.6547e-05	1.6119e-05	0.00015409	9.9967e-07	7.4348e-06	1.0552e-07	1.363e-07	1.0185e-08	2.2019e-08	1.4001e-09	8.2532e-09	1.5289e-09	4.2878e-09	1.3943e-09	4.5906e-09	1.0239e-09	2.5209e-09	4.5591e-10	1.277e-09	1.4964e-10	4.8978e-10	2.5235e-10	7.2938e-10	2.369e-10	6.3659e-10	1.4008e-10	7.5122e-10	1.5858e-10	9.2171e-10	1.7643e-10	4.3533e-10	1.0458e-10	1.0832e-09	9.6818e-11	2.8959e-10	6.8891e-11	2.5703e-10	3.0383e-11	2.8996e-10	4.9851e-11	2.2651e-10	5.6534e-11	2.2674e-10	8.583e-11	1.4246e-10	2.9087e-11	1.4442e-10	2.1064e-11	1.3157e-10	1.1857e-11	1.3168e-10	4.5506e-11	1.9549e-10	1.2861e-10	2.4432e-10	4.5569e-11	7.9865e-11	2.4517e-11	2.2895e-10	1.192e-11	1.3331e-11	8.0769e-12
542.333	0.41442	0.054777	0.00023007	0.00013713	0.00048101	0.0014648	0.00041529	0.0013697	3.5568e-05	0.00022722	5.059e-05	0.00029124	5.4164e-05	0.00020415	9.988e-06	3.9789e-05	1.0019e-05	1.9938e-05	1.6485e-05	3.8687e-05	7.7351e-06	2.6428e-05	1.3314e-05	2.6353e-05	1.5999e-05	0.00015319	9.9546e-07	7.3965e-06	1.0488e-07	1.355e-07	1.0132e-08	2.1892e-08	1.392e-09	8.2032e-09	1.5208e-09	4.2632e-09	1.3855e-09	4.5638e-09	1.0184e-09	2.5073e-09	4.5324e-10	1.2704e-09	1.4882e-10	4.8739e-10	2.5107e-10	7.2461e-10	2.3578e-10	6.326e-10	1.3919e-10	7.472e-10	1.5771e-10	9.1719e-10	1.7539e-10	4.3266e-10	1.0396e-10	1.0779e-09	9.6236e-11	2.8787e-10	6.851e-11	2.5545e-10	3.0222e-11	2.8822e-10	4.9552e-11	2.2538e-10	5.6227e-11	2.2554e-10	8.5378e-11	1.4172e-10	2.8936e-11	1.4357e-10	2.095e-11	1.3076e-10	1.1784e-11	1.3084e-10	4.5219e-11	1.9443e-10	1.2786e-10	2.4297e-10	4.5292e-11	7.9447e-11	2.4369e-11	2.2754e-10	1.1851e-11	1.3263e-11	8.0349e-12
549.87	0.41304	0.054369	0.00022868	0.0001366	0.00047778	0.0014543	0.00041251	0.0013602	3.5317e-05	0.0002255	5.0202e-05	0.00028911	5.3795e-05	0.00020276	9.9376e-06	3.9559e-05	9.9729e-06	1.9883e-05	1.6404e-05	3.8421e-05	7.6815e-06	2.6227e-05	1.3223e-05	2.6154e-05	1.5886e-05	0.00015228	9.9078e-07	7.3509e-06	1.0423e-07	1.3464e-07	1.0072e-08	2.1781e-08	1.385e-09	8.1507e-09	1.5124e-09	4.2349e-09	1.3775e-09	4.5364e-09	1.0131e-09	2.4939e-09	4.5087e-10	1.2631e-09	1.4805e-10	4.8422e-10	2.4957e-10	7.2032e-10	2.3422e-10	6.2886e-10	1.3838e-10	7.4274e-10	1.5673e-10	9.1155e-10	1.7433e-10	4.3047e-10	1.0333e-10	1.0713e-09	9.5739e-11	2.861e-10	6.8087e-11	2.5389e-10	3.0037e-11	2.8664e-10	4.9242e-11	2.2397e-10	5.5913e-11	2.2409e-10	8.483e-11	1.4082e-10	2.8769e-11	1.4268e-10	2.0813e-11	1.3002e-10	1.1717e-11	1.3013e-10	4.4974e-11	1.9323e-10	1.2711e-10	2.4149e-10	4.5033e-11	7.8948e-11	2.4216e-11	2.2612e-10	1.1777e-11	1.3191e-11	7.9911e-12
557.511	0.41162	0.053937	0.00022716	0.00013618	0.00047434	0.0014433	0.00040953	0.0013499	3.5069e-05	0.00022387	4.9806e-05	0.00028713	5.3377e-05	0.00020134	9.8802e-06	3.9316e-05	9.9185e-06	1.9803e-05	1.6318e-05	3.8143e-05	7.6284e-06	2.6032e-05	1.3121e-05	2.5945e-05	1.5787e-05	0.00015134	9.8689e-07	7.3099e-06	1.0369e-07	1.3386e-07	1.0019e-08	2.1644e-08	1.3761e-09	8.1017e-09	1.5028e-09	4.2107e-09	1.3682e-09	4.5061e-09	1.0065e-09	2.4779e-09	4.4818e-10	1.2552e-09	1.4709e-10	4.8122e-10	2.4804e-10	7.1563e-10	2.328e-10	6.2542e-10	1.3762e-10	7.3815e-10	1.5575e-10	9.0597e-10	1.7323e-10	4.2781e-10	1.0278e-10	1.0646e-09	9.5127e-11	2.846e-10	6.7657e-11	2.5245e-10	2.9852e-11	2.8499e-10	4.8988e-11	2.2265e-10	5.554e-11	2.2285e-10	8.4358e-11	1.4002e-10	2.8581e-11	1.4185e-10	2.0699e-11	1.2921e-10	1.1645e-11	1.293e-10	4.4687e-11	1.92e-10	1.263e-10	2.3995e-10	4.4746e-11	7.8445e-11	2.4074e-11	2.2484e-10	1.1705e-11	1.3111e-11	7.9419e-12
565.259	0.41014	0.053525	0.00022583	0.00013551	0.00047119	0.0014328	0.00040669	0.0013401	3.4816e-05	0.00022235	4.9434e-05	0.00028525	5.2973e-05	0.00020001	9.812e-06	3.9088e-05	9.8737e-06	1.9723e-05	1.6217e-05	3.788e-05	7.5719e-06	2.5863e-05	1.3015e-05	2.5762e-05	1.5674e-05	0.00015033	9.8353e-07	7.2673e-06	1.0313e-07	1.3318e-07	9.9561e-09	2.1511e-08	1.3678e-09	8.0564e-09	1.4929e-09	4.1861e-09	1.3603e-09	4.4793e-09	1e-09	2.4618e-09	4.4536e-10	1.2468e-09	1.4614e-10	4.7811e-10	2.4635e-10	7.1153e-10	2.3127e-10	6.2134e-10	1.3672e-10	7.3339e-10	1.5489e-10	9.0046e-10	1.7231e-10	4.2508e-10	1.0211e-10	1.0582e-09	9.4559e-11	2.8275e-10	6.7289e-11	2.5098e-10	2.9665e-11	2.8307e-10	4.8677e-11	2.2126e-10	5.5229e-11	2.214e-10	8.3811e-11	1.3912e-10	2.8416e-11	1.4092e-10	2.0564e-11	1.2837e-10	1.1569e-11	1.2846e-10	4.4397e-11	1.9086e-10	1.2551e-10	2.385e-10	4.4458e-11	7.8001e-11	2.394e-11	2.2357e-10	1.1641e-11	1.3035e-11	7.8917e-12
573.115	0.40845	0.053142	0.00022438	0.00013493	0.00046837	0.001423	0.00040406	0.001331	3.4558e-05	0.00022085	4.9047e-05	0.00028327	5.2576e-05	0.00019877	9.7552e-06	3.8878e-05	9.8227e-06	1.9657e-05	1.6118e-05	3.7636e-05	7.518e-06	2.5677e-05	1.2921e-05	2.5592e-05	1.5557e-05	0.00014948	9.7893e-07	7.2249e-06	1.0248e-07	1.3237e-07	9.8936e-09	2.1361e-08	1.3583e-09	8.0029e-09	1.4835e-09	4.1587e-09	1.352e-09	4.4532e-09	9.9355e-10	2.4461e-09	4.423e-10	1.2391e-09	1.452e-10	4.7535e-10	2.4487e-10	7.0708e-10	2.2992e-10	6.1734e-10	1.3584e-10	7.2941e-10	1.5393e-10	8.9451e-10	1.7117e-10	4.2249e-10	1.0149e-10	1.0512e-09	9.3954e-11	2.8102e-10	6.6868e-11	2.4926e-10	2.9499e-11	2.8144e-10	4.8366e-11	2.1979e-10	5.4863e-11	2.1994e-10	8.3257e-11	1.382e-10	2.8228e-11	1.4e-10	2.0428e-11	1.2758e-10	1.1497e-11	1.2771e-10	4.4132e-11	1.8977e-10	1.2481e-10	2.3715e-10	4.4212e-11	7.7551e-11	2.3801e-11	2.2224e-10	1.1573e-11	1.2945e-11	7.8422e-12
581.08	0.40676	0.052762	0.00022287	0.00013422	0.00046506	0.0014132	0.00040144	0.0013221	3.4284e-05	0.00021917	4.8658e-05	0.00028102	5.2174e-05	0.00019748	9.6915e-06	3.8662e-05	9.7723e-06	1.9555e-05	1.6021e-05	3.7387e-05	7.4708e-06	2.5477e-05	1.2804e-05	2.5386e-05	1.5455e-05	0.0001487	9.7444e-07	7.1805e-06	1.019e-07	1.3154e-07	9.8234e-09	2.1232e-08	1.3501e-09	7.9504e-09	1.4749e-09	4.131e-09	1.3431e-09	4.4233e-09	9.8774e-10	2.4318e-09	4.3955e-10	1.2318e-09	1.4435e-10	4.7223e-10	2.434e-10	7.0245e-10	2.2844e-10	6.1356e-10	1.3502e-10	7.2452e-10	1.5288e-10	8.8868e-10	1.701e-10	4.1964e-10	1.0083e-10	1.0443e-09	9.3322e-11	2.792e-10	6.6416e-11	2.478e-10	2.9299e-11	2.7954e-10	4.8061e-11	2.184e-10	5.4494e-11	2.186e-10	8.275e-11	1.3735e-10	2.8038e-11	1.3921e-10	2.0307e-11	1.2684e-10	1.1431e-11	1.2696e-10	4.3874e-11	1.8864e-10	1.2407e-10	2.3575e-10	4.395e-11	7.7073e-11	2.3647e-11	2.2083e-10	1.1498e-11	1.2866e-11	7.7924e-12
589.155	0.40527	0.052337	0.00022131	0.00013364	0.00046169	0.0014023	0.00039848	0.0013122	3.4043e-05	0.00021739	4.8249e-05	0.00027893	5.1762e-05	0.000196	9.6297e-06	3.8411e-05	9.7171e-06	1.9461e-05	1.5921e-05	3.7105e-05	7.418e-06	2.53e-05	1.2696e-05	2.5192e-05	1.5325e-05	0.00014771	9.7051e-07	7.1329e-06	1.0124e-07	1.3084e-07	9.7626e-09	2.11e-08	1.3416e-09	7.901e-09	1.4647e-09	4.1071e-09	1.3339e-09	4.3935e-09	9.8103e-10	2.4152e-09	4.3689e-10	1.2234e-09	1.4337e-10	4.6911e-10	2.4175e-10	6.9765e-10	2.2692e-10	6.0982e-10	1.3419e-10	7.1988e-10	1.5194e-10	8.8351e-10	1.6898e-10	4.1682e-10	1.0014e-10	1.0382e-09	9.2723e-11	2.7729e-10	6.6003e-11	2.461e-10	2.9117e-11	2.7763e-10	4.7732e-11	2.1712e-10	5.417e-11	2.173e-10	8.2258e-11	1.3653e-10	2.7875e-11	1.3837e-10	2.0185e-11	1.2608e-10	1.1362e-11	1.2617e-10	4.3604e-11	1.874e-10	1.2324e-10	2.3419e-10	4.3663e-11	7.6582e-11	2.3487e-11	2.1928e-10	1.1425e-11	1.2774e-11	7.7361e-12
597.343	0.40372	0.051894	0.00021999	0.00013299	0.00045873	0.0013909	0.00039534	0.0013015	3.3819e-05	0.00021577	4.7873e-05	0.0002768	5.133e-05	0.00019458	9.5635e-06	3.8159e-05	9.6637e-06	1.9359e-05	1.5818e-05	3.6822e-05	7.3623e-06	2.5083e-05	1.2579e-05	2.5003e-05	1.5204e-05	0.00014679	9.6499e-07	7.0945e-06	1.0056e-07	1.2987e-07	9.7012e-09	2.0955e-08	1.3324e-09	7.8517e-09	1.4548e-09	4.0799e-09	1.3262e-09	4.3668e-09	9.7442e-10	2.3989e-09	4.3386e-10	1.215e-09	1.424e-10	4.6594e-10	2.4009e-10	6.9364e-10	2.2536e-10	6.0541e-10	1.3322e-10	7.1506e-10	1.5088e-10	8.7807e-10	1.678e-10	4.1436e-10	9.9487e-11	1.0318e-09	9.2167e-11	2.7547e-10	6.5542e-11	2.4438e-10	2.8918e-11	2.7595e-10	4.7409e-11	2.1578e-10	5.3837e-11	2.1593e-10	8.1742e-11	1.3569e-10	2.7703e-11	1.3745e-10	2.0057e-11	1.2523e-10	1.1286e-11	1.2534e-10	4.3316e-11	1.861e-10	1.2244e-10	2.3259e-10	4.3385e-11	7.6023e-11	2.3334e-11	2.179e-10	1.1345e-11	1.2685e-11	7.6813e-12
605.645	0.40205	0.051486	0.0002184	0.00013229	0.0004549	0.0013804	0.00039248	0.0012919	3.3549e-05	0.00021407	4.7532e-05	0.00027468	5.095e-05	0.00019318	9.4967e-06	3.7919e-05	9.6191e-06	1.9271e-05	1.5707e-05	3.6552e-05	7.3131e-06	2.488e-05	1.2473e-05	2.4786e-05	1.5075e-05	0.0001459	9.5974e-07	7.0569e-06	9.9813e-08	1.2899e-07	9.6331e-09	2.0807e-08	1.323e-09	7.7939e-09	1.4454e-09	4.0509e-09	1.3171e-09	4.3382e-09	9.6789e-10	2.383e-09	4.3083e-10	1.2073e-09	1.4144e-10	4.6312e-10	2.3861e-10	6.8876e-10	2.2402e-10	6.0166e-10	1.3239e-10	7.0999e-10	1.4981e-10	8.7205e-10	1.6668e-10	4.1176e-10	9.8878e-11	1.0248e-09	9.1589e-11	2.7378e-10	6.5079e-11	2.4288e-10	2.8713e-11	2.7422e-10	4.7123e-11	2.143e-10	5.3484e-11	2.1449e-10	8.1192e-11	1.3477e-10	2.7518e-11	1.3656e-10	1.9924e-11	1.2436e-10	1.1208e-11	1.2443e-10	4.3005e-11	1.8487e-10	1.2158e-10	2.3103e-10	4.307e-11	7.5544e-11	2.3175e-11	2.1637e-10	1.1272e-11	1.2599e-11	7.6331e-12
614.061	0.4004	0.05106	0.00021687	0.00013155	0.00045131	0.0013694	0.00038946	0.0012817	3.3291e-05	0.00021237	4.7138e-05	0.00027249	5.0597e-05	0.00019177	9.4405e-06	3.7671e-05	9.5677e-06	1.9168e-05	1.5612e-05	3.6274e-05	7.251e-06	2.4656e-05	1.2363e-05	2.4569e-05	1.4959e-05	0.00014484	9.5429e-07	7.0107e-06	9.9155e-08	1.2805e-07	9.5644e-09	2.068e-08	1.315e-09	7.7447e-09	1.436e-09	4.0242e-09	1.3078e-09	4.3063e-09	9.618e-10	2.3678e-09	4.281e-10	1.1994e-09	1.4056e-10	4.5975e-10	2.3701e-10	6.8408e-10	2.2241e-10	5.9731e-10	1.3143e-10	7.0515e-10	1.4889e-10	8.6617e-10	1.6564e-10	4.089e-10	9.8246e-11	1.018e-09	9.095e-11	2.7204e-10	6.4682e-11	2.4132e-10	2.8522e-11	2.7238e-10	4.6822e-11	2.1281e-10	5.3127e-11	2.1291e-10	8.0598e-11	1.338e-10	2.7338e-11	1.3555e-10	1.9774e-11	1.2351e-10	1.1131e-11	1.2362e-10	4.2721e-11	1.8358e-10	1.2078e-10	2.2944e-10	4.2788e-11	7.4995e-11	2.3e-11	2.1477e-10	1.1185e-11	1.252e-11	7.5855e-12
622.595	0.39885	0.050635	0.00021529	0.00013095	0.00044755	0.0013584	0.00038644	0.0012716	3.3043e-05	0.00021059	4.6744e-05	0.00027019	5.0173e-05	0.00019032	9.3803e-06	3.7418e-05	9.5112e-06	1.9063e-05	1.5524e-05	3.5993e-05	7.1937e-06	2.4456e-05	1.2248e-05	2.4356e-05	1.4836e-05	0.00014378	9.4949e-07	6.9685e-06	9.85e-08	1.2722e-07	9.5044e-09	2.0535e-08	1.3056e-09	7.6879e-09	1.4251e-09	3.9947e-09	1.2988e-09	4.2779e-09	9.5459e-10	2.35e-09	4.252e-10	1.1903e-09	1.3951e-10	4.5669e-10	2.3524e-10	6.7926e-10	2.209e-10	5.9294e-10	1.3047e-10	7.0068e-10	1.4792e-10	8.5987e-10	1.6456e-10	4.0612e-10	9.755e-11	1.0105e-09	9.0298e-11	2.7011e-10	6.4261e-11	2.3968e-10	2.8339e-11	2.7054e-10	4.6489e-11	2.1131e-10	5.2719e-11	2.1148e-10	8.0056e-11	1.3288e-10	2.7128e-11	1.3465e-10	1.9644e-11	1.2265e-10	1.1053e-11	1.2271e-10	4.2413e-11	1.8218e-10	1.1984e-10	2.2768e-10	4.2457e-11	7.4438e-11	2.2828e-11	2.1318e-10	1.1103e-11	1.2444e-11	7.5417e-12
631.248	0.39717	0.050189	0.00021364	0.00013019	0.00044413	0.0013468	0.00038325	0.001261	3.2753e-05	0.00020892	4.6389e-05	0.00026826	4.9773e-05	0.00018879	9.3129e-06	3.7149e-05	9.4625e-06	1.8956e-05	1.5414e-05	3.5696e-05	7.1312e-06	2.4248e-05	1.2132e-05	2.4159e-05	1.4709e-05	0.00014274	9.4386e-07	6.9241e-06	9.7772e-08	1.2631e-07	9.437e-09	2.0383e-08	1.2961e-09	7.6307e-09	1.4158e-09	3.9652e-09	1.2892e-09	4.246e-09	9.4828e-10	2.3345e-09	4.2196e-10	1.1825e-09	1.3858e-10	4.5334e-10	2.3365e-10	6.742e-10	2.193e-10	5.8904e-10	1.2962e-10	6.9604e-10	1.4687e-10	8.5399e-10	1.6337e-10	4.0308e-10	9.6835e-11	1.0036e-09	8.9659e-11	2.6814e-10	6.3803e-11	2.3803e-10	2.8149e-11	2.6843e-10	4.6164e-11	2.0982e-10	5.2367e-11	2.0993e-10	7.9469e-11	1.3192e-10	2.6945e-11	1.3359e-10	1.9497e-11	1.2169e-10	1.0967e-11	1.2178e-10	4.2087e-11	1.808e-10	1.1894e-10	2.2595e-10	4.2141e-11	7.3885e-11	2.2679e-11	2.118e-10	1.1027e-11	1.236e-11	7.4854e-12
640.02	0.39536	0.049776	0.00021205	0.00012943	0.00044041	0.0013362	0.00038029	0.001251	3.2466e-05	0.00020743	4.5953e-05	0.00026634	4.9381e-05	0.00018747	9.2525e-06	3.6913e-05	9.3976e-06	1.8861e-05	1.531e-05	3.5431e-05	7.0752e-06	2.403e-05	1.2029e-05	2.3937e-05	1.458e-05	0.00014179	9.3822e-07	6.8751e-06	9.704e-08	1.2538e-07	9.3656e-09	2.024e-08	1.2869e-09	7.5799e-09	1.405e-09	3.9395e-09	1.2796e-09	4.2138e-09	9.4109e-10	2.3168e-09	4.1908e-10	1.1735e-09	1.3753e-10	4.499e-10	2.3188e-10	6.6936e-10	2.1764e-10	5.8508e-10	1.2875e-10	6.9093e-10	1.4585e-10	8.4712e-10	1.6217e-10	4.0028e-10	9.6142e-11	9.9553e-10	8.9011e-11	2.6621e-10	6.3357e-11	2.3615e-10	2.7945e-11	2.666e-10	4.5818e-11	2.0815e-10	5.1963e-11	2.083e-10	7.885e-11	1.3089e-10	2.6732e-11	1.3257e-10	1.9348e-11	1.2076e-10	1.0883e-11	1.2086e-10	4.1765e-11	1.796e-10	1.1811e-10	2.2444e-10	4.184e-11	7.3398e-11	2.253e-11	2.1041e-10	1.0954e-11	1.2268e-11	7.4287e-12
648.915	0.39356	0.049401	0.00021058	0.00012867	0.00043665	0.0013266	0.00037762	0.0012421	3.2182e-05	0.00020573	4.5536e-05	0.00026412	4.8935e-05	0.00018623	9.1808e-06	3.6698e-05	9.3377e-06	1.8742e-05	1.5208e-05	3.5188e-05	7.0159e-06	2.3808e-05	1.1912e-05	2.372e-05	1.4467e-05	0.0001407	9.3259e-07	6.8238e-06	9.6394e-08	1.2443e-07	9.2991e-09	2.0084e-08	1.277e-09	7.5278e-09	1.3942e-09	3.9124e-09	1.2711e-09	4.1859e-09	9.3385e-10	2.299e-09	4.1586e-10	1.1645e-09	1.3648e-10	4.4671e-10	2.301e-10	6.6488e-10	2.1607e-10	5.8089e-10	1.2782e-10	6.8575e-10	1.447e-10	8.4056e-10	1.6098e-10	3.9702e-10	9.5431e-11	9.8784e-10	8.8295e-11	2.6425e-10	6.286e-11	2.3451e-10	2.7729e-11	2.6449e-10	4.5493e-11	2.0653e-10	5.156e-11	2.0668e-10	7.8238e-11	1.2986e-10	2.6527e-11	1.3162e-10	1.9199e-11	1.1993e-10	1.0808e-11	1.2004e-10	4.1484e-11	1.784e-10	1.1732e-10	2.2294e-10	4.156e-11	7.2909e-11	2.2391e-11	2.0907e-10	1.0886e-11	1.2177e-11	7.3778e-12
657.933	0.39177	0.048975	0.00020905	0.00012784	0.00043286	0.0013155	0.00037456	0.0012321	3.1918e-05	0.00020401	4.5111e-05	0.00026207	4.8488e-05	0.00018473	9.1111e-06	3.6433e-05	9.2705e-06	1.8636e-05	1.5089e-05	3.4899e-05	6.9546e-06	2.3613e-05	1.1798e-05	2.351e-05	1.4336e-05	0.00013962	9.2741e-07	6.7762e-06	9.5676e-08	1.2359e-07	9.2263e-09	1.993e-08	1.2673e-09	7.4728e-09	1.3847e-09	3.883e-09	1.2623e-09	4.1566e-09	9.2726e-10	2.2829e-09	4.1261e-10	1.1565e-09	1.3551e-10	4.4364e-10	2.2855e-10	6.6023e-10	2.1459e-10	5.7667e-10	1.269e-10	6.8063e-10	1.4367e-10	8.3453e-10	1.5978e-10	3.9391e-10	9.4654e-11	9.8067e-10	8.7592e-11	2.6209e-10	6.241e-11	2.3263e-10	2.7528e-11	2.6242e-10	4.5116e-11	2.0509e-10	5.1164e-11	2.0527e-10	7.7703e-11	1.2897e-10	2.6328e-11	1.3072e-10	1.9068e-11	1.1911e-10	1.0734e-11	1.1923e-10	4.1201e-11	1.7727e-10	1.1657e-10	2.2154e-10	4.129e-11	7.2424e-11	2.2214e-11	2.0743e-10	1.0803e-11	1.2095e-11	7.3255e-12
667.077	0.38994	0.048548	0.00020738	0.00012704	0.00042938	0.0013044	0.00037147	0.0012218	3.1623e-05	0.00020247	4.472e-05	0.0002599	4.8055e-05	0.00018335	9.0338e-06	3.6182e-05	9.2114e-06	1.8516e-05	1.4968e-05	3.4622e-05	6.892e-06	2.339e-05	1.1683e-05	2.3304e-05	1.4211e-05	0.0001386	9.2111e-07	6.7308e-06	9.4917e-08	1.2261e-07	9.154e-09	1.9793e-08	1.2586e-09	7.4178e-09	1.3748e-09	3.8543e-09	1.2525e-09	4.1252e-09	9.2071e-10	2.2668e-09	4.0977e-10	1.1483e-09	1.3455e-10	4.4043e-10	2.2693e-10	6.5515e-10	2.1305e-10	5.719e-10	1.2585e-10	6.7546e-10	1.4247e-10	8.2874e-10	1.5845e-10	3.9101e-10	9.3888e-11	9.7386e-10	8.6977e-11	2.5998e-10	6.1888e-11	2.3077e-10	2.7314e-11	2.6039e-10	4.4755e-11	2.0366e-10	5.0808e-11	2.0384e-10	7.7163e-11	1.2808e-10	2.6145e-11	1.2986e-10	1.8937e-11	1.1836e-10	1.0666e-11	1.1843e-10	4.0931e-11	1.7585e-10	1.1567e-10	2.1977e-10	4.0981e-11	7.1852e-11	2.2037e-11	2.0579e-10	1.0718e-11	1.1995e-11	7.2607e-12
676.347	0.38806	0.048161	0.00020568	0.00012631	0.00042539	0.0012943	0.00036868	0.0012127	3.1331e-05	0.00020056	4.4293e-05	0.00025761	4.765e-05	0.00018193	8.9653e-06	3.5939e-05	9.1477e-06	1.8392e-05	1.4851e-05	3.4355e-05	6.8369e-06	2.3171e-05	1.1564e-05	2.3072e-05	1.4082e-05	0.00013759	9.1561e-07	6.6793e-06	9.4208e-08	1.2169e-07	9.0902e-09	1.965e-08	1.2495e-09	7.3555e-09	1.3644e-09	3.823e-09	1.243e-09	4.0945e-09	9.1385e-10	2.2498e-09	4.0681e-10	1.1395e-09	1.3355e-10	4.3704e-10	2.2517e-10	6.4996e-10	2.114e-10	5.6772e-10	1.2493e-10	6.6978e-10	1.4132e-10	8.2328e-10	1.5715e-10	3.8824e-10	9.322e-11	9.6739e-10	8.6362e-11	2.5812e-10	6.1388e-11	2.2896e-10	2.7087e-11	2.5855e-10	4.4425e-11	2.0235e-10	5.0456e-11	2.0247e-10	7.6645e-11	1.2723e-10	2.5967e-11	1.2886e-10	1.8806e-11	1.1739e-10	1.0579e-11	1.1748e-10	4.06e-11	1.7442e-10	1.1474e-10	2.1799e-10	4.0654e-11	7.128e-11	2.1881e-11	2.0435e-10	1.0639e-11	1.1895e-11	7.2076e-12
685.747	0.38589	0.047693	0.00020402	0.00012554	0.00042171	0.0012822	0.00036525	0.0012013	3.1051e-05	0.00019876	4.3869e-05	0.00025521	4.7196e-05	0.00018038	8.8944e-06	3.5653e-05	9.0808e-06	1.8277e-05	1.4742e-05	3.4047e-05	6.7732e-06	2.2951e-05	1.1449e-05	2.2866e-05	1.3949e-05	0.00013642	9.0923e-07	6.628e-06	9.3436e-08	1.2072e-07	9.0233e-09	1.9494e-08	1.2395e-09	7.3008e-09	1.3541e-09	3.7941e-09	1.2329e-09	4.0601e-09	9.0681e-10	2.2325e-09	4.0362e-10	1.131e-09	1.3252e-10	4.334e-10	2.2346e-10	6.4491e-10	2.0967e-10	5.6295e-10	1.2387e-10	6.642e-10	1.4023e-10	8.1666e-10	1.5601e-10	3.8562e-10	9.255e-11	9.5973e-10	8.5787e-11	2.5626e-10	6.0918e-11	2.2731e-10	2.6863e-11	2.5674e-10	4.4105e-11	2.0067e-10	5.009e-11	2.0081e-10	7.6017e-11	1.2618e-10	2.5771e-11	1.2782e-10	1.8652e-11	1.1642e-10	1.0492e-11	1.1652e-10	4.0267e-11	1.7318e-10	1.1388e-10	2.1641e-10	4.0342e-11	7.0774e-11	2.1716e-11	2.0277e-10	1.0561e-11	1.1808e-11	7.1495e-12
695.277	0.38368	0.047243	0.00020232	0.00012468	0.00041772	0.0012704	0.00036197	0.0011906	3.0773e-05	0.00019691	4.3449e-05	0.00025299	4.675e-05	0.00017878	8.8189e-06	3.5367e-05	9.0118e-06	1.8165e-05	1.4617e-05	3.374e-05	6.7125e-06	2.2722e-05	1.134e-05	2.2638e-05	1.3823e-05	0.00013541	9.0278e-07	6.5815e-06	9.2671e-08	1.1971e-07	8.9506e-09	1.9341e-08	1.2297e-09	7.2382e-09	1.3424e-09	3.7609e-09	1.2234e-09	4.0291e-09	8.9897e-10	2.2132e-09	4.0051e-10	1.1212e-09	1.3138e-10	4.3008e-10	2.2158e-10	6.3973e-10	2.0804e-10	5.5825e-10	1.2284e-10	6.593e-10	1.392e-10	8.0989e-10	1.5487e-10	3.8251e-10	9.1919e-11	9.518e-10	8.5068e-11	2.5452e-10	6.0472e-11	2.2569e-10	2.6666e-11	2.5481e-10	4.3806e-11	1.99e-10	4.9678e-11	1.9915e-10	7.5386e-11	1.2513e-10	2.5559e-11	1.2683e-10	1.85e-11	1.1557e-10	1.0415e-11	1.1568e-10	3.9976e-11	1.7184e-10	1.1303e-10	2.1475e-10	4.0045e-11	7.0197e-11	2.1516e-11	2.0091e-10	1.0464e-11	1.171e-11	7.0935e-12
704.94	0.38145	0.046789	0.00020049	0.00012379	0.00041368	0.0012586	0.00035862	0.0011796	3.0461e-05	0.00019521	4.3051e-05	0.00025083	4.6328e-05	0.00017727	8.7418e-06	3.5089e-05	8.952e-06	1.8046e-05	1.4494e-05	3.344e-05	6.6493e-06	2.2501e-05	1.123e-05	2.241e-05	1.3702e-05	0.00013427	8.9694e-07	6.532e-06	9.199e-08	1.1877e-07	8.8794e-09	1.9179e-08	1.2195e-09	7.177e-09	1.332e-09	3.729e-09	1.2125e-09	3.9934e-09	8.921e-10	2.1963e-09	3.9706e-10	1.1125e-09	1.3037e-10	4.2647e-10	2.1985e-10	6.3413e-10	2.0632e-10	5.5367e-10	1.2184e-10	6.544e-10	1.3822e-10	8.0368e-10	1.538e-10	3.793e-10	9.1138e-11	9.444e-10	8.4346e-11	2.5236e-10	6.0047e-11	2.2397e-10	2.6468e-11	2.5268e-10	4.344e-11	1.9751e-10	4.927e-11	1.9769e-10	7.4832e-11	1.2421e-10	2.5354e-11	1.2587e-10	1.8364e-11	1.1467e-10	1.0334e-11	1.1474e-10	3.9658e-11	1.7024e-10	1.1198e-10	2.1275e-10	3.9683e-11	6.9559e-11	2.1354e-11	1.9945e-10	1.0381e-11	1.1618e-11	7.0372e-12
714.736	0.37906	0.04637	0.00019868	0.00012292	0.0004099	0.0012477	0.00035555	0.0011695	3.0183e-05	0.00019336	4.2603e-05	0.00024847	4.5901e-05	0.00017584	8.6745e-06	3.4831e-05	8.8804e-06	1.7921e-05	1.4378e-05	3.3161e-05	6.5844e-06	2.2292e-05	1.1112e-05	2.2203e-05	1.3578e-05	0.00013312	8.9108e-07	6.4779e-06	9.1279e-08	1.1787e-07	8.8039e-09	1.9027e-08	1.2097e-09	7.1176e-09	1.3202e-09	3.6994e-09	1.202e-09	3.9592e-09	8.8435e-10	2.1771e-09	3.9393e-10	1.1026e-09	1.2924e-10	4.2275e-10	2.1787e-10	6.2861e-10	2.045e-10	5.4948e-10	1.2092e-10	6.4978e-10	1.3709e-10	7.9743e-10	1.5247e-10	3.7631e-10	9.0351e-11	9.3712e-10	8.3711e-11	2.5018e-10	5.9551e-11	2.2207e-10	2.6277e-11	2.506e-10	4.3068e-11	1.9595e-10	4.8902e-11	1.9606e-10	7.4222e-11	1.2321e-10	2.5162e-11	1.2471e-10	1.8208e-11	1.1358e-10	1.0236e-11	1.1367e-10	3.9284e-11	1.6896e-10	1.1109e-10	2.1113e-10	3.9349e-11	6.9038e-11	2.117e-11	1.9769e-10	1.0296e-11	1.1529e-11	6.9844e-12
724.669	0.37659	0.045911	0.00019708	0.00012202	0.00040618	0.0012357	0.00035216	0.0011585	2.9876e-05	0.00019152	4.2198e-05	0.00024611	4.5432e-05	0.00017424	8.5966e-06	3.4537e-05	8.8129e-06	1.7781e-05	1.4258e-05	3.2848e-05	6.5227e-06	2.2079e-05	1.0992e-05	2.1991e-05	1.3448e-05	0.00013209	8.8485e-07	6.4284e-06	9.0509e-08	1.1693e-07	8.7329e-09	1.8852e-08	1.1987e-09	7.0629e-09	1.3087e-09	3.671e-09	1.1925e-09	3.9269e-09	8.7661e-10	2.1581e-09	3.9034e-10	1.093e-09	1.2811e-10	4.1909e-10	2.1597e-10	6.2377e-10	2.0271e-10	5.4538e-10	1.2002e-10	6.441e-10	1.3591e-10	7.8978e-10	1.5114e-10	3.7336e-10	8.9665e-11	9.2823e-10	8.3034e-11	2.4827e-10	5.9037e-11	2.2021e-10	2.6049e-11	2.4869e-10	4.273e-11	1.9407e-10	4.8469e-11	1.9421e-10	7.3517e-11	1.2203e-10	2.4932e-11	1.2366e-10	1.8039e-11	1.127e-10	1.0157e-11	1.1281e-10	3.8989e-11	1.6746e-10	1.1015e-10	2.0928e-10	3.903e-11	6.8426e-11	2.0998e-11	1.9609e-10	1.021e-11	1.144e-11	6.9314e-12
734.74	0.37446	0.045458	0.00019547	0.00012103	0.00040231	0.0012238	0.0003488	0.0011476	2.9568e-05	0.00018972	4.1754e-05	0.00024398	4.5008e-05	0.00017265	8.5204e-06	3.4247e-05	8.7409e-06	1.7657e-05	1.4126e-05	3.254e-05	6.4633e-06	2.1851e-05	1.0876e-05	2.177e-05	1.3311e-05	0.00013104	8.7849e-07	6.3742e-06	8.975e-08	1.1594e-07	8.6517e-09	1.8685e-08	1.188e-09	7.0096e-09	1.2977e-09	3.6441e-09	1.1832e-09	3.8962e-09	8.6902e-10	2.1395e-09	3.8689e-10	1.0839e-09	1.27e-10	4.1581e-10	2.142e-10	6.189e-10	2.0112e-10	5.4097e-10	1.1903e-10	6.3837e-10	1.3479e-10	7.8339e-10	1.4996e-10	3.6975e-10	8.8926e-11	9.2054e-10	8.2228e-11	2.4623e-10	5.8556e-11	2.1851e-10	2.582e-11	2.4641e-10	4.2385e-11	1.9254e-10	4.8021e-11	1.9271e-10	7.2952e-11	1.2109e-10	2.4711e-11	1.2263e-10	1.7899e-11	1.1171e-10	1.0067e-11	1.1179e-10	3.8634e-11	1.6608e-10	1.0923e-10	2.0755e-10	3.8694e-11	6.7865e-11	2.0825e-11	1.9449e-10	1.0125e-11	1.1349e-11	6.869e-12
744.951	0.37212	0.045017	0.00019393	0.00012005	0.00039837	0.0012123	0.00034552	0.0011369	2.9288e-05	0.00018799	4.131e-05	0.00024166	4.4545e-05	0.0001712	8.4431e-06	3.3976e-05	8.6665e-06	1.7516e-05	1.4006e-05	3.225e-05	6.4021e-06	2.1619e-05	1.0757e-05	2.1553e-05	1.3184e-05	0.00012993	8.713e-07	6.3201e-06	8.896e-08	1.1488e-07	8.5736e-09	1.8532e-08	1.1784e-09	6.9513e-09	1.2874e-09	3.612e-09	1.1745e-09	3.867e-09	8.6212e-10	2.1225e-09	3.8365e-10	1.0753e-09	1.2599e-10	4.1254e-10	2.125e-10	6.1425e-10	1.9953e-10	5.3618e-10	1.1798e-10	6.3336e-10	1.337e-10	7.7651e-10	1.4871e-10	3.6667e-10	8.8051e-11	9.1258e-10	8.1577e-11	2.4381e-10	5.8082e-11	2.1647e-10	2.5618e-11	2.4414e-10	4.1968e-11	1.9081e-10	4.7637e-11	1.9095e-10	7.2282e-11	1.1998e-10	2.4507e-11	1.2157e-10	1.7736e-11	1.1077e-10	9.9823e-12	1.1086e-10	3.8313e-11	1.647e-10	1.0831e-10	2.0582e-10	3.837e-11	6.7311e-11	2.066e-11	1.9294e-10	1.0046e-11	1.1244e-11	6.8115e-12
755.304	0.36947	0.044588	0.0001921	0.00011919	0.00039407	0.0012011	0.00034234	0.0011266	2.9002e-05	0.00018605	4.0902e-05	0.00023927	4.4081e-05	0.00016966	8.3624e-06	3.3698e-05	8.5964e-06	1.7373e-05	1.3874e-05	3.1955e-05	6.3383e-06	2.1395e-05	1.0632e-05	2.1315e-05	1.3048e-05	0.00012883	8.6498e-07	6.2722e-06	8.8201e-08	1.1392e-07	8.5025e-09	1.8383e-08	1.1689e-09	6.8889e-09	1.2774e-09	3.5794e-09	1.1638e-09	3.8329e-09	8.5534e-10	2.1059e-09	3.8056e-10	1.067e-09	1.2499e-10	4.0926e-10	2.1089e-10	6.0866e-10	1.9798e-10	5.3153e-10	1.1697e-10	6.2798e-10	1.3239e-10	7.6984e-10	1.4723e-10	3.6343e-10	8.7348e-11	9.0467e-10	8.0826e-11	2.4185e-10	5.7508e-11	2.1446e-10	2.5393e-11	2.4214e-10	4.1621e-11	1.8918e-10	4.7203e-11	1.8933e-10	7.1671e-11	1.1897e-10	2.4289e-11	1.2053e-10	1.7586e-11	1.0983e-10	9.8976e-12	1.0994e-10	3.7991e-11	1.6337e-10	1.0744e-10	2.0416e-10	3.8061e-11	6.6766e-11	2.0495e-11	1.914e-10	9.9657e-12	1.1147e-11	6.7531e-12
765.801	0.36687	0.04411	0.00019026	0.00011832	0.00039021	0.0011885	0.00033877	0.0011151	2.8701e-05	0.0001843	4.049e-05	0.00023698	4.3664e-05	0.00016803	8.2851e-06	3.339e-05	8.5284e-06	1.7232e-05	1.3741e-05	3.1632e-05	6.2707e-06	2.1163e-05	1.051e-05	2.1097e-05	1.291e-05	0.00012761	8.5769e-07	6.2221e-06	8.7352e-08	1.1287e-07	8.4329e-09	1.8243e-08	1.16e-09	6.8288e-09	1.2663e-09	3.5493e-09	1.1531e-09	3.7978e-09	8.4817e-10	2.0881e-09	3.7762e-10	1.0576e-09	1.2395e-10	4.0552e-10	2.0898e-10	6.0307e-10	1.9616e-10	5.2719e-10	1.16e-10	6.2165e-10	1.3123e-10	7.6316e-10	1.4603e-10	3.6025e-10	8.6528e-11	8.968e-10	8.013e-11	2.3959e-10	5.7013e-11	2.1266e-10	2.5141e-11	2.3992e-10	4.1241e-11	1.8755e-10	4.6799e-11	1.8773e-10	7.1063e-11	1.1795e-10	2.4079e-11	1.1955e-10	1.7439e-11	1.0893e-10	9.8166e-12	1.0903e-10	3.7679e-11	1.6205e-10	1.0657e-10	2.0251e-10	3.7752e-11	6.6221e-11	2.0295e-11	1.8955e-10	9.8735e-12	1.1052e-11	6.6941e-12
776.444	0.36435	0.043682	0.00018862	0.00011748	0.00038594	0.0011773	0.00033557	0.0011047	2.8405e-05	0.00018239	4.0062e-05	0.00023456	4.3235e-05	0.0001665	8.2115e-06	3.3111e-05	8.4572e-06	1.7105e-05	1.3623e-05	3.1337e-05	6.2083e-06	2.0922e-05	1.0399e-05	2.0856e-05	1.2774e-05	0.00012651	8.5052e-07	6.168e-06	8.6528e-08	1.1181e-07	8.368e-09	1.8072e-08	1.1491e-09	6.7718e-09	1.2546e-09	3.5189e-09	1.1434e-09	3.7652e-09	8.4033e-10	2.0688e-09	3.7418e-10	1.0478e-09	1.2281e-10	4.0181e-10	2.0704e-10	5.9811e-10	1.9435e-10	5.2202e-10	1.1485e-10	6.1654e-10	1.3006e-10	7.5686e-10	1.4465e-10	3.5707e-10	8.5774e-11	8.8941e-10	7.9434e-11	2.375e-10	5.6495e-11	2.107e-10	2.4934e-11	2.3783e-10	4.0878e-11	1.8599e-10	4.6406e-11	1.8616e-10	7.047e-11	1.1696e-10	2.3879e-11	1.1856e-10	1.7294e-11	1.0803e-10	9.736e-12	1.0813e-10	3.7368e-11	1.6045e-10	1.0556e-10	2.005e-10	3.7408e-11	6.5575e-11	2.0122e-11	1.8789e-10	9.7863e-12	1.0957e-11	6.64e-12
787.234	0.3621	0.043213	0.00018683	0.00011647	0.0003817	0.0011649	0.00033205	0.0010934	2.8084e-05	0.00018047	3.9639e-05	0.0002322	4.2781e-05	0.00016486	8.1355e-06	3.2805e-05	8.383e-06	1.6978e-05	1.3499e-05	3.1017e-05	6.1412e-06	2.0684e-05	1.0287e-05	2.0623e-05	1.265e-05	0.00012527	8.4355e-07	6.1146e-06	8.5785e-08	1.1076e-07	8.2882e-09	1.79e-08	1.1381e-09	6.7038e-09	1.2434e-09	3.4825e-09	1.1334e-09	3.7327e-09	8.327e-10	2.0501e-09	3.7065e-10	1.0386e-09	1.2169e-10	3.9846e-10	2.0525e-10	5.927e-10	1.9273e-10	5.1708e-10	1.1379e-10	6.1058e-10	1.2888e-10	7.5055e-10	1.4337e-10	3.5409e-10	8.502e-11	8.82e-10	7.876e-11	2.3541e-10	5.5986e-11	2.0883e-10	2.4694e-11	2.3582e-10	4.0515e-11	1.8444e-10	4.6013e-11	1.846e-10	6.9879e-11	1.1599e-10	2.3679e-11	1.1746e-10	1.7148e-11	1.0695e-10	9.6384e-12	1.0706e-10	3.6997e-11	1.5905e-10	1.0462e-10	1.9877e-10	3.7067e-11	6.4985e-11	1.9944e-11	1.8624e-10	9.6982e-12	1.0874e-11	6.5881e-12
798.175	0.35957	0.042744	0.00018482	0.00011544	0.00037756	0.0011526	0.00032852	0.001082	2.7788e-05	0.00017873	3.9177e-05	0.00023001	4.2335e-05	0.00016325	8.0555e-06	3.2499e-05	8.302e-06	1.6844e-05	1.3367e-05	3.0697e-05	6.0733e-06	2.0468e-05	1.0179e-05	2.04e-05	1.2527e-05	0.00012406	8.3711e-07	6.0593e-06	8.5051e-08	1.0982e-07	8.2085e-09	1.7747e-08	1.1285e-09	6.6408e-09	1.2327e-09	3.4521e-09	1.1215e-09	3.6936e-09	8.2559e-10	2.0325e-09	3.6739e-10	1.0295e-09	1.2065e-10	3.9459e-10	2.0344e-10	5.8655e-10	1.9091e-10	5.1247e-10	1.1276e-10	6.0511e-10	1.2771e-10	7.4313e-10	1.4209e-10	3.5109e-10	8.4289e-11	8.7341e-10	7.8094e-11	2.3338e-10	5.5478e-11	2.0704e-10	2.4472e-11	2.338e-10	4.0169e-11	1.8257e-10	4.5605e-11	1.8275e-10	6.9177e-11	1.1482e-10	2.3459e-11	1.1638e-10	1.6977e-11	1.0601e-10	9.5537e-12	1.0609e-10	3.6663e-11	1.5762e-10	1.0367e-10	1.9698e-10	3.6725e-11	6.4408e-11	1.9762e-11	1.8456e-10	9.61e-12	1.0778e-11	6.5305e-12
809.267	0.35694	0.042319	0.00018315	0.00011454	0.0003737	0.0011415	0.00032531	0.0010716	2.7459e-05	0.00017695	3.8755e-05	0.00022777	4.1866e-05	0.00016178	7.9713e-06	3.2227e-05	8.2292e-06	1.6695e-05	1.3237e-05	3.0411e-05	6.0066e-06	2.0252e-05	1.0057e-05	2.0187e-05	1.2403e-05	0.00012293	8.3085e-07	6.0056e-06	8.4355e-08	1.0888e-07	8.1372e-09	1.7586e-08	1.1182e-09	6.5798e-09	1.2198e-09	3.4188e-09	1.1118e-09	3.6605e-09	8.172e-10	2.0117e-09	3.6411e-10	1.0187e-09	1.1943e-10	3.9059e-10	2.0128e-10	5.8151e-10	1.8894e-10	5.0759e-10	1.117e-10	5.9965e-10	1.2661e-10	7.364e-10	1.4085e-10	3.4759e-10	8.3563e-11	8.6542e-10	7.7296e-11	2.3138e-10	5.5e-11	2.0524e-10	2.4254e-11	2.3164e-10	3.9824e-11	1.8094e-10	4.5158e-11	1.8106e-10	6.854e-11	1.1377e-10	2.3238e-11	1.153e-10	1.6819e-11	1.0505e-10	9.4668e-12	1.0513e-10	3.6333e-11	1.5617e-10	1.0271e-10	1.9516e-10	3.6389e-11	6.3825e-11	1.9603e-11	1.8311e-10	9.5281e-12	1.0683e-11	6.4694e-12
820.514	0.35453	0.041885	0.00018124	0.00011352	0.00036992	0.00113	0.00032203	0.0010611	2.7141e-05	0.0001751	3.8289e-05	0.00022539	4.1423e-05	0.00016026	7.8928e-06	3.1943e-05	8.1481e-06	1.6549e-05	1.31e-05	3.0114e-05	5.9452e-06	2.0039e-05	9.9362e-06	1.9983e-05	1.2267e-05	0.00012185	8.2384e-07	5.9462e-06	8.3521e-08	1.079e-07	8.0622e-09	1.7397e-08	1.1062e-09	6.5169e-09	1.2083e-09	3.387e-09	1.1007e-09	3.625e-09	8.0913e-10	1.9921e-09	3.602e-10	1.0093e-09	1.1824e-10	3.8711e-10	1.9948e-10	5.7567e-10	1.8727e-10	5.0289e-10	1.1066e-10	5.9434e-10	1.255e-10	7.2956e-10	1.3962e-10	3.4439e-10	8.27e-11	8.5734e-10	7.6586e-11	2.2899e-10	5.4521e-11	2.0331e-10	2.404e-11	2.294e-10	3.9411e-11	1.7928e-10	4.4731e-11	1.7941e-10	6.7915e-11	1.1273e-10	2.3018e-11	1.1422e-10	1.6665e-11	1.0406e-10	9.378e-12	1.0416e-10	3.5996e-11	1.5491e-10	1.0184e-10	1.9357e-10	3.6068e-11	6.3323e-11	1.9435e-11	1.8149e-10	9.4504e-12	1.0575e-11	6.4031e-12
831.917	0.3521	0.041429	0.00017947	0.00011238	0.00036588	0.001118	0.00031859	0.0010501	2.6841e-05	0.00017328	3.7838e-05	0.00022298	4.0933e-05	0.00015865	7.8086e-06	3.1639e-05	8.0668e-06	1.6413e-05	1.2968e-05	2.9799e-05	5.8846e-06	1.9801e-05	9.8254e-06	1.9753e-05	1.2132e-05	0.00012082	8.1639e-07	5.8883e-06	8.2685e-08	1.0683e-07	7.9747e-09	1.7242e-08	1.0964e-09	6.4555e-09	1.1967e-09	3.3552e-09	1.0904e-09	3.5907e-09	8.0161e-10	1.9734e-09	3.5692e-10	9.9945e-10	1.1715e-10	3.8325e-10	1.975e-10	5.7029e-10	1.8539e-10	4.9839e-10	1.0967e-10	5.8906e-10	1.2423e-10	7.2262e-10	1.3816e-10	3.4114e-10	8.1923e-11	8.492e-10	7.5873e-11	2.2684e-10	5.3961e-11	2.0133e-10	2.3825e-11	2.2719e-10	3.9049e-11	1.7757e-10	4.4313e-11	1.7774e-10	6.7281e-11	1.1167e-10	2.2801e-11	1.1321e-10	1.6511e-11	1.032e-10	9.3003e-12	1.0333e-10	3.5706e-11	1.5354e-10	1.0098e-10	1.9188e-10	3.5773e-11	6.274e-11	1.9261e-11	1.7986e-10	9.364e-12	1.0468e-11	6.336e-12
843.478	0.34964	0.040981	0.00017772	0.00011143	0.00036162	0.0011062	0.0003152	0.0010393	2.655e-05	0.00017131	3.7407e-05	0.00022064	4.0459e-05	0.00015702	7.7231e-06	3.1337e-05	7.9873e-06	1.625e-05	1.2823e-05	2.9487e-05	5.8218e-06	1.9566e-05	9.7033e-06	1.9519e-05	1.2008e-05	0.00011962	8.093e-07	5.8365e-06	8.1943e-08	1.058e-07	7.9029e-09	1.7066e-08	1.0851e-09	6.3972e-09	1.1851e-09	3.3248e-09	1.0801e-09	3.5565e-09	7.9367e-10	1.954e-09	3.5333e-10	9.8985e-10	1.1599e-10	3.7962e-10	1.9561e-10	5.6499e-10	1.8363e-10	4.9391e-10	1.0869e-10	5.8285e-10	1.2305e-10	7.1638e-10	1.3685e-10	3.3785e-10	8.1153e-11	8.4175e-10	7.5147e-11	2.2471e-10	5.3451e-11	1.9936e-10	2.3575e-11	2.2503e-10	3.8679e-11	1.7609e-10	4.3904e-11	1.763e-10	6.6733e-11	1.1075e-10	2.2594e-11	1.1226e-10	1.6376e-11	1.0229e-10	9.218e-12	1.0237e-10	3.5378e-11	1.5215e-10	1.0005e-10	1.9014e-10	3.544e-11	6.2166e-11	1.9066e-11	1.7801e-10	9.2733e-12	1.0346e-11	6.2657e-12
855.2	0.34716	0.040507	0.000176	0.00011033	0.00035752	0.0010937	0.00031158	0.0010276	2.6273e-05	0.00016949	3.6995e-05	0.00021822	4.0022e-05	0.00015542	7.6391e-06	3.1028e-05	7.9136e-06	1.6094e-05	1.2682e-05	2.9168e-05	5.7542e-06	1.935e-05	9.5767e-06	1.93e-05	1.1867e-05	0.00011839	8.024e-07	5.7849e-06	8.1144e-08	1.0483e-07	7.8206e-09	1.6902e-08	1.0747e-09	6.339e-09	1.1736e-09	3.2945e-09	1.0701e-09	3.5239e-09	7.8601e-10	1.9351e-09	3.4991e-10	9.8028e-10	1.1487e-10	3.7611e-10	1.9373e-10	5.5978e-10	1.8192e-10	4.8892e-10	1.0757e-10	5.7718e-10	1.2185e-10	7.1011e-10	1.3554e-10	3.3488e-10	8.0371e-11	8.3447e-10	7.4518e-11	2.2254e-10	5.2934e-11	1.9744e-10	2.3344e-11	2.2294e-10	3.8301e-11	1.745e-10	4.3537e-11	1.7463e-10	6.6105e-11	1.0973e-10	2.2403e-11	1.1121e-10	1.6221e-11	1.0135e-10	9.1334e-12	1.0142e-10	3.5051e-11	1.5057e-10	9.9059e-11	1.8818e-10	3.5098e-11	6.1514e-11	1.8865e-11	1.7615e-10	9.1746e-12	1.0249e-11	6.2098e-12
867.086	0.34481	0.040063	0.00017428	0.00010931	0.00035355	0.001082	0.0003082	0.0010168	2.5953e-05	0.00016748	3.6599e-05	0.00021572	3.9593e-05	0.00015379	7.5617e-06	3.0725e-05	7.8413e-06	1.5946e-05	1.2553e-05	2.8856e-05	5.6885e-06	1.9107e-05	9.4642e-06	1.908e-05	1.1726e-05	0.00011727	7.9407e-07	5.7353e-06	8.0237e-08	1.0368e-07	7.7445e-09	1.6738e-08	1.0643e-09	6.2728e-09	1.1627e-09	3.2586e-09	1.0602e-09	3.4914e-09	7.7869e-10	1.9171e-09	3.465e-10	9.7118e-10	1.138e-10	3.7261e-10	1.9192e-10	5.5456e-10	1.8022e-10	4.8405e-10	1.0651e-10	5.7162e-10	1.2065e-10	7.0342e-10	1.3422e-10	3.3192e-10	7.9694e-11	8.2657e-10	7.3822e-11	2.2065e-10	5.2411e-11	1.9559e-10	2.3118e-11	2.2104e-10	3.7968e-11	1.7287e-10	4.3118e-11	1.7299e-10	6.5484e-11	1.087e-10	2.2189e-11	1.1011e-10	1.6068e-11	1.0029e-10	9.0378e-12	1.0034e-10	3.468e-11	1.4897e-10	9.7993e-11	1.8617e-10	3.472e-11	6.0867e-11	1.8653e-11	1.7412e-10	9.0749e-12	1.0152e-11	6.1496e-12
879.136	0.34235	0.039573	0.0001723	0.00010831	0.00034898	0.001069	0.00030446	0.0010049	2.5632e-05	0.00016553	3.6153e-05	0.00021327	3.9182e-05	0.00015208	7.4855e-06	3.0395e-05	7.7629e-06	1.5791e-05	1.2425e-05	2.852e-05	5.6261e-06	1.8861e-05	9.3424e-06	1.8828e-05	1.1598e-05	0.00011613	7.868e-07	5.6771e-06	7.9485e-08	1.0261e-07	7.6688e-09	1.6579e-08	1.0542e-09	6.2103e-09	1.1519e-09	3.2269e-09	1.0486e-09	3.4528e-09	7.714e-10	1.8992e-09	3.4323e-10	9.6209e-10	1.1273e-10	3.6887e-10	1.9013e-10	5.4853e-10	1.7846e-10	4.7918e-10	1.0545e-10	5.66e-10	1.1955e-10	6.9611e-10	1.3307e-10	3.2874e-10	7.8929e-11	8.181e-10	7.3123e-11	2.1855e-10	5.194e-11	1.939e-10	2.2894e-11	2.189e-10	3.7618e-11	1.7103e-10	4.27e-11	1.7113e-10	6.4781e-11	1.0754e-10	2.1969e-11	1.0891e-10	1.5894e-11	9.9205e-11	8.9403e-12	9.9275e-11	3.431e-11	1.4725e-10	9.6909e-11	1.8405e-10	3.434e-11	6.014e-11	1.845e-11	1.7232e-10	8.9707e-12	1.0058e-11	6.0938e-12
891.353	0.33963	0.039099	0.00017046	0.00010732	0.00034484	0.0010564	0.00030083	0.00099332	2.5338e-05	0.00016371	3.5702e-05	0.00021103	3.8709e-05	0.0001504	7.4055e-06	3.0072e-05	7.6798e-06	1.564e-05	1.2301e-05	2.819e-05	5.5547e-06	1.864e-05	9.2271e-06	1.8612e-05	1.1462e-05	0.00011479	7.7917e-07	5.6191e-06	7.8626e-08	1.0158e-07	7.5951e-09	1.6422e-08	1.0442e-09	6.1475e-09	1.1392e-09	3.1948e-09	1.0381e-09	3.419e-09	7.6323e-10	1.8788e-09	3.3997e-10	9.514e-10	1.1154e-10	3.6503e-10	1.8801e-10	5.4296e-10	1.7656e-10	4.7434e-10	1.0438e-10	5.6112e-10	1.1847e-10	6.8848e-10	1.3177e-10	3.2529e-10	7.8169e-11	8.091e-10	7.2332e-11	2.1645e-10	5.1463e-11	1.9199e-10	2.2695e-11	2.1672e-10	3.7259e-11	1.6917e-10	4.2231e-11	1.6928e-10	6.4082e-11	1.0637e-10	2.1727e-11	1.077e-10	1.5723e-11	9.8054e-11	8.8369e-12	9.8078e-11	3.3901e-11	1.4568e-10	9.5798e-11	1.8204e-10	3.3935e-11	5.9541e-11	1.8276e-11	1.7067e-10	8.8872e-12	9.9627e-12	6.0339e-12
903.741	0.33671	0.038661	0.00016866	0.00010629	0.00034062	0.0010449	0.00029748	0.00098256	2.5034e-05	0.00016195	3.5282e-05	0.00020882	3.8237e-05	0.00014888	7.3199e-06	2.9783e-05	7.6001e-06	1.5496e-05	1.2158e-05	2.7893e-05	5.4876e-06	1.8402e-05	9.115e-06	1.8377e-05	1.1332e-05	0.00011368	7.7173e-07	5.567e-06	7.7831e-08	1.0051e-07	7.5217e-09	1.6238e-08	1.0325e-09	6.0844e-09	1.1278e-09	3.162e-09	1.0277e-09	3.3844e-09	7.5538e-10	1.8596e-09	3.3615e-10	9.4191e-10	1.1039e-10	3.6124e-10	1.8612e-10	5.3748e-10	1.7473e-10	4.6982e-10	1.034e-10	5.5552e-10	1.173e-10	6.8056e-10	1.3049e-10	3.2168e-10	7.731e-11	7.9988e-10	7.1539e-11	2.1407e-10	5.096e-11	1.9004e-10	2.2467e-11	2.143e-10	3.6853e-11	1.6718e-10	4.1765e-11	1.6722e-10	6.3302e-11	1.051e-10	2.1484e-11	1.0643e-10	1.5529e-11	9.6981e-11	8.7398e-12	9.7086e-11	3.3549e-11	1.4428e-10	9.4892e-11	1.803e-10	3.3616e-11	5.8956e-11	1.8097e-11	1.6902e-10	8.7977e-12	9.8597e-12	5.9718e-12
916.301	0.33377	0.038232	0.00016688	0.00010516	0.00033646	0.0010335	0.00029418	0.00097209	2.4691e-05	0.00016027	3.4856e-05	0.00020658	3.781e-05	0.00014737	7.237e-06	2.9494e-05	7.5224e-06	1.5351e-05	1.2016e-05	2.7596e-05	5.4221e-06	1.8175e-05	9.0037e-06	1.8154e-05	1.1206e-05	0.00011243	7.6428e-07	5.5091e-06	7.705e-08	9.9476e-08	7.4368e-09	1.607e-08	1.0218e-09	6.0267e-09	1.1162e-09	3.1335e-09	1.0171e-09	3.3491e-09	7.4753e-10	1.8404e-09	3.3272e-10	9.3225e-10	1.0924e-10	3.5751e-10	1.8422e-10	5.3207e-10	1.7294e-10	4.655e-10	1.0244e-10	5.5001e-10	1.1604e-10	6.7279e-10	1.2904e-10	3.1795e-10	7.6455e-11	7.906e-10	7.0672e-11	2.117e-10	5.0407e-11	1.8789e-10	2.2243e-11	2.1188e-10	3.6442e-11	1.6534e-10	4.1247e-11	1.6551e-10	6.2652e-11	1.0399e-10	2.1225e-11	1.0541e-10	1.5376e-11	9.604e-11	8.6551e-12	9.6121e-11	3.3218e-11	1.4286e-10	9.393e-11	1.7851e-10	3.3272e-11	5.8387e-11	1.7923e-11	1.6739e-10	8.7144e-12	9.751e-12	5.9063e-12
929.035	0.33084	0.03782	0.00016528	0.00010407	0.00033233	0.0010226	0.00029102	0.00096216	2.44e-05	0.00015832	3.4375e-05	0.00020414	3.7352e-05	0.00014586	7.1576e-06	2.9211e-05	7.4311e-06	1.5185e-05	1.1886e-05	2.7306e-05	5.3557e-06	1.7956e-05	8.8869e-06	1.7933e-05	1.1082e-05	0.00011126	7.5717e-07	5.4471e-06	7.6281e-08	9.849e-08	7.3586e-09	1.5904e-08	1.0113e-09	5.9697e-09	1.1044e-09	3.1023e-09	1.008e-09	3.3183e-09	7.3967e-10	1.821e-09	3.2928e-10	9.2242e-10	1.081e-10	3.5395e-10	1.823e-10	5.2724e-10	1.7119e-10	4.6079e-10	1.014e-10	5.4381e-10	1.1472e-10	6.6621e-10	1.2759e-10	3.1427e-10	7.5507e-11	7.829e-10	6.9913e-11	2.0909e-10	4.9836e-11	1.8574e-10	2.1991e-11	2.0928e-10	3.6004e-11	1.6371e-10	4.0849e-11	1.6384e-10	6.2022e-11	1.0295e-10	2.102e-11	1.0432e-10	1.5219e-11	9.5078e-11	8.5683e-12	9.518e-11	3.2891e-11	1.4146e-10	9.3026e-11	1.7678e-10	3.2953e-11	5.7812e-11	1.7737e-11	1.6563e-10	8.6252e-12	9.6512e-12	5.8487e-12
941.946	0.32797	0.037349	0.00016347	0.000103	0.00032837	0.0010101	0.00028739	0.00095058	2.4074e-05	0.00015638	3.3962e-05	0.00020175	3.6855e-05	0.00014419	7.066e-06	2.8889e-05	7.3507e-06	1.5029e-05	1.1744e-05	2.698e-05	5.2904e-06	1.7737e-05	8.7688e-06	1.7718e-05	1.0945e-05	0.0001101	7.5006e-07	5.3935e-06	7.5499e-08	9.7506e-08	7.2818e-09	1.5738e-08	1.0008e-09	5.9088e-09	1.0939e-09	3.0709e-09	9.9754e-10	3.2852e-09	7.3243e-10	1.8033e-09	3.258e-10	9.1379e-10	1.0703e-10	3.5065e-10	1.8062e-10	5.2174e-10	1.6961e-10	4.5579e-10	1.0029e-10	5.3767e-10	1.1336e-10	6.5938e-10	1.2599e-10	3.1116e-10	7.4708e-11	7.7481e-10	6.9207e-11	2.0685e-10	4.9239e-11	1.8346e-10	2.1741e-11	2.0724e-10	3.5598e-11	1.6206e-10	4.0422e-11	1.6222e-10	6.1406e-11	1.0192e-10	2.0799e-11	1.0331e-10	1.5069e-11	9.414e-11	8.4837e-12	9.4231e-11	3.2564e-11	1.3996e-10	9.2055e-11	1.7491e-10	3.2613e-11	5.7194e-11	1.7546e-11	1.6381e-10	8.5331e-12	9.5655e-12	5.7968e-12
955.037	0.32534	0.036882	0.00016168	0.00010196	0.00032443	0.0009977	0.00028379	0.00093905	2.3769e-05	0.00015462	3.3508e-05	0.00019952	3.6424e-05	0.00014255	6.9822e-06	2.857e-05	7.2663e-06	1.4872e-05	1.1594e-05	2.6658e-05	5.2282e-06	1.7503e-05	8.6519e-06	1.7505e-05	1.0813e-05	0.00010897	7.4165e-07	5.3343e-06	7.4634e-08	9.6383e-08	7.2052e-09	1.5592e-08	9.9145e-10	5.8429e-09	1.083e-09	3.0357e-09	9.8724e-10	3.2516e-09	7.2534e-10	1.7857e-09	3.2276e-10	9.0457e-10	1.06e-10	3.4699e-10	1.7875e-10	5.1631e-10	1.6783e-10	4.5048e-10	9.9124e-11	5.3078e-10	1.1202e-10	6.5282e-10	1.2465e-10	3.0792e-10	7.3938e-11	7.6713e-10	6.8506e-11	2.0473e-10	4.8665e-11	1.8164e-10	2.146e-11	2.0503e-10	3.5238e-11	1.6043e-10	4.0022e-11	1.6058e-10	6.0786e-11	1.0089e-10	2.0595e-11	1.0222e-10	1.4916e-11	9.3131e-11	8.3929e-12	9.3211e-11	3.2212e-11	1.3841e-10	9.106e-11	1.7299e-10	3.2261e-11	5.6543e-11	1.7352e-11	1.6205e-10	8.4365e-12	9.4673e-12	5.734e-12
968.309	0.32246	0.036456	0.00015969	0.000101	0.00031994	0.00098641	0.0002805	0.00092865	2.3469e-05	0.00015276	3.3082e-05	0.00019697	3.5952e-05	0.00014103	6.8975e-06	2.8279e-05	7.1841e-06	1.4712e-05	1.1461e-05	2.6363e-05	5.166e-06	1.7272e-05	8.5371e-06	1.7265e-05	1.0682e-05	0.00010785	7.3418e-07	5.2786e-06	7.3814e-08	9.5345e-08	7.1372e-09	1.5426e-08	9.8087e-10	5.7743e-09	1.0718e-09	3.0004e-09	9.7571e-10	3.2139e-09	7.1774e-10	1.7671e-09	3.1938e-10	8.952e-10	1.0489e-10	3.432e-10	1.7689e-10	5.1024e-10	1.6603e-10	4.4505e-10	9.7921e-11	5.2518e-10	1.1088e-10	6.4578e-10	1.2334e-10	3.0482e-10	7.3185e-11	7.5888e-10	6.7808e-11	2.0264e-10	4.8169e-11	1.7969e-10	2.1243e-11	2.0299e-10	3.4873e-11	1.5869e-10	3.9603e-11	1.5882e-10	6.012e-11	9.9791e-11	2.0377e-11	1.011e-10	1.4753e-11	9.2092e-11	8.2994e-12	9.2137e-11	3.1845e-11	1.3689e-10	9.0025e-11	1.7107e-10	3.189e-11	5.594e-11	1.7184e-11	1.6052e-10	8.3518e-12	9.3608e-12	5.6681e-12
981.766	0.31939	0.035996	0.00015771	9.9929e-05	0.00031588	0.0009741	0.00027695	0.00091753	2.3174e-05	0.00015071	3.2659e-05	0.00019455	3.5507e-05	0.00013929	6.8138e-06	2.7948e-05	7.1021e-06	1.4568e-05	1.1316e-05	2.6031e-05	5.096e-06	1.7044e-05	8.4275e-06	1.7043e-05	1.0551e-05	0.00010656	7.2658e-07	5.2246e-06	7.301e-08	9.4301e-08	7.0602e-09	1.5262e-08	9.7043e-10	5.7031e-09	1.0593e-09	2.962e-09	9.6432e-10	3.1761e-09	7.0957e-10	1.7468e-09	3.1601e-10	8.8471e-10	1.037e-10	3.391e-10	1.7481e-10	5.042e-10	1.6404e-10	4.3961e-10	9.6738e-11	5.1959e-10	1.0971e-10	6.3859e-10	1.2207e-10	3.0149e-10	7.2427e-11	7.5048e-10	6.7059e-11	2.0054e-10	4.766e-11	1.7788e-10	2.1014e-11	2.0082e-10	3.4515e-11	1.5689e-10	3.9165e-11	1.5696e-10	5.942e-11	9.8642e-11	2.0151e-11	9.9936e-11	1.4578e-11	9.1066e-11	8.2068e-12	9.1144e-11	3.1498e-11	1.3558e-10	8.912e-11	1.6941e-10	3.1562e-11	5.5421e-11	1.7015e-11	1.5889e-10	8.2735e-12	9.2471e-12	5.5985e-12
995.41	0.31638	0.035508	0.00015555	9.8837e-05	0.00031178	0.00096116	0.00027317	0.0009054	2.2879e-05	0.00014894	3.2247e-05	0.00019221	3.5075e-05	0.00013762	6.7307e-06	2.7615e-05	7.0231e-06	1.4421e-05	1.1179e-05	2.5697e-05	5.0317e-06	1.6816e-05	8.3234e-06	1.6824e-05	1.043e-05	0.00010537	7.1885e-07	5.171e-06	7.2227e-08	9.3246e-08	6.9841e-09	1.508e-08	9.5877e-10	5.634e-09	1.0467e-09	2.9286e-09	9.5151e-10	3.1351e-09	7.0105e-10	1.7259e-09	3.1225e-10	8.7419e-10	1.0245e-10	3.3496e-10	1.7274e-10	4.9756e-10	1.6206e-10	4.3504e-10	9.5729e-11	5.1419e-10	1.0857e-10	6.3128e-10	1.2079e-10	2.981e-10	7.1615e-11	7.4182e-10	6.6278e-11	1.983e-10	4.7166e-11	1.7594e-10	2.0797e-11	1.9857e-10	3.4131e-11	1.5513e-10	3.87e-11	1.5526e-10	5.8772e-11	9.7554e-11	1.9915e-11	9.891e-11	1.4422e-11	9.0176e-11	8.1265e-12	9.0288e-11	3.1199e-11	1.342e-10	8.8259e-11	1.677e-10	3.1266e-11	5.4832e-11	1.6822e-11	1.5707e-10	8.1805e-12	9.1378e-12	5.5367e-12
1009.24	0.31337	0.035078	0.00015384	9.7632e-05	0.00030764	0.00094971	0.00026984	0.00089491	2.2554e-05	0.000147	3.1837e-05	0.00018984	3.4646e-05	0.00013603	6.651e-06	2.7312e-05	6.9443e-06	1.4267e-05	1.1045e-05	2.5393e-05	4.967e-06	1.6603e-05	8.2121e-06	1.6605e-05	1.031e-05	0.0001042	7.1209e-07	5.1133e-06	7.1511e-08	9.2303e-08	6.8994e-09	1.4898e-08	9.4719e-10	5.5745e-09	1.0332e-09	2.897e-09	9.4125e-10	3.0991e-09	6.9222e-10	1.704e-09	3.0852e-10	8.628e-10	1.0117e-10	3.3071e-10	1.7045e-10	4.9239e-10	1.5996e-10	4.3028e-10	9.4688e-11	5.087e-10	1.0736e-10	6.2493e-10	1.1942e-10	2.9465e-10	7.0761e-11	7.3427e-10	6.5538e-11	1.9594e-10	4.6637e-11	1.7395e-10	2.0573e-11	1.9621e-10	3.3734e-11	1.5361e-10	3.8287e-11	1.5379e-10	5.8213e-11	9.6613e-11	1.9707e-11	9.7953e-11	1.4288e-11	8.9248e-11	8.043e-12	8.9314e-11	3.0867e-11	1.3265e-10	8.7252e-11	1.6577e-10	3.0911e-11	5.4194e-11	1.6616e-11	1.5514e-10	8.0826e-12	9.0323e-12	5.4689e-12
1023.27	0.31049	0.034614	0.00015202	9.6421e-05	0.00030394	0.00093736	0.00026623	0.00088342	2.2247e-05	0.00014518	3.1381e-05	0.00018751	3.4198e-05	0.0001344	6.5716e-06	2.6992e-05	6.8539e-06	1.4096e-05	1.0913e-05	2.5073e-05	4.9017e-06	1.6395e-05	8.0966e-06	1.6408e-05	1.0185e-05	0.00010304	7.0463e-07	5.0556e-06	7.0716e-08	9.1321e-08	6.8152e-09	1.4696e-08	9.3444e-10	5.5134e-09	1.0209e-09	2.866e-09	9.3082e-10	3.0654e-09	6.8367e-10	1.6832e-09	3.0437e-10	8.5278e-10	9.991e-11	3.272e-10	1.6854e-10	4.8685e-10	1.5827e-10	4.2573e-10	9.3685e-11	5.0287e-10	1.0611e-10	6.1853e-10	1.1798e-10	2.9165e-10	6.9973e-11	7.2686e-10	6.4898e-11	1.9375e-10	4.6093e-11	1.7187e-10	2.0337e-11	1.9413e-10	3.3348e-11	1.5199e-10	3.7925e-11	1.521e-10	5.7577e-11	9.5574e-11	1.9515e-11	9.6825e-11	1.4128e-11	8.8207e-11	7.9492e-12	8.8262e-11	3.0504e-11	1.31e-10	8.6189e-11	1.6372e-10	3.0539e-11	5.3514e-11	1.6406e-11	1.532e-10	7.9801e-12	8.9204e-12	5.4017e-12
1037.49	0.30775	0.034175	0.00015032	9.5149e-05	0.00029996	0.00092565	0.00026282	0.00087261	2.1945e-05	0.0001434	3.0954e-05	0.0001853	3.3743e-05	0.0001328	6.4813e-06	2.6683e-05	6.7712e-06	1.3923e-05	1.0771e-05	2.4763e-05	4.843e-06	1.6176e-05	7.9758e-06	1.6191e-05	1.005e-05	0.000102	6.9714e-07	4.9984e-06	6.9908e-08	9.0318e-08	6.7224e-09	1.4538e-08	9.2447e-10	5.4541e-09	1.0098e-09	2.8349e-09	9.2082e-10	3.0321e-09	6.7626e-10	1.6649e-09	3.0095e-10	8.4338e-10	9.8829e-11	3.2351e-10	1.6666e-10	4.8166e-10	1.5647e-10	4.2087e-10	9.2612e-11	4.9666e-10	1.0486e-10	6.1126e-10	1.1665e-10	2.8862e-10	6.9292e-11	7.1834e-10	6.4191e-11	1.9185e-10	4.5555e-11	1.7004e-10	2.0087e-11	1.9222e-10	3.3013e-11	1.502e-10	3.7487e-11	1.5029e-10	5.6891e-11	9.4439e-11	1.9288e-11	9.5638e-11	1.3959e-11	8.7098e-11	7.8494e-12	8.7142e-11	3.0119e-11	1.2933e-10	8.5085e-11	1.6162e-10	3.0148e-11	5.2862e-11	1.6221e-11	1.5145e-10	7.8893e-12	8.8156e-12	5.3389e-12
1051.91	0.30506	0.033749	0.00014853	9.4109e-05	0.00029598	0.00091432	0.0002595	0.00086211	2.165e-05	0.00014165	3.0534e-05	0.00018309	3.3294e-05	0.00013129	6.399e-06	2.6386e-05	6.6887e-06	1.3738e-05	1.063e-05	2.4467e-05	4.7811e-06	1.5944e-05	7.8534e-06	1.5977e-05	9.9117e-06	0.00010084	6.8875e-07	4.9417e-06	6.9026e-08	8.9202e-08	6.6499e-09	1.4372e-08	9.1385e-10	5.3908e-09	9.9861e-10	2.8016e-09	9.1058e-10	2.9988e-09	6.6868e-10	1.6463e-09	2.9755e-10	8.3413e-10	9.7719e-11	3.2002e-10	1.6485e-10	4.7623e-10	1.5479e-10	4.1591e-10	9.1512e-11	4.9109e-10	1.0378e-10	6.0355e-10	1.1551e-10	2.8519e-10	6.8513e-11	7.0933e-10	6.342e-11	1.8971e-10	4.5087e-11	1.6833e-10	1.9865e-11	1.8996e-10	3.2656e-11	1.4829e-10	3.7029e-11	1.4836e-10	5.6161e-11	9.3231e-11	1.905e-11	9.44e-11	1.3779e-11	8.5977e-11	7.748e-12	8.6075e-11	2.9744e-11	1.2785e-10	8.4109e-11	1.5979e-10	2.98e-11	5.2229e-11	1.6016e-11	1.4954e-10	7.7895e-12	8.7096e-12	5.2758e-12
1066.53	0.30233	0.033327	0.00014668	9.3005e-05	0.00029164	0.0009031	0.00025621	0.00085171	2.1376e-05	0.00013981	3.0122e-05	0.00018058	3.2852e-05	0.00012977	6.3166e-06	2.6092e-05	6.6057e-06	1.3568e-05	1.049e-05	2.4172e-05	4.7188e-06	1.5706e-05	7.732e-06	1.5744e-05	9.7678e-06	9.9678e-05	6.8041e-07	4.8889e-06	6.8142e-08	8.8082e-08	6.5726e-09	1.4215e-08	9.0387e-10	5.3258e-09	9.8754e-10	2.7667e-09	8.9979e-10	2.9632e-09	6.6132e-10	1.6282e-09	2.9427e-10	8.2485e-10	9.6644e-11	3.1629e-10	1.63e-10	4.7058e-10	1.53e-10	4.1089e-10	9.0416e-11	4.8627e-10	1.0267e-10	5.9566e-10	1.1419e-10	2.8155e-10	6.7678e-11	7.0006e-10	6.2601e-11	1.874e-10	4.4599e-11	1.6632e-10	1.967e-11	1.8759e-10	3.2261e-11	1.4638e-10	3.6545e-11	1.4654e-10	5.5469e-11	9.2061e-11	1.88e-11	9.3303e-11	1.3613e-11	8.4984e-11	7.6588e-12	8.5027e-11	2.9387e-11	1.2622e-10	8.3035e-11	1.5775e-10	2.9419e-11	5.1561e-11	1.5816e-11	1.477e-10	7.6913e-12	8.6125e-12	5.2163e-12
1081.35	0.29993	0.032874	0.00014475	9.1964e-05	0.00028733	0.00089093	0.00025269	0.0008407	2.108e-05	0.00013794	2.9743e-05	0.00017832	3.2434e-05	0.00012805	6.2337e-06	2.576e-05	6.5316e-06	1.3413e-05	1.0351e-05	2.3844e-05	4.6506e-06	1.5459e-05	7.626e-06	1.5512e-05	9.6329e-06	9.8399e-05	6.7113e-07	4.8375e-06	6.7226e-08	8.6876e-08	6.5e-09	1.4051e-08	8.9344e-10	5.2617e-09	9.7573e-10	2.7345e-09	8.8834e-10	2.926e-09	6.5347e-10	1.6088e-09	2.9093e-10	8.1497e-10	9.5498e-11	3.125e-10	1.6105e-10	4.6468e-10	1.5117e-10	4.065e-10	8.9461e-11	4.8056e-10	1.0142e-10	5.8873e-10	1.1278e-10	2.7783e-10	6.6791e-11	6.9189e-10	6.1809e-11	1.8495e-10	4.4055e-11	1.6421e-10	1.9435e-11	1.8511e-10	3.1841e-11	1.4465e-10	3.6112e-11	1.4472e-10	5.4783e-11	9.0944e-11	1.8579e-11	9.2099e-11	1.3441e-11	8.3886e-11	7.5599e-12	8.3929e-11	2.9008e-11	1.2465e-10	8.1981e-11	1.5577e-10	2.9044e-11	5.0938e-11	1.5622e-11	1.4589e-10	7.598e-12	8.5079e-12	5.1544e-12
1096.38	0.29693	0.032432	0.00014303	9.0854e-05	0.00028266	0.00087916	0.00024923	0.0008297	2.0779e-05	0.00013611	2.933e-05	0.00017604	3.2031e-05	0.00012649	6.1597e-06	2.5451e-05	6.4491e-06	1.3257e-05	1.0222e-05	2.3538e-05	4.5829e-06	1.5225e-05	7.5179e-06	1.5263e-05	9.5112e-06	9.7123e-05	6.6348e-07	4.7828e-06	6.647e-08	8.5813e-08	6.4241e-09	1.3881e-08	8.8262e-10	5.2059e-09	9.6342e-10	2.7066e-09	8.781e-10	2.8915e-09	6.4538e-10	1.5888e-09	2.8741e-10	8.0461e-10	9.432e-11	3.0862e-10	1.5897e-10	4.5944e-10	1.4927e-10	4.0206e-10	8.8473e-11	4.7455e-10	1.0009e-10	5.8106e-10	1.1129e-10	2.7457e-10	6.5956e-11	6.8287e-10	6.1049e-11	1.8262e-10	4.3477e-11	1.6202e-10	1.919e-11	1.8291e-10	3.1427e-11	1.4276e-10	3.5641e-11	1.4283e-10	5.4069e-11	8.9757e-11	1.8337e-11	9.0915e-11	1.3265e-11	8.2832e-11	7.4648e-12	8.2908e-11	2.8651e-11	1.231e-10	8.0968e-11	1.5384e-10	2.8689e-11	5.0306e-11	1.5439e-11	1.442e-10	7.5061e-12	8.4135e-12	5.0961e-12
1111.61	0.29393	0.031995	0.00014145	8.9719e-05	0.00027869	0.0008675	0.00024581	0.00081884	2.0458e-05	0.0001343	2.8916e-05	0.00017374	3.1605e-05	0.00012492	6.0782e-06	2.5142e-05	6.3674e-06	1.3103e-05	1.0093e-05	2.3231e-05	4.5098e-06	1.5014e-05	7.4134e-06	1.506e-05	9.3892e-06	9.5765e-05	6.5583e-07	4.7238e-06	6.5678e-08	8.4811e-08	6.3455e-09	1.3703e-08	8.7132e-10	5.1471e-09	9.5187e-10	2.6747e-09	8.6923e-10	2.8616e-09	6.3748e-10	1.5694e-09	2.8367e-10	7.9504e-10	9.3161e-11	3.0523e-10	1.5711e-10	4.5464e-10	1.4761e-10	3.9707e-10	8.7371e-11	4.6817e-10	9.8747e-11	5.7361e-10	1.0989e-10	2.7095e-10	6.5118e-11	6.7407e-10	6.0244e-11	1.8031e-10	4.29e-11	1.6008e-10	1.8931e-11	1.805e-10	3.1043e-11	1.4096e-10	3.5175e-11	1.4108e-10	5.3406e-11	8.8644e-11	1.8099e-11	8.9784e-11	1.3105e-11	8.1794e-11	7.3712e-12	8.1869e-11	2.8292e-11	1.2166e-10	7.9987e-11	1.5202e-10	2.8337e-11	4.9729e-11	1.5254e-11	1.4244e-10	7.418e-12	8.3085e-12	5.0329e-12
1127.06	0.2909	0.031558	0.0001396	8.8551e-05	0.00027474	0.00085582	0.0002424	0.00080807	2.0137e-05	0.00013259	2.8471e-05	0.00017171	3.1156e-05	0.00012334	5.9975e-06	2.483e-05	6.2777e-06	1.2938e-05	9.9596e-06	2.2923e-05	4.4467e-06	1.4802e-05	7.3038e-06	1.4847e-05	9.269e-06	9.4669e-05	6.4845e-07	4.663e-06	6.4927e-08	8.3827e-08	6.2635e-09	1.3544e-08	8.613e-10	5.0822e-09	9.4183e-10	2.6406e-09	8.5852e-10	2.8275e-09	6.306e-10	1.5526e-09	2.8032e-10	7.8673e-10	9.2152e-11	3.0184e-10	1.555e-10	4.4901e-10	1.46e-10	3.9178e-10	8.6203e-11	4.6238e-10	9.7554e-11	5.6634e-10	1.0847e-10	2.6745e-10	6.4251e-11	6.6552e-10	5.9491e-11	1.7791e-10	4.2376e-11	1.5795e-10	1.87e-11	1.7813e-10	3.063e-11	1.3918e-10	3.4739e-11	1.393e-10	5.273e-11	8.7522e-11	1.7872e-11	8.868e-11	1.2939e-11	8.0826e-11	7.2839e-12	8.0918e-11	2.7963e-11	1.2016e-10	7.9036e-11	1.5017e-10	2.8001e-11	4.9102e-11	1.5076e-11	1.4082e-10	7.3286e-12	8.2081e-12	4.9718e-12
1142.73	0.28779	0.031157	0.00013767	8.7519e-05	0.00027092	0.00084516	0.00023925	0.00079808	1.9811e-05	0.00013094	2.8026e-05	0.00016948	3.0693e-05	0.00012195	5.9094e-06	2.4553e-05	6.1884e-06	1.2765e-05	9.8154e-06	2.2647e-05	4.3849e-06	1.4594e-05	7.1923e-06	1.4646e-05	9.1423e-06	9.3506e-05	6.4089e-07	4.5993e-06	6.4129e-08	8.2842e-08	6.1908e-09	1.34e-08	8.5206e-10	5.0134e-09	9.3056e-10	2.6045e-09	8.4738e-10	2.7911e-09	6.2326e-10	1.5344e-09	2.7742e-10	7.7722e-10	9.1084e-11	2.9802e-10	1.5358e-10	4.431e-10	1.4416e-10	3.8641e-10	8.5035e-11	4.562e-10	9.6243e-11	5.5952e-10	1.0701e-10	2.6403e-10	6.3452e-11	6.5746e-10	5.873e-11	1.7569e-10	4.1807e-11	1.5586e-10	1.8449e-11	1.7587e-10	3.0239e-11	1.3752e-10	3.4302e-11	1.3765e-10	5.2109e-11	8.6493e-11	1.7649e-11	8.7615e-11	1.2786e-11	7.9822e-11	7.1935e-12	7.989e-11	2.7608e-11	1.1878e-10	7.8088e-11	1.4842e-10	2.7658e-11	4.8537e-11	1.4889e-11	1.3903e-10	7.2415e-12	8.1079e-12	4.9094e-12
1158.61	0.28469	0.030752	0.00013568	8.65e-05	0.00026704	0.0008343	0.00023608	0.0007882	1.9531e-05	0.0001292	2.7572e-05	0.00016728	3.0215e-05	0.00012042	5.8221e-06	2.4257e-05	6.0915e-06	1.2604e-05	9.6693e-06	2.2355e-05	4.3249e-06	1.4375e-05	7.0826e-06	1.4437e-05	9.0113e-06	9.2418e-05	6.3294e-07	4.54e-06	6.3318e-08	8.1794e-08	6.1234e-09	1.3231e-08	8.4127e-10	4.9457e-09	9.1849e-10	2.5711e-09	8.3562e-10	2.7526e-09	6.1523e-10	1.5146e-09	2.7394e-10	7.6711e-10	8.9911e-11	2.9399e-10	1.5158e-10	4.3696e-10	1.4222e-10	3.8166e-10	8.3976e-11	4.5004e-10	9.4988e-11	5.5256e-10	1.0567e-10	2.6083e-10	6.2631e-11	6.4935e-10	5.8034e-11	1.7342e-10	4.1265e-11	1.5385e-10	1.8201e-11	1.7366e-10	2.9849e-11	1.3578e-10	3.3887e-11	1.3589e-10	5.1442e-11	8.5384e-11	1.7435e-11	8.6549e-11	1.2624e-11	7.8891e-11	7.1095e-12	7.8958e-11	2.7287e-11	1.1726e-10	7.7132e-11	1.4654e-10	2.7328e-11	4.7913e-11	1.4705e-11	1.3732e-10	7.15e-12	8.0001e-12	4.8459e-12
1174.71	0.28167	0.030339	0.00013389	8.5348e-05	0.00026301	0.00082322	0.00023284	0.00077793	1.9242e-05	0.00012735	2.7184e-05	0.00016487	2.9762e-05	0.0001189	5.7269e-06	2.3958e-05	6.0132e-06	1.2462e-05	9.5156e-06	2.2062e-05	4.2644e-06	1.415e-05	6.9849e-06	1.4224e-05	8.8874e-06	9.1266e-05	6.2454e-07	4.4864e-06	6.2494e-08	8.0693e-08	6.045e-09	1.3054e-08	8.2996e-10	4.8826e-09	9.0572e-10	2.5366e-09	8.2507e-10	2.717e-09	6.0672e-10	1.4936e-09	2.7032e-10	7.5643e-10	8.867e-11	2.8987e-10	1.4946e-10	4.3148e-10	1.4023e-10	3.7642e-10	8.2825e-11	4.4432e-10	9.3749e-11	5.4598e-10	1.0429e-10	2.5754e-10	6.1875e-11	6.4154e-10	5.7281e-11	1.7133e-10	4.0726e-11	1.5192e-10	1.7967e-11	1.7153e-10	2.9489e-11	1.3419e-10	3.3461e-11	1.3429e-10	5.0834e-11	8.438e-11	1.722e-11	8.5483e-11	1.2474e-11	7.787e-11	7.0176e-12	7.7932e-11	2.6933e-11	1.1579e-10	7.6157e-11	1.4471e-10	2.6978e-11	4.7316e-11	1.4519e-11	1.356e-10	7.0599e-12	7.8968e-12	4.7816e-12
1191.03	0.27851	0.029889	0.00013195	8.4133e-05	0.00025883	0.00081115	0.00022931	0.00076685	1.8965e-05	0.00012546	2.6785e-05	0.00016248	2.9353e-05	0.00011723	5.6499e-06	2.363e-05	5.9303e-06	1.2302e-05	9.375e-06	2.1741e-05	4.2012e-06	1.3936e-05	6.8831e-06	1.4005e-05	8.7782e-06	9.009e-05	6.1702e-07	4.4329e-06	6.1773e-08	7.969e-08	5.9629e-09	1.2869e-08	8.1823e-10	4.815e-09	8.9378e-10	2.5015e-09	8.1367e-10	2.6801e-09	5.9846e-10	1.4735e-09	2.665e-10	7.4657e-10	8.7456e-11	2.8624e-10	1.4754e-10	4.2552e-10	1.3847e-10	3.7141e-10	8.1731e-11	4.3851e-10	9.2597e-11	5.3891e-10	1.0302e-10	2.5445e-10	6.1071e-11	6.3333e-10	5.6599e-11	1.691e-10	4.0228e-11	1.5003e-10	1.7735e-11	1.694e-10	2.9104e-11	1.3243e-10	3.3055e-11	1.3253e-10	5.0167e-11	8.3273e-11	1.7006e-11	8.4389e-11	1.231e-11	7.6889e-11	6.9292e-12	7.6951e-11	2.6594e-11	1.1433e-10	7.5184e-11	1.4287e-10	2.6635e-11	4.6718e-11	1.4326e-11	1.3377e-10	6.9674e-12	7.7864e-12	4.7164e-12
1207.59	0.27536	0.02944	0.00013005	8.2891e-05	0.00025503	0.00079911	0.00022578	0.00075565	1.8675e-05	0.00012349	2.6402e-05	0.00015987	2.8944e-05	0.00011558	5.5691e-06	2.3305e-05	5.8521e-06	1.2132e-05	9.2436e-06	2.1424e-05	4.1354e-06	1.3746e-05	6.7739e-06	1.3809e-05	8.6579e-06	8.8886e-05	6.1033e-07	4.3799e-06	6.1041e-08	7.8819e-08	5.8778e-09	1.2705e-08	8.0778e-10	4.7514e-09	8.8162e-10	2.4692e-09	8.0242e-10	2.6427e-09	5.9058e-10	1.4539e-09	2.6306e-10	7.363e-10	8.631e-11	2.8224e-10	1.4549e-10	4.1968e-10	1.3654e-10	3.6648e-10	8.0644e-11	4.3306e-10	9.1391e-11	5.3205e-10	1.0167e-10	2.5111e-10	6.0333e-11	6.2525e-10	5.5849e-11	1.6706e-10	3.9701e-11	1.4817e-10	1.7513e-11	1.6727e-10	2.8755e-11	1.3074e-10	3.2622e-11	1.3084e-10	4.9529e-11	8.2213e-11	1.6787e-11	8.3301e-11	1.2154e-11	7.5906e-11	6.8406e-12	7.5965e-11	2.6255e-11	1.1277e-10	7.4184e-11	1.4094e-10	2.6283e-11	4.6081e-11	1.4136e-11	1.3201e-10	6.875e-12	7.6806e-12	4.6497e-12
1224.37	0.27221	0.028961	0.00012821	8.1786e-05	0.00025158	0.00078622	0.00022204	0.00074384	1.838e-05	0.00012167	2.6002e-05	0.00015778	2.8541e-05	0.00011377	5.4925e-06	2.2947e-05	5.7704e-06	1.1953e-05	9.1139e-06	2.1077e-05	4.0757e-06	1.3538e-05	6.6599e-06	1.362e-05	8.5305e-06	8.7826e-05	6.0239e-07	4.3237e-06	6.0227e-08	7.7799e-08	5.802e-09	1.2526e-08	7.9641e-10	4.6876e-09	8.692e-10	2.4361e-09	7.9179e-10	2.6082e-09	5.8225e-10	1.4334e-09	2.5936e-10	7.2595e-10	8.5093e-11	2.784e-10	1.4345e-10	4.1404e-10	1.3466e-10	3.6188e-10	7.9639e-11	4.2741e-10	9.0284e-11	5.2516e-10	1.0042e-10	2.4788e-10	5.9525e-11	6.1712e-10	5.5131e-11	1.6482e-10	3.922e-11	1.4626e-10	1.7288e-11	1.6509e-10	2.837e-11	1.2906e-10	3.2199e-11	1.2914e-10	4.8886e-11	8.1154e-11	1.6568e-11	8.2184e-11	1.1994e-11	7.4862e-11	6.7466e-12	7.4923e-11	2.5893e-11	1.1127e-10	7.3191e-11	1.3906e-10	2.5931e-11	4.5468e-11	1.3937e-11	1.3013e-10	6.7791e-12	7.5759e-12	4.5877e-12
1241.38	0.26924	0.028541	0.00012645	8.0575e-05	0.00024763	0.00077503	0.00021872	0.0007332	1.8088e-05	0.00011999	2.5596e-05	0.00015558	2.8117e-05	0.00011233	5.4131e-06	2.2653e-05	5.6867e-06	1.1786e-05	8.9845e-06	2.0789e-05	4.022e-06	1.332e-05	6.5493e-06	1.341e-05	8.397e-06	8.6778e-05	5.9411e-07	4.2649e-06	5.9367e-08	7.6733e-08	5.7196e-09	1.235e-08	7.8529e-10	4.629e-09	8.5775e-10	2.4053e-09	7.8127e-10	2.573e-09	5.7447e-10	1.4143e-09	2.5571e-10	7.1636e-10	8.3953e-11	2.7463e-10	1.4154e-10	4.0864e-10	1.3284e-10	3.5707e-10	7.8572e-11	4.2209e-10	8.9064e-11	5.1791e-10	9.9069e-11	2.4464e-10	5.8753e-11	6.0865e-10	5.4412e-11	1.6268e-10	3.869e-11	1.4435e-10	1.7069e-11	1.6292e-10	2.8002e-11	1.2726e-10	3.1766e-11	1.2736e-10	4.8212e-11	8.0026e-11	1.6344e-11	8.1073e-11	1.183e-11	7.3857e-11	6.656e-12	7.3918e-11	2.5545e-11	1.0968e-10	7.2148e-11	1.3707e-10	2.5567e-11	4.4813e-11	1.3746e-11	1.2835e-10	6.6863e-12	7.4755e-12	4.5273e-12
1258.64	0.2662	0.028135	0.00012472	7.941e-05	0.00024356	0.00076412	0.00021553	0.00072318	1.7828e-05	0.00011833	2.5192e-05	0.00015351	2.768e-05	0.00011081	5.3318e-06	2.2354e-05	5.6009e-06	1.1613e-05	8.8485e-06	2.0498e-05	3.9602e-06	1.3092e-05	6.4431e-06	1.3192e-05	8.2725e-06	8.5601e-05	5.8544e-07	4.2104e-06	5.851e-08	7.5609e-08	5.6391e-09	1.2182e-08	7.7451e-10	4.566e-09	8.4602e-10	2.3732e-09	7.7119e-10	2.5401e-09	5.6662e-10	1.395e-09	2.5225e-10	7.0662e-10	8.2805e-11	2.7112e-10	1.3963e-10	4.0334e-10	1.3112e-10	3.5265e-10	7.76e-11	4.1637e-10	8.7896e-11	5.1087e-10	9.7771e-11	2.4122e-10	5.797e-11	6.0035e-10	5.3651e-11	1.6052e-10	3.8183e-11	1.4243e-10	1.6841e-11	1.6069e-10	2.7635e-11	1.2554e-10	3.1332e-11	1.2563e-10	4.7559e-11	7.8942e-11	1.6121e-11	7.9907e-11	1.1667e-11	7.2789e-11	6.5598e-12	7.2844e-11	2.5174e-11	1.0816e-10	7.1159e-11	1.3518e-10	2.5213e-11	4.418e-11	1.3549e-11	1.2654e-10	6.589e-12	7.3744e-12	4.4672e-12
1276.13	0.26331	0.027741	0.00012303	7.8262e-05	0.00023935	0.00075356	0.00021242	0.00071337	1.7558e-05	0.00011668	2.4833e-05	0.00015136	2.727e-05	0.00010938	5.2485e-06	2.2069e-05	5.5242e-06	1.1438e-05	8.7066e-06	2.0219e-05	3.8965e-06	1.2879e-05	6.3327e-06	1.2969e-05	8.1447e-06	8.4362e-05	5.7765e-07	4.163e-06	5.7725e-08	7.4594e-08	5.5611e-09	1.2019e-08	7.6432e-10	4.5088e-09	8.3511e-10	2.3431e-09	7.6104e-10	2.5058e-09	5.5936e-10	1.3771e-09	2.4884e-10	6.9748e-10	8.1747e-11	2.6744e-10	1.3782e-10	3.9815e-10	1.2937e-10	3.478e-10	7.6532e-11	4.1083e-10	8.6733e-11	5.0343e-10	9.6448e-11	2.3792e-10	5.7161e-11	5.9164e-10	5.2917e-11	1.5828e-10	3.7679e-11	1.4045e-10	1.6615e-11	1.5848e-10	2.7243e-11	1.237e-10	3.0885e-11	1.2379e-10	4.6862e-11	7.7785e-11	1.5887e-11	7.8802e-11	1.1499e-11	7.1768e-11	6.4679e-12	7.1798e-11	2.4816e-11	1.0662e-10	7.0119e-11	1.3324e-10	2.4842e-11	4.3573e-11	1.3365e-11	1.2483e-10	6.4972e-12	7.281e-12	4.4116e-12
1293.86	0.26013	0.027343	0.00012128	7.7188e-05	0.00023553	0.00074286	0.00020929	0.00070353	1.7268e-05	0.00011495	2.4461e-05	0.00014915	2.6907e-05	0.00010789	5.1739e-06	2.1775e-05	5.4493e-06	1.1276e-05	8.5766e-06	1.9933e-05	3.8305e-06	1.2661e-05	6.2291e-06	1.2769e-05	8.016e-06	8.311e-05	5.6924e-07	4.1086e-06	5.6881e-08	7.3505e-08	5.4875e-09	1.186e-08	7.5414e-10	4.4461e-09	8.2373e-10	2.3107e-09	7.5106e-10	2.4737e-09	5.5164e-10	1.3581e-09	2.4556e-10	6.8802e-10	8.0616e-11	2.6407e-10	1.3597e-10	3.9278e-10	1.2773e-10	3.4315e-10	7.551e-11	4.0516e-10	8.5492e-11	4.9634e-10	9.5097e-11	2.3442e-10	5.6361e-11	5.8332e-10	5.2135e-11	1.5607e-10	3.7139e-11	1.385e-10	1.6385e-11	1.5616e-10	2.6867e-11	1.2194e-10	3.0449e-11	1.2199e-10	4.6179e-11	7.6663e-11	1.5665e-11	7.7639e-11	1.1329e-11	7.0743e-11	6.3753e-12	7.0808e-11	2.4471e-11	1.0517e-10	6.9146e-11	1.3142e-10	2.4493e-11	4.2973e-11	1.3182e-11	1.2311e-10	6.4106e-12	7.1817e-12	4.3505e-12
1311.84	0.25699	0.02693	0.00011955	7.6066e-05	0.00023147	0.00073176	0.00020604	0.00069324	1.6966e-05	0.00011314	2.4062e-05	0.0001469	2.6502e-05	0.00010636	5.1014e-06	2.1471e-05	5.3658e-06	1.1111e-05	8.4614e-06	1.9639e-05	3.7706e-06	1.2443e-05	6.125e-06	1.2554e-05	7.8963e-06	8.1986e-05	5.6097e-07	4.0513e-06	5.6084e-08	7.2432e-08	5.4133e-09	1.1705e-08	7.4432e-10	4.3862e-09	8.1308e-10	2.2794e-09	7.4076e-10	2.4393e-09	5.4456e-10	1.3407e-09	2.4228e-10	6.7909e-10	7.9582e-11	2.6037e-10	1.3419e-10	3.8746e-10	1.2594e-10	3.3853e-10	7.4489e-11	3.9947e-10	8.4301e-11	4.8912e-10	9.3741e-11	2.3107e-10	5.5532e-11	5.7477e-10	5.1372e-11	1.5376e-10	3.6621e-11	1.3645e-10	1.6155e-11	1.5395e-10	2.6467e-11	1.2021e-10	2.9993e-11	1.2029e-10	4.5536e-11	7.5594e-11	1.5432e-11	7.6551e-11	1.1171e-11	6.9772e-11	6.2877e-12	6.9823e-11	2.4131e-11	1.037e-10	6.8204e-11	1.2959e-10	2.4164e-11	4.2382e-11	1.3008e-11	1.2151e-10	6.323e-12	7.083e-12	4.2907e-12
1330.07	0.25395	0.026501	0.00011782	7.5028e-05	0.0002275	0.00072026	0.00020266	0.00068249	1.6675e-05	0.00011149	2.3646e-05	0.0001449	2.6079e-05	0.0001048	5.0209e-06	2.1157e-05	5.2786e-06	1.0955e-05	8.3286e-06	1.9335e-05	3.7068e-06	1.2238e-05	6.0276e-06	1.2347e-05	7.7754e-06	8.0766e-05	5.53e-07	3.9909e-06	5.5289e-08	7.1416e-08	5.3426e-09	1.1544e-08	7.3399e-10	4.3259e-09	8.0163e-10	2.2474e-09	7.3055e-10	2.4059e-09	5.3685e-10	1.3217e-09	2.3903e-10	6.6957e-10	7.8456e-11	2.5682e-10	1.3232e-10	3.8213e-10	1.2423e-10	3.3359e-10	7.3406e-11	3.9363e-10	8.3033e-11	4.8234e-10	9.2363e-11	2.2771e-10	5.4699e-11	5.6677e-10	5.065e-11	1.5146e-10	3.607e-11	1.345e-10	1.5915e-11	1.5165e-10	2.6078e-11	1.1853e-10	2.9565e-11	1.1861e-10	4.4899e-11	7.4531e-11	1.5214e-11	7.5499e-11	1.1017e-11	6.8791e-11	6.1994e-12	6.8859e-11	2.3796e-11	1.0235e-10	6.7279e-11	1.2788e-10	2.383e-11	4.183e-11	1.2832e-11	1.1983e-10	6.2415e-12	6.9844e-12	4.2291e-12
1348.56	0.25093	0.026115	0.00011602	7.3896e-05	0.00022364	0.0007099	0.0001996	0.00067278	1.6391e-05	0.00011003	2.3245e-05	0.00014294	2.5638e-05	0.00010341	4.9371e-06	2.0877e-05	5.19e-06	1.0794e-05	8.1916e-06	1.9064e-05	3.6444e-06	1.2032e-05	5.9262e-06	1.2144e-05	7.6612e-06	7.9608e-05	5.4535e-07	3.9363e-06	5.4557e-08	7.0413e-08	5.2673e-09	1.1385e-08	7.2389e-10	4.2629e-09	7.9057e-10	2.2152e-09	7.2009e-10	2.3718e-09	5.2948e-10	1.3035e-09	2.357e-10	6.6031e-10	7.7378e-11	2.5329e-10	1.3048e-10	3.7659e-10	1.2252e-10	3.2886e-10	7.2365e-11	3.8791e-10	8.1813e-11	4.7551e-10	9.0962e-11	2.2453e-10	5.3923e-11	5.5877e-10	4.9934e-11	1.4932e-10	3.5538e-11	1.3249e-10	1.5686e-11	1.4949e-10	2.5708e-11	1.1686e-10	2.9159e-11	1.1696e-10	4.4274e-11	7.3491e-11	1.5003e-11	7.4465e-11	1.0864e-11	6.7884e-11	6.1176e-12	6.7953e-11	2.3483e-11	1.0092e-10	6.6382e-11	1.2612e-10	2.352e-11	4.124e-11	1.2654e-11	1.1816e-10	6.1539e-12	6.8818e-12	4.1652e-12
1367.3	0.24816	0.025761	0.00011427	7.281e-05	0.00021997	0.00070035	0.00019681	0.00066409	1.6099e-05	0.00010835	2.2855e-05	0.00014077	2.5235e-05	0.00010206	4.852e-06	2.0611e-05	5.1103e-06	1.0641e-05	8.0493e-06	1.8806e-05	3.5841e-06	1.1836e-05	5.8317e-06	1.1953e-05	7.5445e-06	7.8459e-05	5.3781e-07	3.8778e-06	5.3773e-08	6.9451e-08	5.1943e-09	1.1225e-08	7.1379e-10	4.2018e-09	7.7927e-10	2.1823e-09	7.0972e-10	2.3375e-09	5.22e-10	1.2851e-09	2.3239e-10	6.5083e-10	7.6288e-11	2.4954e-10	1.286e-10	3.7117e-10	1.2071e-10	3.2383e-10	7.1259e-11	3.8195e-10	8.063e-11	4.6916e-10	8.9653e-11	2.2132e-10	5.3163e-11	5.5126e-10	4.9232e-11	1.4721e-10	3.5028e-11	1.3061e-10	1.5446e-11	1.4739e-10	2.534e-11	1.1531e-10	2.8749e-11	1.1542e-10	4.3689e-11	7.2515e-11	1.4796e-11	7.3464e-11	1.0722e-11	6.6926e-11	6.0314e-12	6.6984e-11	2.3149e-11	9.9496e-11	6.5448e-11	1.2434e-10	2.3187e-11	4.0658e-11	1.2476e-11	1.1649e-10	6.0672e-12	6.7793e-12	4.1041e-12
1386.3	0.24509	0.025358	0.00011243	7.1725e-05	0.00021632	0.00068949	0.00019363	0.00065405	1.5827e-05	0.00010661	2.2453e-05	0.0001385	2.4809e-05	0.00010055	4.7754e-06	2.031e-05	5.0243e-06	1.048e-05	7.9197e-06	1.8517e-05	3.5265e-06	1.1638e-05	5.7313e-06	1.1757e-05	7.4332e-06	7.7399e-05	5.3047e-07	3.8202e-06	5.3056e-08	6.8492e-08	5.1212e-09	1.1059e-08	7.0319e-10	4.1372e-09	7.6792e-10	2.15e-09	6.9887e-10	2.3023e-09	5.1434e-10	1.2663e-09	2.2899e-10	6.4137e-10	7.5166e-11	2.4594e-10	1.2673e-10	3.655e-10	1.1896e-10	3.1896e-10	7.018e-11	3.7634e-10	7.947e-11	4.6251e-10	8.8385e-11	2.1835e-10	5.2409e-11	5.4352e-10	4.8574e-11	1.4512e-10	3.4522e-11	1.2873e-10	1.5222e-11	1.4535e-10	2.498e-11	1.1366e-10	2.8367e-11	1.1375e-10	4.3059e-11	7.1472e-11	1.4594e-11	7.242e-11	1.0566e-11	6.5973e-11	5.9455e-12	6.603e-11	2.2819e-11	9.8077e-11	6.4522e-11	1.2258e-10	2.2857e-11	4.0068e-11	1.2291e-11	1.1476e-10	5.9765e-12	6.6714e-12	4.0408e-12
1405.57	0.24226	0.024941	0.00011068	7.0581e-05	0.0002128	0.00067824	0.00019035	0.00064365	1.5551e-05	0.00010481	2.2078e-05	0.00013621	2.439e-05	9.8962e-05	4.693e-06	1.9995e-05	4.9422e-06	1.0321e-05	7.7822e-06	1.8215e-05	3.4694e-06	1.1447e-05	5.6348e-06	1.1574e-05	7.3167e-06	7.6269e-05	5.2279e-07	3.7655e-06	5.2279e-08	6.7532e-08	5.0443e-09	1.0898e-08	6.9294e-10	4.0733e-09	7.5628e-10	2.1164e-09	6.8855e-10	2.2681e-09	5.0669e-10	1.2473e-09	2.2564e-10	6.3158e-10	7.4053e-11	2.4211e-10	1.2478e-10	3.6007e-10	1.1711e-10	3.1431e-10	6.9157e-11	3.7104e-10	7.8327e-11	4.5587e-10	8.7121e-11	2.1521e-10	5.1711e-11	5.3573e-10	4.7868e-11	1.4318e-10	3.4027e-11	1.2697e-10	1.5005e-11	1.4334e-10	2.4642e-11	1.1203e-10	2.7959e-11	1.1212e-10	4.2441e-11	7.0446e-11	1.4385e-11	7.1387e-11	1.0415e-11	6.5021e-11	5.8598e-12	6.5059e-11	2.2485e-11	9.6603e-11	6.355e-11	1.2075e-10	2.2513e-11	3.9451e-11	1.2102e-11	1.1301e-10	5.8852e-12	6.5747e-12	3.9823e-12
1425.1	0.23928	0.024513	0.0001089	6.9477e-05	0.00020913	0.0006667	0.00018698	0.00063292	1.5291e-05	0.00010317	2.1698e-05	0.00013414	2.3991e-05	9.7378e-05	4.6145e-06	1.9674e-05	4.861e-06	1.016e-05	7.6475e-06	1.7908e-05	3.4142e-06	1.125e-05	5.5373e-06	1.1378e-05	7.2027e-06	7.5235e-05	5.1526e-07	3.7118e-06	5.1535e-08	6.6561e-08	4.9703e-09	1.0728e-08	6.8212e-10	4.0134e-09	7.4491e-10	2.0848e-09	6.7782e-10	2.2324e-09	4.9892e-10	1.2283e-09	2.2213e-10	6.2213e-10	7.2912e-11	2.384e-10	1.2292e-10	3.5456e-10	1.1533e-10	3.0969e-10	6.8145e-11	3.6568e-10	7.7257e-11	4.4925e-10	8.5948e-11	2.1209e-10	5.0949e-11	5.2798e-10	4.7174e-11	1.4107e-10	3.3563e-11	1.2516e-10	1.4793e-11	1.4127e-10	2.4282e-11	1.1038e-10	2.7554e-11	1.1044e-10	4.1808e-11	6.9402e-11	1.4178e-11	7.0303e-11	1.0258e-11	6.4031e-11	5.7707e-12	6.404e-11	2.2136e-11	9.5121e-11	6.2569e-11	1.1888e-10	2.2166e-11	3.8858e-11	1.1908e-11	1.1118e-10	5.7932e-12	6.4811e-12	3.9272e-12
1444.91	0.23645	0.024126	0.00010722	6.8312e-05	0.00020556	0.00065631	0.00018393	0.00062323	1.5025e-05	0.00010144	2.1342e-05	0.00013192	2.36e-05	9.5928e-05	4.5368e-06	1.9387e-05	4.7853e-06	9.9987e-06	7.5173e-06	1.7633e-05	3.3567e-06	1.1056e-05	5.4391e-06	1.119e-05	7.0867e-06	7.4114e-05	5.0773e-07	3.66e-06	5.0782e-08	6.5594e-08	4.8919e-09	1.0566e-08	6.7175e-10	3.9547e-09	7.3311e-10	2.0549e-09	6.6785e-10	2.1988e-09	4.9103e-10	1.2089e-09	2.1879e-10	6.123e-10	7.176e-11	2.3486e-10	1.2099e-10	3.4938e-10	1.1361e-10	3.0518e-10	6.7153e-11	3.6068e-10	7.6119e-11	4.4238e-10	8.4676e-11	2.0897e-10	5.0205e-11	5.1997e-10	4.6466e-11	1.3901e-10	3.3067e-11	1.2334e-10	1.4585e-11	1.3922e-10	2.3927e-11	1.0866e-10	2.7133e-11	1.087e-10	4.1147e-11	6.8308e-11	1.3961e-11	6.9208e-11	1.0097e-11	6.3047e-11	5.6818e-12	6.3075e-11	2.1801e-11	9.3573e-11	6.1564e-11	1.1695e-10	2.1816e-11	3.823e-11	1.1731e-11	1.0954e-10	5.7048e-12	6.3865e-12	3.8672e-12
1464.99	0.23333	0.023714	0.00010554	6.717e-05	0.000202	0.0006452	0.00018068	0.00061289	1.4773e-05	9.9737e-05	2.0976e-05	0.00012982	2.3222e-05	9.4379e-05	4.4645e-06	1.9076e-05	4.7054e-06	9.8312e-06	7.3928e-06	1.7336e-05	3.3008e-06	1.086e-05	5.3403e-06	1.1002e-05	6.9715e-06	7.304e-05	4.9983e-07	3.6089e-06	5.001e-08	6.4598e-08	4.8166e-09	1.0402e-08	6.6146e-10	3.8966e-09	7.2198e-10	2.0248e-09	6.5796e-10	2.167e-09	4.8364e-10	1.1906e-09	2.1535e-10	6.0307e-10	7.0682e-11	2.3136e-10	1.1919e-10	3.4417e-10	1.1192e-10	3.0094e-10	6.6224e-11	3.5536e-10	7.4998e-11	4.3549e-10	8.3429e-11	2.0572e-10	4.9435e-11	5.1178e-10	4.5724e-11	1.3689e-10	3.258e-11	1.2152e-10	1.4371e-11	1.3708e-10	2.3565e-11	1.07e-10	2.6708e-11	1.0704e-10	4.0521e-11	6.7269e-11	1.3742e-11	6.8086e-11	9.941e-12	6.2011e-11	5.5885e-12	6.2057e-11	2.1446e-11	9.218e-11	6.0634e-11	1.152e-10	2.1481e-11	3.7665e-11	1.1559e-11	1.0795e-10	5.6206e-12	6.2903e-12	3.8086e-12
1485.35	0.23028	0.023315	0.00010398	6.6085e-05	0.00019831	0.00063445	0.00017753	0.00060282	1.451e-05	9.8094e-05	2.063e-05	0.00012773	2.285e-05	9.292e-05	4.3883e-06	1.878e-05	4.6315e-06	9.6714e-06	7.2693e-06	1.7053e-05	3.2451e-06	1.0665e-05	5.2428e-06	1.0808e-05	6.8521e-06	7.1955e-05	4.922e-07	3.5569e-06	4.924e-08	6.3619e-08	4.7429e-09	1.0248e-08	6.516e-10	3.8427e-09	7.1144e-10	1.9965e-09	6.4859e-10	2.1351e-09	4.7651e-10	1.1731e-09	2.1214e-10	5.942e-10	6.9638e-11	2.2793e-10	1.1741e-10	3.3934e-10	1.1025e-10	2.9642e-10	6.5227e-11	3.5009e-10	7.3859e-11	4.2829e-10	8.2131e-11	2.0251e-10	4.865e-11	5.0334e-10	4.5024e-11	1.3471e-10	3.2084e-11	1.1964e-10	1.4159e-11	1.349e-10	2.3186e-11	1.0523e-10	2.6278e-11	1.0532e-10	3.9867e-11	6.6174e-11	1.3517e-11	6.7051e-11	9.7831e-12	6.1083e-11	5.5048e-12	6.1129e-11	2.1126e-11	9.0833e-11	5.9736e-11	1.1351e-10	2.1162e-11	3.7124e-11	1.139e-11	1.0635e-10	5.5397e-12	6.1944e-12	3.7532e-12
1505.99	0.22725	0.022927	0.00010233	6.5016e-05	0.00019475	0.00062398	0.00017446	0.00059308	1.4253e-05	9.6538e-05	2.0268e-05	0.00012579	2.2474e-05	9.1465e-05	4.3178e-06	1.8487e-05	4.5524e-06	9.5055e-06	7.1503e-06	1.6774e-05	3.1871e-06	1.0465e-05	5.1432e-06	1.062e-05	6.7384e-06	7.0844e-05	4.8415e-07	3.505e-06	4.8462e-08	6.2598e-08	4.6712e-09	1.0093e-08	6.4177e-10	3.7842e-09	7.009e-10	1.9666e-09	6.3905e-10	2.1048e-09	4.694e-10	1.1556e-09	2.0893e-10	5.8548e-10	6.8598e-11	2.2473e-10	1.1573e-10	3.3425e-10	1.087e-10	2.9198e-10	6.425e-11	3.446e-10	7.2668e-11	4.2181e-10	8.0826e-11	1.9914e-10	4.7882e-11	4.9571e-10	4.4292e-11	1.3259e-10	3.1564e-11	1.1773e-10	1.3937e-11	1.3267e-10	2.2829e-11	1.0365e-10	2.5869e-11	1.0373e-10	3.9266e-11	6.5176e-11	1.331e-11	6.6051e-11	9.6356e-12	6.0187e-11	5.4239e-12	6.025e-11	2.082e-11	8.9472e-11	5.8862e-11	1.1182e-10	2.0854e-11	3.6554e-11	1.1217e-11	1.0472e-10	5.4543e-12	6.1025e-12	3.6971e-12
1526.92	0.22423	0.022563	0.00010071	6.3964e-05	0.00019103	0.00061417	0.00017158	0.0005839	1.3993e-05	9.4981e-05	1.9916e-05	0.00012375	2.21e-05	9.0109e-05	4.2426e-06	1.8216e-05	4.4764e-06	9.3504e-06	7.0258e-06	1.6515e-05	3.1312e-06	1.0273e-05	5.0488e-06	1.0424e-05	6.6209e-06	6.9735e-05	4.7638e-07	3.4533e-06	4.7671e-08	6.1621e-08	4.6005e-09	9.9486e-09	6.3261e-10	3.727e-09	6.9085e-10	1.937e-09	6.2943e-10	2.073e-09	4.6276e-10	1.1392e-09	2.0593e-10	5.7698e-10	6.763e-11	2.2129e-10	1.1401e-10	3.292e-10	1.0704e-10	2.8745e-10	6.3248e-11	3.3908e-10	7.1534e-11	4.1556e-10	7.9523e-11	1.9612e-10	4.7114e-11	4.8832e-10	4.3618e-11	1.3045e-10	3.1073e-11	1.1576e-10	1.3713e-11	1.3063e-10	2.2453e-11	1.0213e-10	2.5478e-11	1.0223e-10	3.8698e-11	6.423e-11	1.311e-11	6.5074e-11	9.4956e-12	5.9271e-11	5.3416e-12	5.9307e-11	2.0497e-11	8.8089e-11	5.7961e-11	1.101e-10	2.0531e-11	3.5986e-11	1.1039e-11	1.031e-10	5.368e-12	6.0117e-12	3.6413e-12
1548.14	0.22111	0.022187	9.9076e-05	6.2979e-05	0.00018743	0.000604	0.00016862	0.00057453	1.3735e-05	9.3498e-05	1.9558e-05	0.00012186	2.1728e-05	8.869e-05	4.1703e-06	1.7929e-05	4.3996e-06	9.1971e-06	6.9047e-06	1.6242e-05	3.0728e-06	1.0077e-05	4.9592e-06	1.023e-05	6.5113e-06	6.8616e-05	4.6879e-07	3.3995e-06	4.6927e-08	6.0634e-08	4.5343e-09	9.7965e-09	6.2292e-10	3.6679e-09	6.8034e-10	1.9061e-09	6.1985e-10	2.0417e-09	4.5567e-10	1.1218e-09	2.0282e-10	5.6822e-10	6.6591e-11	2.1792e-10	1.1228e-10	3.2414e-10	1.0541e-10	2.8272e-10	6.2214e-11	3.3344e-10	7.0343e-11	4.0921e-10	7.8252e-11	1.9321e-10	4.6392e-11	4.8091e-10	4.2982e-11	1.2845e-10	3.0558e-11	1.1398e-10	1.3483e-11	1.2866e-10	2.2109e-11	1.0054e-10	2.5101e-11	1.006e-10	3.8082e-11	6.3217e-11	1.2914e-11	6.407e-11	9.3449e-12	5.8346e-11	5.2582e-12	5.8379e-11	2.0177e-11	8.672e-11	5.7025e-11	1.0837e-10	2.0203e-11	3.5442e-11	1.0874e-11	1.0154e-10	5.2886e-12	5.9169e-12	3.585e-12
1569.65	0.21803	0.021838	9.7384e-05	6.1921e-05	0.00018396	0.00059458	0.00016585	0.00056578	1.3469e-05	9.1927e-05	1.9204e-05	0.00011985	2.1345e-05	8.7371e-05	4.0974e-06	1.7664e-05	4.3218e-06	9.0511e-06	6.7846e-06	1.599e-05	3.0164e-06	9.8931e-06	4.8697e-06	1.0048e-05	6.4031e-06	6.7479e-05	4.6139e-07	3.3473e-06	4.6215e-08	5.9704e-08	4.4642e-09	9.6461e-09	6.1336e-10	3.608e-09	6.6996e-10	1.8751e-09	6.0996e-10	2.0089e-09	4.4868e-10	1.1046e-09	1.9971e-10	5.5954e-10	6.557e-11	2.1446e-10	1.1056e-10	3.1888e-10	1.0375e-10	2.7824e-10	6.122e-11	3.2818e-10	6.9257e-11	4.0277e-10	7.7046e-11	1.902e-10	4.5705e-11	4.7337e-10	4.2293e-11	1.2656e-10	3.0086e-11	1.1225e-10	1.3272e-11	1.2671e-10	2.1784e-11	9.8957e-11	2.4707e-11	9.9014e-11	3.7482e-11	6.222e-11	1.2713e-11	6.3029e-11	9.1964e-12	5.744e-11	5.1764e-12	5.7497e-11	1.987e-11	8.54e-11	5.617e-11	1.0672e-10	1.9901e-11	3.49e-11	1.071e-11	1.0001e-10	5.2082e-12	5.8275e-12	3.5291e-12
1591.47	0.21515	0.021464	9.5731e-05	6.0887e-05	0.00018055	0.00058448	0.0001629	0.00055637	1.3216e-05	9.0411e-05	1.8839e-05	0.00011791	2.0973e-05	8.5966e-05	4.0237e-06	1.738e-05	4.2435e-06	8.9029e-06	6.6593e-06	1.572e-05	2.9619e-06	9.7111e-06	4.7847e-06	9.87e-06	6.3004e-06	6.6408e-05	4.541e-07	3.2925e-06	4.5502e-08	5.877e-08	4.3951e-09	9.4947e-09	6.0368e-10	3.5489e-09	6.5913e-10	1.8433e-09	5.9993e-10	1.9758e-09	4.4143e-10	1.0868e-09	1.9661e-10	5.5053e-10	6.451e-11	2.1091e-10	1.0878e-10	3.1372e-10	1.0202e-10	2.7359e-10	6.0204e-11	3.2311e-10	6.8228e-11	3.9645e-10	7.5892e-11	1.8717e-10	4.4972e-11	4.6586e-10	4.1621e-11	1.2452e-10	2.964e-11	1.1052e-10	1.3068e-11	1.2471e-10	2.1433e-11	9.7435e-11	2.4305e-11	9.7519e-11	3.6915e-11	6.1273e-11	1.2506e-11	6.2074e-11	9.0588e-12	5.6557e-11	5.0969e-12	5.6609e-11	1.9563e-11	8.4096e-11	5.5314e-11	1.051e-10	1.9596e-11	3.4362e-11	1.0539e-11	9.8406e-11	5.1264e-12	5.7354e-12	3.4725e-12
1613.59	0.21232	0.021105	9.4e-05	5.9823e-05	0.00017721	0.00057479	0.00016007	0.00054734	1.2955e-05	8.8909e-05	1.8491e-05	0.00011595	2.0586e-05	8.4611e-05	3.9495e-06	1.7108e-05	4.166e-06	8.7536e-06	6.5386e-06	1.5462e-05	2.9083e-06	9.5388e-06	4.6966e-06	9.6944e-06	6.1961e-06	6.5384e-05	4.4724e-07	3.2398e-06	4.4834e-08	5.7903e-08	4.3248e-09	9.3366e-09	5.9356e-10	3.4906e-09	6.4819e-10	1.8139e-09	5.8957e-10	1.942e-09	4.3414e-10	1.0688e-09	1.9338e-10	5.4138e-10	6.3445e-11	2.0747e-10	1.0698e-10	3.0831e-10	1.0037e-10	2.693e-10	5.926e-11	3.1819e-10	6.7123e-11	3.9031e-10	7.4674e-11	1.8426e-10	4.4243e-11	4.5867e-10	4.0986e-11	1.2251e-10	2.9158e-11	1.0875e-10	1.2867e-11	1.2269e-10	2.1089e-11	9.5919e-11	2.3935e-11	9.6003e-11	3.6341e-11	6.032e-11	1.2314e-11	6.1123e-11	8.9179e-12	5.5684e-11	5.0183e-12	5.5728e-11	1.9259e-11	8.2741e-11	5.4427e-11	1.034e-10	1.9285e-11	3.3813e-11	1.0377e-11	9.6895e-11	5.0472e-12	5.6409e-12	3.4167e-12
1636.01	0.20926	0.020745	9.244e-05	5.8746e-05	0.00017406	0.00056506	0.00015723	0.00053834	1.2712e-05	8.7335e-05	1.8133e-05	0.00011398	2.0213e-05	8.323e-05	3.8764e-06	1.6831e-05	4.0869e-06	8.6049e-06	6.4127e-06	1.52e-05	2.856e-06	9.3631e-06	4.61e-06	9.5299e-06	6.0914e-06	6.436e-05	4.3999e-07	3.1879e-06	4.4128e-08	5.699e-08	4.2515e-09	9.1843e-09	5.8393e-10	3.4355e-09	6.3699e-10	1.7855e-09	5.8021e-10	1.9109e-09	4.2674e-10	1.0505e-09	1.902e-10	5.32e-10	6.2368e-11	2.0399e-10	1.0512e-10	3.0345e-10	9.8672e-11	2.6523e-10	5.8363e-11	3.1312e-10	6.604e-11	3.8425e-10	7.3447e-11	1.8137e-10	4.357e-11	4.5156e-10	4.0344e-11	1.2065e-10	2.8687e-11	1.0701e-10	1.2661e-11	1.2078e-10	2.0765e-11	9.442e-11	2.3564e-11	9.4489e-11	3.5768e-11	5.9372e-11	1.2124e-11	6.0132e-11	8.7767e-12	5.4783e-11	4.937e-12	5.4837e-11	1.8949e-11	8.1455e-11	5.3586e-11	1.018e-10	1.8986e-11	3.3279e-11	1.021e-11	9.5339e-11	4.9652e-12	5.549e-12	3.3607e-12
1658.75	0.20631	0.020378	9.0944e-05	5.7683e-05	0.00017075	0.00055514	0.00015433	0.00052902	1.2471e-05	8.5823e-05	1.78e-05	0.00011197	1.9848e-05	8.1854e-05	3.8016e-06	1.6552e-05	4.0117e-06	8.4516e-06	6.2899e-06	1.4936e-05	2.8066e-06	9.1878e-06	4.5207e-06	9.3557e-06	5.9873e-06	6.3399e-05	4.3285e-07	3.1377e-06	4.3431e-08	5.6087e-08	4.1821e-09	9.0251e-09	5.7387e-10	3.3828e-09	6.2673e-10	1.7577e-09	5.7119e-10	1.8809e-09	4.1976e-10	1.0334e-09	1.8686e-10	5.2345e-10	6.1345e-11	2.0074e-10	1.0344e-10	2.9879e-10	9.71e-11	2.6084e-10	5.7401e-11	3.0787e-10	6.5013e-11	3.7798e-10	7.2315e-11	1.7852e-10	4.2884e-11	4.4416e-10	3.9703e-11	1.1874e-10	2.8243e-11	1.0533e-10	1.2453e-11	1.1891e-10	2.0437e-11	9.2888e-11	2.3182e-11	9.2982e-11	3.5197e-11	5.8417e-11	1.1926e-11	5.9197e-11	8.6379e-12	5.392e-11	4.8593e-12	5.3957e-11	1.8647e-11	8.0137e-11	5.2715e-11	1.0015e-10	1.8675e-11	3.274e-11	1.0038e-11	9.3748e-11	4.8816e-12	5.4582e-12	3.3044e-12
1681.8	0.20336	0.020014	8.9378e-05	5.6636e-05	0.00016752	0.00054526	0.00015147	0.00051993	1.2243e-05	8.4242e-05	1.7469e-05	0.00011002	1.9494e-05	8.0435e-05	3.731e-06	1.6268e-05	3.9403e-06	8.2982e-06	6.1726e-06	1.4669e-05	2.7547e-06	9.0138e-06	4.4312e-06	9.1852e-06	5.8801e-06	6.2385e-05	4.2558e-07	3.0883e-06	4.2708e-08	5.5177e-08	4.1102e-09	8.8802e-09	5.6466e-10	3.3272e-09	6.1681e-10	1.7292e-09	5.6202e-10	1.8512e-09	4.1308e-10	1.017e-09	1.8386e-10	5.1519e-10	6.0367e-11	1.9765e-10	1.0182e-10	2.9391e-10	9.561e-11	2.5656e-10	5.6454e-11	3.0306e-10	6.3979e-11	3.7198e-10	7.1172e-11	1.7559e-10	4.2193e-11	4.3716e-10	3.9065e-11	1.1683e-10	2.7794e-11	1.0367e-10	1.2257e-11	1.1694e-10	2.011e-11	9.1397e-11	2.2817e-11	9.1464e-11	3.4623e-11	5.7472e-11	1.1739e-11	5.8229e-11	8.4958e-12	5.3041e-11	4.7801e-12	5.3066e-11	1.8342e-11	7.8796e-11	5.182e-11	9.8468e-11	1.8358e-11	3.2199e-11	9.873e-12	9.2196e-11	4.8018e-12	5.3663e-12	3.2492e-12
1705.17	0.20045	0.019648	8.7825e-05	5.5642e-05	0.00016423	0.00053539	0.00014858	0.00051059	1.2011e-05	8.269e-05	1.7157e-05	0.00010801	1.9147e-05	7.9075e-05	3.6634e-06	1.5991e-05	3.8695e-06	8.1394e-06	6.0574e-06	1.4408e-05	2.7039e-06	8.8349e-06	4.3403e-06	9.0102e-06	5.7736e-06	6.1387e-05	4.1806e-07	3.0419e-06	4.198e-08	5.4227e-08	4.0437e-09	8.743e-09	5.5595e-10	3.2714e-09	6.0699e-10	1.7001e-09	5.5275e-10	1.8209e-09	4.0659e-10	1.0009e-09	1.8099e-10	5.0695e-10	5.942e-11	1.9436e-10	1.0017e-10	2.8905e-10	9.4006e-11	2.5256e-10	5.5576e-11	2.9827e-10	6.2949e-11	3.6587e-10	7.0007e-11	1.7276e-10	4.1519e-11	4.2998e-10	3.8423e-11	1.1496e-10	2.7345e-11	1.0195e-10	1.2063e-11	1.1509e-10	1.9784e-11	8.9895e-11	2.244e-11	8.9922e-11	3.4041e-11	5.6514e-11	1.1546e-11	5.7234e-11	8.351e-12	5.2152e-11	4.6999e-12	5.2186e-11	1.8037e-11	7.7479e-11	5.0962e-11	9.6826e-11	1.8056e-11	3.1657e-11	9.7109e-12	9.0663e-11	4.7227e-12	5.2802e-12	3.1999e-12
1728.87	0.19747	0.019278	8.6343e-05	5.4688e-05	0.00016089	0.00052538	0.00014568	0.00050126	1.1779e-05	8.1221e-05	1.6838e-05	0.00010614	1.8819e-05	7.7673e-05	3.597e-06	1.5707e-05	3.8008e-06	7.9953e-06	5.9444e-06	1.4141e-05	2.6521e-06	8.6591e-06	4.2564e-06	8.8355e-06	5.6632e-06	6.035e-05	4.1084e-07	2.9928e-06	4.1235e-08	5.3319e-08	3.9807e-09	8.5962e-09	5.4656e-10	3.2198e-09	5.9697e-10	1.673e-09	5.4374e-10	1.7903e-09	3.9991e-10	9.8448e-10	1.78e-10	4.9856e-10	5.8444e-11	1.9109e-10	9.8503e-11	2.8442e-10	9.2438e-11	2.4848e-10	5.4679e-11	2.9328e-10	6.1919e-11	3.597e-10	6.8885e-11	1.6991e-10	4.0823e-11	4.2268e-10	3.7771e-11	1.1304e-10	2.69e-11	1.0031e-10	1.186e-11	1.1319e-10	1.9457e-11	8.8387e-11	2.2054e-11	8.8427e-11	3.3475e-11	5.5571e-11	1.1348e-11	5.6277e-11	8.2128e-12	5.1272e-11	4.6206e-12	5.1306e-11	1.7732e-11	7.6175e-11	5.0121e-11	9.5205e-11	1.7757e-11	3.1118e-11	9.5433e-12	8.9117e-11	4.641e-12	5.1968e-12	3.1468e-12
1752.9	0.19469	0.018928	8.4863e-05	5.3692e-05	0.00015765	0.00051589	0.00014292	0.00049246	1.155e-05	7.979e-05	1.652e-05	0.00010431	1.8475e-05	7.6369e-05	3.532e-06	1.544e-05	3.7305e-06	7.8566e-06	5.8386e-06	1.389e-05	2.5997e-06	8.4777e-06	4.1754e-06	8.6592e-06	5.5634e-06	5.9306e-05	4.0349e-07	2.9446e-06	4.055e-08	5.2374e-08	3.9131e-09	8.4521e-09	5.374e-10	3.1678e-09	5.8692e-10	1.6462e-09	5.3491e-10	1.7614e-09	3.9302e-10	9.6762e-10	1.7501e-10	4.9024e-10	5.7436e-11	1.8807e-10	9.689e-11	2.7979e-10	9.0975e-11	2.444e-10	5.3778e-11	2.8858e-10	6.0889e-11	3.5358e-10	6.7727e-11	1.6704e-10	4.0115e-11	4.1551e-10	3.7138e-11	1.1108e-10	2.6451e-11	9.864e-11	1.167e-11	1.1124e-10	1.9124e-11	8.688e-11	2.1684e-11	8.6932e-11	3.2908e-11	5.4627e-11	1.1157e-11	5.534e-11	8.0748e-12	5.0397e-11	4.5418e-12	5.0422e-11	1.7427e-11	7.4872e-11	4.9246e-11	9.357e-11	1.7447e-11	3.0586e-11	9.3878e-12	8.7669e-11	4.565e-12	5.1106e-12	3.0957e-12
1777.26	0.19206	0.018596	8.3395e-05	5.2689e-05	0.00015442	0.00050689	0.00014029	0.000484	1.1313e-05	7.8378e-05	1.6204e-05	0.00010257	1.8139e-05	7.5081e-05	3.4659e-06	1.5181e-05	3.6609e-06	7.7141e-06	5.7263e-06	1.3647e-05	2.5484e-06	8.3126e-06	4.0952e-06	8.4925e-06	5.4677e-06	5.8237e-05	3.9663e-07	2.8954e-06	3.9889e-08	5.1509e-08	3.8467e-09	8.3159e-09	5.2878e-10	3.1147e-09	5.7738e-10	1.6181e-09	5.2619e-10	1.7329e-09	3.8668e-10	9.5196e-10	1.7216e-10	4.8226e-10	5.6511e-11	1.85e-10	9.5305e-11	2.752e-10	8.9485e-11	2.4039e-10	5.29e-11	2.8373e-10	5.9843e-11	3.475e-10	6.6545e-11	1.6416e-10	3.9441e-11	4.0841e-10	3.6506e-11	1.0921e-10	2.5994e-11	9.6951e-11	1.1474e-11	1.0935e-10	1.8802e-11	8.5376e-11	2.1321e-11	8.5418e-11	3.2335e-11	5.3678e-11	1.0968e-11	5.4371e-11	7.9338e-12	4.9529e-11	4.4636e-12	4.9553e-11	1.7127e-11	7.3656e-11	4.8438e-11	9.2039e-11	1.716e-11	3.0106e-11	9.2384e-12	8.6256e-11	4.4924e-12	5.0283e-12	3.0466e-12
1801.96	0.1892	0.018265	8.1921e-05	5.1757e-05	0.00015137	0.00049799	0.00013768	0.00047558	1.1082e-05	7.7054e-05	1.5878e-05	0.0001008	1.7796e-05	7.3866e-05	3.4005e-06	1.4932e-05	3.5898e-06	7.5715e-06	5.6168e-06	1.3412e-05	2.4979e-06	8.1545e-06	4.0141e-06	8.3326e-06	5.3688e-06	5.7258e-05	3.9008e-07	2.8448e-06	3.9235e-08	5.0689e-08	3.785e-09	8.1787e-09	5.2006e-10	3.0637e-09	5.6795e-10	1.5918e-09	5.1726e-10	1.7033e-09	3.8039e-10	9.3648e-10	1.6932e-10	4.7437e-10	5.5591e-11	1.8189e-10	9.3738e-11	2.7058e-10	8.7992e-11	2.3629e-10	5.1994e-11	2.7875e-10	5.8825e-11	3.4148e-10	6.5414e-11	1.6131e-10	3.8772e-11	4.0133e-10	3.5866e-11	1.0736e-10	2.5553e-11	9.528e-11	1.1275e-11	1.0748e-10	1.8479e-11	8.3896e-11	2.0943e-11	8.3964e-11	3.1783e-11	5.275e-11	1.0776e-11	5.3473e-11	7.8003e-12	4.873e-11	4.3914e-12	4.878e-11	1.6858e-11	7.2445e-11	4.7661e-11	9.0544e-11	1.6885e-11	2.9597e-11	9.0819e-12	8.481e-11	4.4163e-12	4.9475e-12	2.997e-12
1827	0.18657	0.017948	8.0462e-05	5.0823e-05	0.00014845	0.00048936	0.00013518	0.00046765	1.0844e-05	7.566e-05	1.5561e-05	9.903e-05	1.7449e-05	7.2617e-05	3.3337e-06	1.4682e-05	3.5178e-06	7.4346e-06	5.5046e-06	1.3178e-05	2.45e-06	7.9903e-06	3.9339e-06	8.1768e-06	5.2704e-06	5.6313e-05	3.8316e-07	2.7958e-06	3.8568e-08	4.9807e-08	3.7221e-09	8.0419e-09	5.1134e-10	3.0111e-09	5.5818e-10	1.5647e-09	5.0861e-10	1.6752e-09	3.7382e-10	9.2031e-10	1.665e-10	4.6623e-10	5.4632e-11	1.7888e-10	9.2137e-11	2.66e-10	8.6532e-11	2.3211e-10	5.1074e-11	2.7396e-10	5.7809e-11	3.3594e-10	6.4302e-11	1.5849e-10	3.8083e-11	3.9474e-10	3.5251e-11	1.0545e-10	2.5112e-11	9.3619e-11	1.108e-11	1.0559e-10	1.8153e-11	8.2566e-11	2.0594e-11	8.2631e-11	3.1279e-11	5.192e-11	1.0597e-11	5.2609e-11	7.6754e-12	4.7912e-11	4.3179e-12	4.7948e-11	1.657e-11	7.1229e-11	4.6848e-11	8.9015e-11	1.6597e-11	2.9106e-11	8.9335e-12	8.3425e-11	4.344e-12	4.8624e-12	2.9451e-12
1852.39	0.18365	0.017622	7.8985e-05	4.9868e-05	0.00014543	0.00048054	0.00013262	0.00045938	1.0626e-05	7.4291e-05	1.5235e-05	9.7268e-05	1.7109e-05	7.1371e-05	3.2664e-06	1.4429e-05	3.4445e-06	7.2986e-06	5.3927e-06	1.2942e-05	2.4039e-06	7.8284e-06	3.857e-06	8.0182e-06	5.1764e-06	5.5371e-05	3.7627e-07	2.7467e-06	3.7901e-08	4.8949e-08	3.659e-09	7.9064e-09	5.0276e-10	2.9575e-09	5.489e-10	1.5371e-09	4.9989e-10	1.6465e-09	3.6766e-10	9.0513e-10	1.6366e-10	4.5843e-10	5.3732e-11	1.7579e-10	9.0583e-11	2.6136e-10	8.5031e-11	2.2813e-10	5.0197e-11	2.6923e-10	5.6781e-11	3.3025e-10	6.3148e-11	1.5595e-10	3.7441e-11	3.8813e-10	3.4687e-11	1.0367e-10	2.4666e-11	9.1973e-11	1.0887e-11	1.0383e-10	1.784e-11	8.1148e-11	2.0259e-11	8.1211e-11	3.0742e-11	5.1028e-11	1.0424e-11	5.1705e-11	7.5436e-12	4.7108e-11	4.2454e-12	4.7147e-11	1.6294e-11	7.0062e-11	4.6077e-11	8.7552e-11	1.6323e-11	2.8633e-11	8.7867e-12	8.207e-11	4.2727e-12	4.779e-12	2.8955e-12
1878.13	0.18081	0.0173	7.754e-05	4.8954e-05	0.00014239	0.0004718	0.00013008	0.00045123	1.0419e-05	7.2886e-05	1.4936e-05	9.5446e-05	1.6774e-05	7.0126e-05	3.1977e-06	1.4178e-05	3.3775e-06	7.1641e-06	5.2798e-06	1.2707e-05	2.3564e-06	7.6742e-06	3.7812e-06	7.8577e-06	5.0829e-06	5.4414e-05	3.6987e-07	2.7005e-06	3.7267e-08	4.8144e-08	3.5975e-09	7.7694e-09	4.9401e-10	2.9061e-09	5.3942e-10	1.5102e-09	4.9114e-10	1.6174e-09	3.6132e-10	8.895e-10	1.6086e-10	4.5052e-10	5.2804e-11	1.7264e-10	8.9016e-11	2.5682e-10	8.3507e-11	2.2417e-10	4.9328e-11	2.6442e-10	5.5796e-11	3.2467e-10	6.2082e-11	1.5326e-10	3.6828e-11	3.8154e-10	3.4087e-11	1.0197e-10	2.424e-11	9.0462e-11	1.0694e-11	1.021e-10	1.7552e-11	7.9783e-11	1.9909e-11	7.9852e-11	3.0227e-11	5.017e-11	1.0244e-11	5.0848e-11	7.4178e-12	4.6334e-11	4.1755e-12	4.6377e-11	1.6027e-11	6.892e-11	4.5314e-11	8.6121e-11	1.6053e-11	2.8161e-11	8.6357e-12	8.0627e-11	4.2001e-12	4.7019e-12	2.8491e-12
1904.23	0.17802	0.016972	7.6101e-05	4.8019e-05	0.00013957	0.00046286	0.0001275	0.00044286	1.0202e-05	7.148e-05	1.4652e-05	9.366e-05	1.6457e-05	6.8832e-05	3.135e-06	1.3918e-05	3.3129e-06	7.0286e-06	5.1731e-06	1.2465e-05	2.3085e-06	7.5205e-06	3.704e-06	7.7073e-06	4.9904e-06	5.3472e-05	3.634e-07	2.6564e-06	3.664e-08	4.7327e-08	3.5343e-09	7.6299e-09	4.851e-10	2.8558e-09	5.2986e-10	1.4836e-09	4.8241e-10	1.5888e-09	3.5484e-10	8.736e-10	1.5802e-10	4.4257e-10	5.1855e-11	1.6962e-10	8.7448e-11	2.5228e-10	8.2054e-11	2.2011e-10	4.8433e-11	2.5993e-10	5.4889e-11	3.193e-10	6.1057e-11	1.5066e-10	3.6187e-11	3.7521e-10	3.3513e-11	1.002e-10	2.3845e-11	8.8904e-11	1.0514e-11	1.0035e-10	1.7247e-11	7.847e-11	1.9576e-11	7.8532e-11	2.9728e-11	4.9345e-11	1.0073e-11	5.0002e-11	7.2948e-12	4.5577e-11	4.1073e-12	4.5592e-11	1.5759e-11	6.7689e-11	4.4533e-11	8.4593e-11	1.5779e-11	2.766e-11	8.4841e-12	7.9236e-11	4.1255e-12	4.6204e-12	2.7991e-12
1930.7	0.17533	0.016639	7.4651e-05	4.7066e-05	0.00013675	0.00045387	0.00012488	0.00043441	9.989e-06	7.0048e-05	1.4353e-05	9.1813e-05	1.6153e-05	6.758e-05	3.0749e-06	1.3662e-05	3.2473e-06	6.8951e-06	5.0706e-06	1.2227e-05	2.264e-06	7.3683e-06	3.6298e-06	7.5591e-06	4.8978e-06	5.2563e-05	3.5684e-07	2.6103e-06	3.5994e-08	4.651e-08	3.4701e-09	7.4962e-09	4.7662e-10	2.8035e-09	5.2042e-10	1.4569e-09	4.7371e-10	1.5605e-09	3.4855e-10	8.581e-10	1.5523e-10	4.3466e-10	5.0937e-11	1.6666e-10	8.5886e-11	2.4771e-10	8.0614e-11	2.1632e-10	4.7603e-11	2.5558e-10	5.3927e-11	3.1403e-10	5.9987e-11	1.4817e-10	3.5578e-11	3.6902e-10	3.2955e-11	9.8512e-11	2.3427e-11	8.7386e-11	1.0335e-11	9.8663e-11	1.6954e-11	7.7146e-11	1.9248e-11	7.718e-11	2.9216e-11	4.85e-11	9.9055e-12	4.9128e-11	7.1692e-12	4.4751e-11	4.033e-12	4.4785e-11	1.5479e-11	6.6521e-11	4.3744e-11	8.3127e-11	1.5497e-11	2.7185e-11	8.3452e-12	7.794e-11	4.0572e-12	4.5401e-12	2.751e-12
1957.53	0.17255	0.0163	7.3258e-05	4.6149e-05	0.00013388	0.00044467	0.00012223	0.00042581	9.7872e-06	6.8726e-05	1.406e-05	9.0136e-05	1.5839e-05	6.6289e-05	3.0132e-06	1.3398e-05	3.1817e-06	6.7601e-06	4.9704e-06	1.1981e-05	2.2197e-06	7.2177e-06	3.5551e-06	7.4065e-06	4.806e-06	5.1664e-05	3.5052e-07	2.5637e-06	3.5376e-08	4.5712e-08	3.4088e-09	7.3632e-09	4.6819e-10	2.7552e-09	5.1103e-10	1.432e-09	4.6515e-10	1.5323e-09	3.4233e-10	8.4274e-10	1.5245e-10	4.2679e-10	5.003e-11	1.6359e-10	8.4324e-11	2.4331e-10	7.9133e-11	2.1271e-10	4.6805e-11	2.511e-10	5.3007e-11	3.0832e-10	5.8972e-11	1.4565e-10	3.4977e-11	3.6232e-10	3.2383e-11	9.6849e-11	2.3028e-11	8.5922e-11	1.0156e-11	9.702e-11	1.667e-11	7.5766e-11	1.8911e-11	7.5803e-11	2.8696e-11	4.7637e-11	9.729e-12	4.8257e-11	7.0403e-12	4.3977e-11	3.9632e-12	4.4015e-11	1.5211e-11	6.5426e-11	4.3021e-11	8.1757e-11	1.5239e-11	2.6739e-11	8.1986e-12	7.6571e-11	3.9879e-12	4.4641e-12	2.7033e-12
1984.73	0.16981	0.015992	7.194e-05	4.5248e-05	0.00013115	0.00043631	0.00011981	0.00041795	9.5854e-06	6.7451e-05	1.3784e-05	8.8542e-05	1.5521e-05	6.5107e-05	2.9519e-06	1.3158e-05	3.1187e-06	6.6278e-06	4.8686e-06	1.1758e-05	2.1743e-06	7.0671e-06	3.4807e-06	7.2617e-06	4.713e-06	5.0744e-05	3.4404e-07	2.5206e-06	3.4749e-08	4.4892e-08	3.3483e-09	7.2275e-09	4.5954e-10	2.7088e-09	5.0174e-10	1.4073e-09	4.5749e-10	1.5063e-09	3.361e-10	8.2742e-10	1.4965e-10	4.1903e-10	4.9118e-11	1.6075e-10	8.2792e-11	2.3928e-10	7.7757e-11	2.0893e-10	4.5974e-11	2.4683e-10	5.2112e-11	3.0295e-10	5.7968e-11	1.4302e-10	3.4367e-11	3.56e-10	3.1801e-11	9.5159e-11	2.2638e-11	8.4475e-11	9.9837e-12	9.5257e-11	1.6379e-11	7.4447e-11	1.8572e-11	7.4511e-11	2.8205e-11	4.6815e-11	9.557e-12	4.7456e-11	6.9217e-12	4.3248e-11	3.8974e-12	4.3284e-11	1.496e-11	6.4269e-11	4.2263e-11	8.0312e-11	1.4975e-11	2.6261e-11	8.0546e-12	7.5221e-11	3.9167e-12	4.3825e-12	2.654e-12
2012.32	0.16722	0.015696	7.0587e-05	4.4331e-05	0.00012837	0.00042831	0.00011748	0.0004104	9.3851e-06	6.6186e-05	1.3507e-05	8.6855e-05	1.5227e-05	6.3985e-05	2.8933e-06	1.2929e-05	3.0563e-06	6.4962e-06	4.7668e-06	1.1545e-05	2.1313e-06	6.9148e-06	3.4068e-06	7.1147e-06	4.6227e-06	4.9854e-05	3.3745e-07	2.4775e-06	3.4121e-08	4.4061e-08	3.2859e-09	7.1e-09	4.5149e-10	2.6604e-09	4.9327e-10	1.3826e-09	4.4931e-10	1.4797e-09	3.3029e-10	8.1319e-10	1.4697e-10	4.1203e-10	4.8266e-11	1.5802e-10	8.1423e-11	2.35e-10	7.6437e-11	2.0534e-10	4.5186e-11	2.4266e-10	5.1196e-11	2.979e-10	5.6942e-11	1.4052e-10	3.3741e-11	3.5006e-10	3.1257e-11	9.3426e-11	2.224e-11	8.2926e-11	9.8158e-12	9.358e-11	1.6082e-11	7.3209e-11	1.8261e-11	7.3245e-11	2.7727e-11	4.6029e-11	9.3974e-12	4.6612e-11	6.8027e-12	4.2476e-11	3.828e-12	4.2505e-11	1.469e-11	6.3129e-11	4.1514e-11	7.8887e-11	1.4707e-11	2.5801e-11	7.9178e-12	7.3941e-11	3.8504e-12	4.3021e-12	2.606e-12
2040.28	0.16446	0.015393	6.9293e-05	4.3449e-05	0.00012556	0.00042005	0.0001151	0.00040273	9.1888e-06	6.4905e-05	1.3231e-05	8.5205e-05	1.4934e-05	6.279e-05	2.8352e-06	1.2687e-05	2.9947e-06	6.3639e-06	4.6703e-06	1.1321e-05	2.0876e-06	6.7687e-06	3.3337e-06	6.9673e-06	4.5331e-06	4.8957e-05	3.3111e-07	2.4331e-06	3.3494e-08	4.3267e-08	3.2282e-09	6.9792e-09	4.4377e-10	2.6145e-09	4.8444e-10	1.3589e-09	4.4145e-10	1.4538e-09	3.245e-10	7.9884e-10	1.445e-10	4.0462e-10	4.7424e-11	1.5518e-10	7.9958e-11	2.3091e-10	7.5063e-11	2.018e-10	4.4406e-11	2.382e-10	5.0261e-11	2.9254e-10	5.5907e-11	1.3817e-10	3.3169e-11	3.4379e-10	3.0721e-11	9.184e-11	2.1833e-11	8.1464e-11	9.6339e-12	9.2007e-11	1.5806e-11	7.1881e-11	1.7934e-11	7.1921e-11	2.7226e-11	4.5197e-11	9.2292e-12	4.5781e-11	6.6798e-12	4.1721e-11	3.7598e-12	4.1764e-11	1.4432e-11	6.204e-11	4.0805e-11	7.7535e-11	1.4456e-11	2.5345e-11	7.7721e-12	7.2564e-11	3.7805e-12	4.227e-12	2.5602e-12
2068.64	0.16185	0.015091	6.8033e-05	4.2617e-05	0.00012285	0.00041186	0.00011274	0.00039505	8.9904e-06	6.3654e-05	1.2962e-05	8.3651e-05	1.4633e-05	6.1622e-05	2.7776e-06	1.245e-05	2.9331e-06	6.2371e-06	4.5752e-06	1.1101e-05	2.0432e-06	6.6243e-06	3.2619e-06	6.8224e-06	4.4428e-06	4.806e-05	3.2489e-07	2.391e-06	3.2871e-08	4.2485e-08	3.1726e-09	6.8529e-09	4.3574e-10	2.5693e-09	4.759e-10	1.3357e-09	4.3388e-10	1.4288e-09	3.1873e-10	7.8469e-10	1.4188e-10	3.9749e-10	4.6579e-11	1.5248e-10	7.8551e-11	2.2693e-10	7.3758e-11	1.9821e-10	4.3614e-11	2.3395e-10	4.9394e-11	2.8731e-10	5.4959e-11	1.3564e-10	3.2581e-11	3.3762e-10	3.0162e-11	9.0217e-11	2.1458e-11	8.009e-11	9.4629e-12	9.035e-11	1.5532e-11	7.0612e-11	1.7613e-11	7.0679e-11	2.6755e-11	4.4408e-11	9.0634e-12	4.4994e-11	6.5649e-12	4.0987e-11	3.6937e-12	4.1011e-11	1.4173e-11	6.0873e-11	4.005e-11	7.6079e-11	1.4191e-11	2.4874e-11	7.6273e-12	7.1226e-11	3.7094e-12	4.1526e-12	2.5154e-12
2097.39	0.15914	0.014804	6.675e-05	4.1767e-05	0.00012018	0.00040408	0.00011048	0.00038769	8.7905e-06	6.244e-05	1.2689e-05	8.2086e-05	1.4349e-05	6.053e-05	2.7205e-06	1.2227e-05	2.8722e-06	6.1162e-06	4.4781e-06	1.0894e-05	2.0003e-06	6.4781e-06	3.1952e-06	6.6788e-06	4.357e-06	4.7168e-05	3.1853e-07	2.3479e-06	3.2258e-08	4.1679e-08	3.1149e-09	6.7329e-09	4.2812e-10	2.5223e-09	4.6769e-10	1.3107e-09	4.2615e-10	1.404e-09	3.1319e-10	7.7108e-10	1.3938e-10	3.9063e-10	4.5769e-11	1.4982e-10	7.7194e-11	2.2287e-10	7.247e-11	1.9454e-10	4.2808e-11	2.2997e-10	4.8531e-11	2.8221e-10	5.3963e-11	1.3323e-10	3.1988e-11	3.3166e-10	2.9638e-11	8.8571e-11	2.1081e-11	7.8624e-11	9.3017e-12	8.8716e-11	1.5248e-11	6.9336e-11	1.7308e-11	6.9382e-11	2.6265e-11	4.3598e-11	8.9062e-12	4.4152e-11	6.4443e-12	4.0215e-11	3.6241e-12	4.0249e-11	1.391e-11	5.9752e-11	3.9299e-11	7.467e-11	1.3923e-11	2.4416e-11	7.4922e-12	6.9965e-11	3.643e-12	4.0776e-12	2.471e-12
2126.53	0.15658	0.014518	6.5442e-05	4.0954e-05	0.00011752	0.00039632	0.00010824	0.00038041	8.5994e-06	6.1242e-05	1.2413e-05	8.0525e-05	1.406e-05	5.9425e-05	2.6635e-06	1.2002e-05	2.8105e-06	5.9928e-06	4.3849e-06	1.0686e-05	1.958e-06	6.3375e-06	3.1271e-06	6.5372e-06	4.2743e-06	4.6277e-05	3.1243e-07	2.304e-06	3.1707e-08	4.0932e-08	3.06e-09	6.6146e-09	4.2059e-10	2.4762e-09	4.5943e-10	1.2871e-09	4.1827e-10	1.3777e-09	3.0779e-10	7.5769e-10	1.3695e-10	3.8368e-10	4.4979e-11	1.4709e-10	7.5803e-11	2.1872e-10	7.1156e-11	1.9118e-10	4.207e-11	2.2577e-10	4.7637e-11	2.7688e-10	5.2984e-11	1.3081e-10	3.143e-11	3.2537e-10	2.9091e-11	8.703e-11	2.0693e-11	7.7209e-11	9.1314e-12	8.7154e-11	1.4981e-11	6.804e-11	1.6984e-11	6.807e-11	2.5769e-11	4.278e-11	8.7372e-12	4.3321e-11	6.3217e-12	3.9472e-11	3.5572e-12	3.95e-11	1.3651e-11	5.8684e-11	3.8598e-11	7.3339e-11	1.3673e-11	2.3978e-11	7.3583e-12	6.8726e-11	3.5778e-12	4.0102e-12	2.4295e-12
2156.09	0.15409	0.014235	6.4233e-05	4.0162e-05	0.00011495	0.00038862	0.00010603	0.00037321	8.4113e-06	6.0031e-05	1.215e-05	7.9001e-05	1.3768e-05	5.8313e-05	2.6058e-06	1.1778e-05	2.7508e-06	5.8749e-06	4.2911e-06	1.0479e-05	1.9159e-06	6.2062e-06	3.0615e-06	6.4046e-06	4.1904e-06	4.541e-05	3.0668e-07	2.2615e-06	3.1122e-08	4.0215e-08	3.006e-09	6.4947e-09	4.1293e-10	2.4334e-09	4.5084e-10	1.2649e-09	4.1078e-10	1.3528e-09	3.0194e-10	7.4336e-10	1.3446e-10	3.7652e-10	4.4125e-11	1.4436e-10	7.4394e-11	2.1488e-10	6.9828e-11	1.8771e-10	4.1301e-11	2.2164e-10	4.68e-11	2.7172e-10	5.2055e-11	1.2835e-10	3.0842e-11	3.1932e-10	2.8536e-11	8.5404e-11	2.033e-11	7.5808e-11	8.9651e-12	8.5483e-11	1.4703e-11	6.6767e-11	1.6662e-11	6.6818e-11	2.5293e-11	4.1983e-11	8.5732e-12	4.2546e-11	6.2068e-12	3.8759e-11	3.493e-12	3.8792e-11	1.3406e-11	5.7637e-11	3.7904e-11	7.2031e-11	1.3426e-11	2.355e-11	7.2238e-12	6.7469e-11	3.5125e-12	3.945e-12	2.3901e-12
2186.05	0.15152	0.013955	6.3021e-05	3.9322e-05	0.00011248	0.00038104	0.00010384	0.00036604	8.2198e-06	5.8851e-05	1.1891e-05	7.7448e-05	1.3483e-05	5.7239e-05	2.5505e-06	1.1559e-05	2.6918e-06	5.7595e-06	4.1977e-06	1.0276e-05	1.8756e-06	6.0711e-06	2.9984e-06	6.2704e-06	4.1105e-06	4.4603e-05	3.008e-07	2.2194e-06	3.0544e-08	3.9449e-08	2.9488e-09	6.3688e-09	4.0496e-10	2.3873e-09	4.4242e-10	1.2408e-09	4.0337e-10	1.3287e-09	2.963e-10	7.2946e-10	1.3186e-10	3.6952e-10	4.3301e-11	1.4178e-10	7.3026e-11	2.1093e-10	6.8578e-11	1.8415e-10	4.0521e-11	2.1758e-10	4.5901e-11	2.6665e-10	5.1038e-11	1.2587e-10	3.0236e-11	3.1336e-10	2.7996e-11	8.3722e-11	1.9939e-11	7.433e-11	8.7983e-12	8.3842e-11	1.4413e-11	6.5527e-11	1.6353e-11	6.5579e-11	2.4825e-11	4.1207e-11	8.4143e-12	4.1758e-11	6.0913e-12	3.8044e-11	3.4285e-12	3.8067e-11	1.3157e-11	5.6558e-11	3.7188e-11	7.0674e-11	1.3173e-11	2.3116e-11	7.0995e-12	6.6301e-11	3.4517e-12	3.8751e-12	2.3472e-12
2216.43	0.14897	0.013674	6.1777e-05	3.8522e-05	0.00011003	0.00037338	0.00010164	0.00035889	8.0371e-06	5.7659e-05	1.1627e-05	7.588e-05	1.3201e-05	5.6143e-05	2.4958e-06	1.1335e-05	2.6323e-06	5.6427e-06	4.1051e-06	1.007e-05	1.8362e-06	5.9426e-06	2.9343e-06	6.1411e-06	4.032e-06	4.3771e-05	2.9518e-07	2.1773e-06	3.0004e-08	3.8741e-08	2.8937e-09	6.2569e-09	3.9786e-10	2.3431e-09	4.3468e-10	1.218e-09	3.958e-10	1.3037e-09	2.9113e-10	7.1677e-10	1.2952e-10	3.6303e-10	4.2545e-11	1.3915e-10	7.1728e-11	2.0697e-10	6.7305e-11	1.8088e-10	3.9802e-11	2.1336e-10	4.5013e-11	2.6184e-10	5.0061e-11	1.2359e-10	2.9685e-11	3.0771e-10	2.7487e-11	8.2194e-11	1.9553e-11	7.2926e-11	8.6293e-12	8.2313e-11	1.4147e-11	6.4332e-11	1.6056e-11	6.4367e-11	2.4366e-11	4.0448e-11	8.2624e-12	4.0985e-11	5.9787e-12	3.7354e-11	3.3662e-12	3.7399e-11	1.2923e-11	5.5596e-11	3.6563e-11	6.9477e-11	1.2952e-11	2.272e-11	6.9821e-12	6.522e-11	3.3944e-12	3.8055e-12	2.3045e-12
2247.23	0.14645	0.013389	6.0614e-05	3.7768e-05	0.00010768	0.00036563	9.9419e-05	0.00035162	7.8654e-06	5.6488e-05	1.1376e-05	7.4378e-05	1.2923e-05	5.5032e-05	2.4404e-06	1.1109e-05	2.5748e-06	5.5238e-06	4.0132e-06	9.862e-06	1.7976e-06	5.8162e-06	2.8698e-06	6.0166e-06	3.9527e-06	4.2975e-05	2.8971e-07	2.1373e-06	2.945e-08	3.8047e-08	2.8428e-09	6.1409e-09	3.9044e-10	2.3012e-09	4.2647e-10	1.1956e-09	3.8869e-10	1.2798e-09	2.8565e-10	7.0322e-10	1.2716e-10	3.5618e-10	4.1745e-11	1.3656e-10	7.0374e-11	2.0328e-10	6.6055e-11	1.7742e-10	3.9038e-11	2.0933e-10	4.418e-11	2.5707e-10	4.9149e-11	1.2131e-10	2.914e-11	3.0208e-10	2.6976e-11	8.0683e-11	1.9193e-11	7.159e-11	8.4658e-12	8.0818e-11	1.3888e-11	6.3187e-11	1.5757e-11	6.326e-11	2.3946e-11	3.9742e-11	8.1091e-12	4.029e-11	5.8768e-12	3.6711e-11	3.3084e-12	3.6767e-11	1.2702e-11	5.4682e-11	3.5954e-11	6.8338e-11	1.2735e-11	2.2343e-11	6.8607e-12	6.4071e-11	3.3359e-12	3.7347e-12	2.2624e-12
2278.46	0.14387	0.013117	5.9397e-05	3.6981e-05	0.00010538	0.00035823	9.7298e-05	0.00034465	7.6894e-06	5.5328e-05	1.114e-05	7.2905e-05	1.266e-05	5.3965e-05	2.3873e-06	1.0892e-05	2.5213e-06	5.4142e-06	3.9236e-06	9.6625e-06	1.7604e-06	5.6886e-06	2.8088e-06	5.891e-06	3.872e-06	4.2201e-05	2.8388e-07	2.0978e-06	2.889e-08	3.7324e-08	2.7895e-09	6.0257e-09	3.8315e-10	2.2561e-09	4.1866e-10	1.1724e-09	3.813e-10	1.2558e-09	2.8035e-10	6.9023e-10	1.2475e-10	3.497e-10	4.097e-11	1.3411e-10	6.9105e-11	1.994e-10	6.4868e-11	1.7397e-10	3.828e-11	2.0546e-10	4.3365e-11	2.5262e-10	4.8247e-11	1.1915e-10	2.8594e-11	2.9686e-10	2.6511e-11	7.9173e-11	1.8838e-11	7.0273e-11	8.3093e-12	7.9325e-11	1.3628e-11	6.2106e-11	1.5488e-11	6.2201e-11	2.3546e-11	3.9073e-11	7.9699e-12	3.962e-11	5.778e-12	3.61e-11	3.2534e-12	3.6141e-11	1.2488e-11	5.371e-11	3.5325e-11	6.7124e-11	1.2514e-11	2.1946e-11	6.7361e-12	6.2905e-11	3.2751e-12	3.6661e-12	2.2203e-12
2310.13	0.14132	0.012849	5.817e-05	3.621e-05	0.00010295	0.00035095	9.5205e-05	0.00033777	7.5218e-06	5.4166e-05	1.0897e-05	7.1398e-05	1.2397e-05	5.2915e-05	2.3375e-06	1.0679e-05	2.4661e-06	5.3026e-06	3.8401e-06	9.4671e-06	1.7236e-06	5.5608e-06	2.7493e-06	5.7634e-06	3.7981e-06	4.1413e-05	2.7834e-07	2.0593e-06	2.8361e-08	3.662e-08	2.7369e-09	5.9167e-09	3.7622e-10	2.2127e-09	4.1072e-10	1.1499e-09	3.7383e-10	1.2316e-09	2.751e-10	6.7725e-10	1.225e-10	3.4304e-10	4.0205e-11	1.3147e-10	6.7783e-11	1.9547e-10	6.3602e-11	1.7075e-10	3.7574e-11	2.0168e-10	4.255e-11	2.4837e-10	4.7339e-11	1.171e-10	2.8106e-11	2.9189e-10	2.6064e-11	7.7822e-11	1.8484e-11	6.8997e-11	8.1563e-12	7.7948e-11	1.3393e-11	6.1049e-11	1.5229e-11	6.1116e-11	2.3135e-11	3.8398e-11	7.8375e-12	3.8918e-11	5.6772e-12	3.5455e-11	3.1952e-12	3.5481e-11	1.2262e-11	5.2722e-11	3.468e-11	6.5892e-11	1.2285e-11	2.1541e-11	6.6093e-12	6.172e-11	3.2142e-12	3.5983e-12	2.179e-12
2342.23	0.13892	0.012575	5.7023e-05	3.546e-05	0.00010066	0.0003435	9.3075e-05	0.00033076	7.3579e-06	5.3034e-05	1.0666e-05	6.996e-05	1.2142e-05	5.1854e-05	2.2864e-06	1.0461e-05	2.4136e-06	5.1905e-06	3.7548e-06	9.2674e-06	1.6855e-06	5.4427e-06	2.688e-06	5.642e-06	3.7218e-06	4.0608e-05	2.7312e-07	2.0222e-06	2.7844e-08	3.5964e-08	2.6871e-09	5.8012e-09	3.6884e-10	2.1715e-09	4.0269e-10	1.1284e-09	3.6672e-10	1.2077e-09	2.6973e-10	6.6407e-10	1.2013e-10	3.363e-10	3.9419e-11	1.2892e-10	6.6442e-11	1.9181e-10	6.236e-11	1.6757e-10	3.6876e-11	1.9792e-10	4.1812e-11	2.4391e-10	4.652e-11	1.1509e-10	2.7627e-11	2.8663e-10	2.5606e-11	7.6492e-11	1.8165e-11	6.7796e-11	8.0058e-12	7.6637e-11	1.3165e-11	5.9933e-11	1.4957e-11	5.9984e-11	2.2706e-11	3.7686e-11	7.6965e-12	3.8202e-11	5.5725e-12	3.4795e-11	3.1357e-12	3.4827e-11	1.2036e-11	5.1733e-11	3.4023e-11	6.4649e-11	1.2054e-11	2.1137e-11	6.4865e-12	6.0563e-11	3.1539e-12	3.5306e-12	2.1391e-12
2374.79	0.1366	0.012314	5.5892e-05	3.4684e-05	9.8498e-05	0.0003364	9.1044e-05	0.00032406	7.1891e-06	5.1997e-05	1.0442e-05	6.8604e-05	1.1897e-05	5.0838e-05	2.2377e-06	1.0253e-05	2.3619e-06	5.0848e-06	3.6731e-06	9.0768e-06	1.6491e-06	5.3208e-06	2.6304e-06	5.5252e-06	3.6463e-06	3.9868e-05	2.6765e-07	1.9851e-06	2.7306e-08	3.5278e-08	2.6335e-09	5.6868e-09	3.6159e-10	2.1311e-09	3.9489e-10	1.1073e-09	3.5985e-10	1.1851e-09	2.6448e-10	6.5113e-10	1.1775e-10	3.2983e-10	3.8652e-11	1.2651e-10	6.5181e-11	1.882e-10	6.1196e-11	1.6438e-10	3.6174e-11	1.9444e-10	4.1095e-11	2.3935e-10	4.5734e-11	1.1297e-10	2.7137e-11	2.8127e-10	2.513e-11	7.5138e-11	1.7852e-11	6.6634e-11	7.8646e-12	7.5249e-11	1.2932e-11	5.882e-11	1.4681e-11	5.8865e-11	2.2283e-11	3.6988e-11	7.5534e-12	3.7473e-11	5.4677e-12	3.4142e-11	3.0769e-12	3.4163e-11	1.1807e-11	5.0748e-11	3.3387e-11	6.3425e-11	1.1827e-11	2.0742e-11	6.3651e-12	5.943e-11	3.0956e-12	3.4659e-12	2.0993e-12
2407.79	0.13431	0.01207	5.4766e-05	3.3933e-05	9.6226e-05	0.00032975	8.9137e-05	0.00031779	7.0256e-06	5.0921e-05	1.0207e-05	6.7223e-05	1.165e-05	4.9862e-05	2.1899e-06	1.0057e-05	2.3096e-06	4.9742e-06	3.5937e-06	8.8968e-06	1.6146e-06	5.2013e-06	2.5711e-06	5.404e-06	3.5748e-06	3.9119e-05	2.6231e-07	1.9465e-06	2.6802e-08	3.4603e-08	2.582e-09	5.58e-09	3.5481e-10	2.0907e-09	3.8749e-10	1.0869e-09	3.5297e-10	1.1626e-09	2.595e-10	6.3889e-10	1.1552e-10	3.2363e-10	3.7924e-11	1.2414e-10	6.395e-11	1.846e-10	6.0051e-11	1.6151e-10	3.5541e-11	1.9112e-10	4.0365e-11	2.3481e-10	4.4906e-11	1.1086e-10	2.6632e-11	2.7597e-10	2.4656e-11	7.3741e-11	1.7535e-11	6.5407e-11	7.73e-12	7.3835e-11	1.2691e-11	5.7693e-11	1.4399e-11	5.7743e-11	2.1858e-11	3.628e-11	7.4095e-12	3.6765e-11	5.3639e-12	3.3495e-11	3.0185e-12	3.353e-11	1.1587e-11	4.9795e-11	3.2759e-11	6.223e-11	1.1606e-11	2.0347e-11	6.244e-12	5.8304e-11	3.0367e-12	3.4035e-12	2.0626e-12
2441.25	0.13188	0.011818	5.3753e-05	3.3215e-05	9.4058e-05	0.0003229	8.718e-05	0.00031133	6.8723e-06	4.9897e-05	9.9824e-06	6.5906e-05	1.1399e-05	4.889e-05	2.141e-06	9.8575e-06	2.2575e-06	4.8642e-06	3.5135e-06	8.7139e-06	1.5786e-06	5.0877e-06	2.5113e-06	5.2898e-06	3.4994e-06	3.8357e-05	2.5708e-07	1.9098e-06	2.6277e-08	3.3954e-08	2.533e-09	5.4746e-09	3.4813e-10	2.0535e-09	3.8003e-10	1.0676e-09	3.4671e-10	1.1415e-09	2.5457e-10	6.2669e-10	1.1333e-10	3.174e-10	3.7204e-11	1.2177e-10	6.272e-11	1.8137e-10	5.8896e-11	1.5873e-10	3.4933e-11	1.8762e-10	3.9609e-11	2.3037e-10	4.4065e-11	1.0872e-10	2.612e-11	2.707e-10	2.4185e-11	7.2324e-11	1.7207e-11	6.4177e-11	7.5878e-12	7.2434e-11	1.245e-11	5.6618e-11	1.4126e-11	5.6667e-11	2.1451e-11	3.5605e-11	7.2673e-12	3.6069e-11	5.2636e-12	3.2856e-11	2.961e-12	3.2886e-11	1.1365e-11	4.8859e-11	3.2132e-11	6.1054e-11	1.1385e-11	1.9965e-11	6.1283e-12	5.7227e-11	2.9786e-12	3.3436e-12	2.0267e-12
2475.18	0.12957	0.011578	5.2757e-05	3.2511e-05	9.189e-05	0.00031638	8.5317e-05	0.00030519	6.714e-06	4.889e-05	9.771e-06	6.4626e-05	1.116e-05	4.796e-05	2.0932e-06	9.667e-06	2.2093e-06	4.7611e-06	3.4324e-06	8.5395e-06	1.5444e-06	4.968e-06	2.4552e-06	5.1725e-06	3.4251e-06	3.7643e-05	2.517e-07	1.8749e-06	2.5744e-08	3.3268e-08	2.4851e-09	5.3688e-09	3.414e-10	2.0182e-09	3.7319e-10	1.049e-09	3.4066e-10	1.1215e-09	2.4987e-10	6.1521e-10	1.1114e-10	3.1172e-10	3.6514e-11	1.196e-10	6.1608e-11	1.7819e-10	5.7848e-11	1.5584e-10	3.4293e-11	1.8405e-10	3.8848e-11	2.2593e-10	4.3211e-11	1.0669e-10	2.5623e-11	2.6551e-10	2.3731e-11	7.0947e-11	1.6876e-11	6.2936e-11	7.444e-12	7.1039e-11	1.2211e-11	5.5524e-11	1.3857e-11	5.5573e-11	2.1037e-11	3.4917e-11	7.1291e-12	3.5375e-11	5.1624e-12	3.2239e-11	2.9054e-12	3.2258e-11	1.1149e-11	4.7942e-11	3.1534e-11	5.9914e-11	1.1168e-11	1.9589e-11	6.0167e-12	5.6204e-11	2.9243e-12	3.2874e-12	1.9919e-12
2509.58	0.12729	0.011345	5.1747e-05	3.1826e-05	8.9716e-05	0.00031005	8.3502e-05	0.00029918	6.5589e-06	4.7871e-05	9.5516e-06	6.3262e-05	1.093e-05	4.704e-05	2.0486e-06	9.482e-06	2.1594e-06	4.6597e-06	3.3573e-06	8.37e-06	1.5097e-06	4.8522e-06	2.4004e-06	5.0542e-06	3.3557e-06	3.6893e-05	2.4646e-07	1.8381e-06	2.5247e-08	3.261e-08	2.4374e-09	5.2729e-09	3.3529e-10	1.9808e-09	3.6667e-10	1.0293e-09	3.345e-10	1.1015e-09	2.4545e-10	6.0438e-10	1.0916e-10	3.0626e-10	3.5865e-11	1.1752e-10	6.0524e-11	1.7497e-10	5.685e-11	1.5289e-10	3.3643e-11	1.8052e-10	3.81e-11	2.2165e-10	4.2377e-11	1.0462e-10	2.5133e-11	2.6049e-10	2.3271e-11	6.9593e-11	1.6552e-11	6.1747e-11	7.2998e-12	6.9673e-11	1.198e-11	5.4459e-11	1.3589e-11	5.4498e-11	2.063e-11	3.4244e-11	6.9933e-12	3.4716e-11	5.0627e-12	3.1627e-11	2.8502e-12	3.1654e-11	1.0939e-11	4.7085e-11	3.0957e-11	5.884e-11	1.0964e-11	1.9244e-11	5.9094e-12	5.5195e-11	2.8732e-12	3.2284e-12	1.9558e-12
2544.45	0.12482	0.011101	5.071e-05	3.1181e-05	8.7595e-05	0.00030338	8.1611e-05	0.00029294	6.4091e-06	4.6848e-05	9.3379e-06	6.1975e-05	1.0691e-05	4.6075e-05	2.0024e-06	9.2837e-06	2.1105e-06	4.5583e-06	3.2814e-06	8.1894e-06	1.4749e-06	4.7424e-06	2.3459e-06	4.9428e-06	3.2873e-06	3.6142e-05	2.4148e-07	1.8035e-06	2.4759e-08	3.1978e-08	2.3932e-09	5.1814e-09	3.2946e-10	1.9427e-09	3.6e-10	1.0096e-09	3.2812e-10	1.0803e-09	2.4106e-10	5.9353e-10	1.0724e-10	3.0069e-10	3.5227e-11	1.1533e-10	5.9423e-11	1.7164e-10	5.579e-11	1.4989e-10	3.2985e-11	1.7702e-10	3.7374e-11	2.1743e-10	4.1561e-11	1.026e-10	2.4643e-11	2.5552e-10	2.2818e-11	6.8238e-11	1.6235e-11	6.0541e-11	7.1607e-12	6.8351e-11	1.1747e-11	5.3432e-11	1.3334e-11	5.3487e-11	2.0246e-11	3.3602e-11	6.8608e-12	3.4086e-11	4.9694e-12	3.1062e-11	2.7993e-12	3.1098e-11	1.0746e-11	4.6241e-11	3.0401e-11	5.778e-11	1.0769e-11	1.8907e-11	5.8088e-12	5.4245e-11	2.8248e-12	3.1665e-12	1.9178e-12
2579.81	0.1226	0.010868	4.9661e-05	3.0556e-05	8.5585e-05	0.00029704	7.9802e-05	0.00028691	6.2544e-06	4.5908e-05	9.129e-06	6.0763e-05	1.0467e-05	4.5159e-05	1.9572e-06	9.097e-06	2.0638e-06	4.466e-06	3.2056e-06	8.0191e-06	1.4414e-06	4.635e-06	2.2965e-06	4.8343e-06	3.2188e-06	3.5443e-05	2.3655e-07	1.7677e-06	2.4272e-08	3.1363e-08	2.3511e-09	5.0845e-09	3.2329e-10	1.905e-09	3.5307e-10	9.8973e-10	3.2173e-10	1.0596e-09	2.3643e-10	5.8209e-10	1.0526e-10	2.9492e-10	3.4553e-11	1.131e-10	5.8287e-11	1.6827e-10	5.4715e-11	1.4698e-10	3.234e-11	1.7357e-10	3.6644e-11	2.1355e-10	4.0756e-11	1.0066e-10	2.4177e-11	2.5093e-10	2.2395e-11	6.6943e-11	1.5918e-11	5.9369e-11	7.02e-12	6.7036e-11	1.1518e-11	5.2488e-11	1.3091e-11	5.2545e-11	1.989e-11	3.3011e-11	6.7366e-12	3.3467e-11	4.8813e-12	3.0513e-11	2.7497e-12	3.0568e-11	1.056e-11	4.5439e-11	2.988e-11	5.678e-11	1.0586e-11	1.8571e-11	5.7036e-12	5.3274e-11	2.7726e-12	3.1038e-12	1.8814e-12
2615.67	0.12034	0.010648	4.8644e-05	2.9903e-05	8.3576e-05	0.00029107	7.8098e-05	0.00028127	6.1054e-06	4.4932e-05	8.9161e-06	5.9484e-05	1.0236e-05	4.4292e-05	1.9135e-06	8.9214e-06	2.0145e-06	4.3772e-06	3.1339e-06	7.8587e-06	1.4093e-06	4.5285e-06	2.248e-06	4.7264e-06	3.1563e-06	3.4754e-05	2.3186e-07	1.7315e-06	2.3835e-08	3.0757e-08	2.3068e-09	4.9862e-09	3.1703e-10	1.8676e-09	3.4621e-10	9.7079e-10	3.1543e-10	1.0387e-09	2.3188e-10	5.7087e-10	1.0324e-10	2.8916e-10	3.3888e-11	1.109e-10	5.7139e-11	1.6499e-10	5.3643e-11	1.4412e-10	3.171e-11	1.7023e-10	3.5933e-11	2.0978e-10	3.9978e-11	9.8869e-11	2.3728e-11	2.4647e-10	2.1997e-11	6.5696e-11	1.5611e-11	5.8237e-11	6.8838e-12	6.5825e-11	1.1304e-11	5.1583e-11	1.2852e-11	5.1655e-11	1.9554e-11	3.2455e-11	6.6142e-12	3.2885e-11	4.798e-12	2.9972e-11	2.7011e-12	3.0003e-11	1.0368e-11	4.4611e-11	2.9337e-11	5.5757e-11	1.0391e-11	1.8223e-11	5.593e-12	5.2227e-11	2.719e-12	3.0486e-12	1.8477e-12
2652.02	0.11816	0.010419	4.7642e-05	2.9253e-05	8.1718e-05	0.00028482	7.633e-05	0.0002754	5.9627e-06	4.3975e-05	8.7091e-06	5.826e-05	1.0003e-05	4.338e-05	1.8682e-06	8.7351e-06	1.9674e-06	4.2847e-06	3.0593e-06	7.6894e-06	1.3773e-06	4.4297e-06	2.1993e-06	4.6283e-06	3.0966e-06	3.4064e-05	2.2744e-07	1.6973e-06	2.3405e-08	3.0192e-08	2.2617e-09	4.8875e-09	3.1078e-10	1.8308e-09	3.3937e-10	9.5153e-10	3.0932e-10	1.0187e-09	2.2727e-10	5.5954e-10	1.0118e-10	2.8346e-10	3.3213e-11	1.0871e-10	5.6019e-11	1.6177e-10	5.2577e-11	1.4128e-10	3.1091e-11	1.6693e-10	3.526e-11	2.0601e-10	3.9245e-11	9.717e-11	2.3294e-11	2.4208e-10	2.162e-11	6.4498e-11	1.5319e-11	5.7195e-11	6.7514e-12	6.4646e-11	1.1101e-11	5.0628e-11	1.2627e-11	5.0684e-11	1.9186e-11	3.1842e-11	6.4984e-12	3.229e-11	4.7086e-12	2.9409e-11	2.6504e-12	2.9437e-11	1.0172e-11	4.3725e-11	2.8765e-11	5.4647e-11	1.0188e-11	1.7867e-11	5.4805e-12	5.1179e-11	2.6657e-12	2.9939e-12	1.8145e-12
2688.87	0.11605	0.010197	4.6645e-05	2.8599e-05	7.9942e-05	0.00027878	7.461e-05	0.00026965	5.8232e-06	4.3065e-05	8.5124e-06	5.7035e-05	9.7851e-06	4.2519e-05	1.8247e-06	8.5579e-06	1.9222e-06	4.1913e-06	2.9856e-06	7.5281e-06	1.3479e-06	4.3351e-06	2.1497e-06	4.5324e-06	3.0339e-06	3.3439e-05	2.2305e-07	1.6641e-06	2.2969e-08	2.9649e-08	2.217e-09	4.79e-09	3.0458e-10	1.7952e-09	3.3278e-10	9.3275e-10	3.0319e-10	9.9841e-10	2.2288e-10	5.4872e-10	9.9187e-11	2.7795e-10	3.2571e-11	1.0656e-10	5.4924e-11	1.5855e-10	5.1544e-11	1.3857e-10	3.0491e-11	1.639e-10	3.4619e-11	2.021e-10	3.8523e-11	9.5347e-11	2.2887e-11	2.375e-10	2.1214e-11	6.3373e-11	1.5039e-11	5.62e-11	6.6298e-12	6.3489e-11	1.0908e-11	4.9668e-11	1.2397e-11	4.97e-11	1.8814e-11	3.1232e-11	6.3787e-12	3.1649e-11	4.6163e-12	2.883e-11	2.5981e-12	2.8853e-11	9.9713e-12	4.2874e-11	2.8181e-11	5.3564e-11	9.9859e-12	1.7529e-11	5.3824e-12	5.0268e-11	2.6169e-12	2.9376e-12	1.7799e-12
2726.24	0.11392	0.0099783	4.5695e-05	2.7976e-05	7.8147e-05	0.00027279	7.2922e-05	0.00026404	5.6886e-06	4.2097e-05	8.3177e-06	5.5799e-05	9.5712e-06	4.1635e-05	1.7829e-06	8.3792e-06	1.8782e-06	4.0976e-06	2.9167e-06	7.3659e-06	1.3196e-06	4.2371e-06	2.0997e-06	4.436e-06	2.9704e-06	3.2841e-05	2.1843e-07	1.6309e-06	2.252e-08	2.9076e-08	2.1733e-09	4.6955e-09	2.9856e-10	1.76e-09	3.2614e-10	9.1474e-10	2.9721e-10	9.7848e-10	2.1841e-10	5.3773e-10	9.7224e-11	2.7241e-10	3.1918e-11	1.0448e-10	5.3825e-11	1.5549e-10	5.0538e-11	1.3599e-10	2.9926e-11	1.6095e-10	3.4014e-11	1.981e-10	3.7841e-11	9.3526e-11	2.2465e-11	2.328e-10	2.0797e-11	6.2202e-11	1.4776e-11	5.5147e-11	6.5131e-12	6.2284e-11	1.0704e-11	4.8679e-11	1.215e-11	4.8715e-11	1.8441e-11	3.061e-11	6.2507e-12	3.1007e-11	4.525e-12	2.828e-11	2.5485e-12	2.8315e-11	9.7847e-12	4.2097e-11	2.7675e-11	5.26e-11	9.8034e-12	1.7212e-11	5.2848e-12	4.9357e-11	2.5691e-12	2.8844e-12	1.7475e-12
2764.13	0.11174	0.0097564	4.4784e-05	2.7345e-05	7.6312e-05	0.00026676	7.1211e-05	0.00025829	5.562e-06	4.1172e-05	8.1341e-06	5.4598e-05	9.3592e-06	4.0743e-05	1.7421e-06	8.1988e-06	1.8349e-06	4.0054e-06	2.849e-06	7.2024e-06	1.2909e-06	4.1384e-06	2.0513e-06	4.3375e-06	2.9076e-06	3.2211e-05	2.1391e-07	1.6009e-06	2.2066e-08	2.8503e-08	2.1296e-09	4.6031e-09	2.9271e-10	1.7277e-09	3.1962e-10	8.9817e-10	2.9156e-10	9.5976e-10	2.1404e-10	5.2694e-10	9.5283e-11	2.6699e-10	3.128e-11	1.0242e-10	5.2775e-11	1.5255e-10	4.9541e-11	1.3346e-10	2.9371e-11	1.5801e-10	3.3377e-11	1.9434e-10	3.714e-11	9.1649e-11	2.2019e-11	2.2835e-10	2.0383e-11	6.0971e-11	1.45e-11	5.409e-11	6.3911e-12	6.1044e-11	1.0492e-11	4.7765e-11	1.1902e-11	4.781e-11	1.8098e-11	3.0039e-11	6.1279e-12	3.0449e-11	4.4413e-12	2.7764e-11	2.502e-12	2.7801e-11	9.608e-12	4.1328e-11	2.7171e-11	5.1639e-11	9.6244e-12	1.6892e-11	5.1844e-12	4.8419e-11	2.5206e-12	2.8287e-12	1.7142e-12
2802.54	0.10964	0.0095395	4.3899e-05	2.673e-05	7.4494e-05	0.00026084	6.9542e-05	0.0002527	5.4381e-06	4.0286e-05	7.9612e-06	5.3457e-05	9.167e-06	3.9899e-05	1.7027e-06	8.0248e-06	1.7943e-06	3.916e-06	2.7815e-06	7.0445e-06	1.2617e-06	4.0408e-06	2.0038e-06	4.2384e-06	2.8453e-06	3.1571e-05	2.0935e-07	1.5716e-06	2.1625e-08	2.7924e-08	2.0873e-09	4.5121e-09	2.869e-10	1.6963e-09	3.1351e-10	8.8254e-10	2.8617e-10	9.4228e-10	2.099e-10	5.1681e-10	9.3421e-11	2.6189e-10	3.0673e-11	1.0052e-10	5.1766e-11	1.497e-10	4.8619e-11	1.3107e-10	2.8845e-11	1.5497e-10	3.2713e-11	1.9079e-10	3.6386e-11	8.9925e-11	2.1563e-11	2.2416e-10	2.0004e-11	5.9711e-11	1.4212e-11	5.3e-11	6.268e-12	5.9868e-11	1.0281e-11	4.6895e-11	1.1687e-11	4.6926e-11	1.7763e-11	2.9485e-11	6.0156e-12	2.9891e-11	4.3595e-12	2.7249e-11	2.4557e-12	2.7271e-11	9.4247e-12	4.053e-11	2.6652e-11	5.0648e-11	9.4408e-12	1.6567e-11	5.0896e-12	4.7534e-11	2.4729e-12	2.7773e-12	1.6835e-12
2841.49	0.10757	0.0093343	4.3062e-05	2.6142e-05	7.2705e-05	0.00025525	6.7961e-05	0.00024739	5.3092e-06	3.9423e-05	7.7873e-06	5.2314e-05	8.9799e-06	3.908e-05	1.6657e-06	7.8584e-06	1.7555e-06	3.8287e-06	2.7195e-06	6.8938e-06	1.2325e-06	3.9459e-06	1.9567e-06	4.1423e-06	2.7845e-06	3.0931e-05	2.05e-07	1.542e-06	2.119e-08	2.7373e-08	2.046e-09	4.4275e-09	2.8154e-10	1.665e-09	3.0772e-10	8.6549e-10	2.8108e-10	9.2568e-10	2.0606e-10	5.0734e-10	9.1659e-11	2.5703e-10	3.0113e-11	9.8689e-11	5.0796e-11	1.4701e-10	4.7724e-11	1.2862e-10	2.83e-11	1.5185e-10	3.2043e-11	1.8718e-10	3.566e-11	8.8268e-11	2.1173e-11	2.1997e-10	1.9634e-11	5.8626e-11	1.3919e-11	5.1996e-11	6.1413e-12	5.8766e-11	1.009e-11	4.5996e-11	1.1471e-11	4.6032e-11	1.7425e-11	2.8923e-11	5.9046e-12	2.9317e-11	4.2762e-12	2.6719e-11	2.4078e-12	2.6752e-11	9.2451e-12	3.9782e-11	2.6162e-11	4.9715e-11	9.2657e-12	1.6257e-11	4.9901e-12	4.6605e-11	2.4258e-12	2.7286e-12	1.6532e-12
2880.98	0.10569	0.0091295	4.2211e-05	2.5598e-05	7.0974e-05	0.00024966	6.6387e-05	0.00024212	5.1829e-06	3.8576e-05	7.6077e-06	5.1268e-05	8.7887e-06	3.8263e-05	1.6294e-06	7.6919e-06	1.715e-06	3.743e-06	2.6601e-06	6.7431e-06	1.204e-06	3.8515e-06	1.9119e-06	4.0478e-06	2.7257e-06	3.0298e-05	2.0059e-07	1.5115e-06	2.0758e-08	2.6813e-08	2.0081e-09	4.3452e-09	2.7634e-10	1.6326e-09	3.0224e-10	8.4848e-10	2.7574e-10	9.0782e-10	2.0242e-10	4.9835e-10	8.9927e-11	2.5243e-10	2.9582e-11	9.6854e-11	4.9883e-11	1.4425e-10	4.6847e-11	1.2598e-10	2.7721e-11	1.4893e-10	3.1451e-11	1.8356e-10	3.5001e-11	8.6573e-11	2.0781e-11	2.1568e-10	1.9257e-11	5.754e-11	1.3663e-11	5.1035e-11	6.0243e-12	5.7662e-11	9.9026e-12	4.5117e-11	1.125e-11	4.5149e-11	1.7089e-11	2.8368e-11	5.7893e-12	2.8775e-11	4.1955e-12	2.6218e-11	2.3627e-12	2.6242e-11	9.0693e-12	3.9009e-11	2.5648e-11	4.8744e-11	9.085e-12	1.5946e-11	4.8994e-12	4.5773e-11	2.3811e-12	2.6758e-12	1.622e-12
2921.02	0.10371	0.00894	4.1303e-05	2.5082e-05	6.925e-05	0.00024451	6.4924e-05	0.00023717	5.0563e-06	3.7786e-05	7.4312e-06	5.0261e-05	8.595e-06	3.7526e-05	1.5915e-06	7.5403e-06	1.6747e-06	3.663e-06	2.5985e-06	6.6055e-06	1.1761e-06	3.7602e-06	1.8692e-06	3.9542e-06	2.6675e-06	2.9685e-05	1.9626e-07	1.4805e-06	2.0348e-08	2.6267e-08	1.9718e-09	4.2653e-09	2.7122e-10	1.5994e-09	2.9643e-10	8.3116e-10	2.7018e-10	8.8951e-10	1.9849e-10	4.8869e-10	8.8292e-11	2.4761e-10	2.9006e-11	9.4963e-11	4.894e-11	1.4131e-10	4.5933e-11	1.2345e-10	2.7171e-11	1.4617e-10	3.0865e-11	1.8008e-10	3.4349e-11	8.4904e-11	2.0378e-11	2.1161e-10	1.8891e-11	5.6424e-11	1.3409e-11	5.0049e-11	5.9125e-12	5.6531e-11	9.7107e-12	4.4251e-11	1.1041e-11	4.4282e-11	1.6762e-11	2.7823e-11	5.6811e-12	2.8208e-11	4.114e-12	2.5713e-11	2.3172e-12	2.5745e-11	8.8959e-12	3.8299e-11	2.5182e-11	4.7863e-11	8.917e-12	1.5656e-11	4.8119e-12	4.4942e-11	2.3385e-12	2.6313e-12	1.5946e-12
2961.61	0.10169	0.0087595	4.0401e-05	2.4526e-05	6.7581e-05	0.00023958	6.3533e-05	0.00023254	4.9355e-06	3.7024e-05	7.2561e-06	4.9241e-05	8.3995e-06	3.6805e-05	1.5545e-06	7.3933e-06	1.6344e-06	3.5852e-06	2.5363e-06	6.4723e-06	1.1484e-06	3.6716e-06	1.8274e-06	3.8653e-06	2.614e-06	2.9089e-05	1.9221e-07	1.4506e-06	1.9957e-08	2.5746e-08	1.9339e-09	4.1819e-09	2.659e-10	1.5684e-09	2.9042e-10	8.1526e-10	2.6453e-10	8.7139e-10	1.9448e-10	4.7878e-10	8.6605e-11	2.4259e-10	2.8422e-11	9.3022e-11	4.7942e-11	1.3837e-10	4.4996e-11	1.2114e-10	2.6661e-11	1.4335e-10	3.0263e-11	1.7661e-10	3.3672e-11	8.3267e-11	1.9997e-11	2.0752e-10	1.8522e-11	5.537e-11	1.3147e-11	4.908e-11	5.7976e-12	5.5458e-11	9.5287e-12	4.3408e-11	1.0822e-11	4.3459e-11	1.645e-11	2.7302e-11	5.57e-12	2.7698e-11	4.0375e-12	2.5243e-11	2.2748e-12	2.5274e-11	8.7338e-12	3.76e-11	2.4729e-11	4.6989e-11	8.7584e-12	1.537e-11	4.7174e-12	4.4062e-11	2.2939e-12	2.5815e-12	1.5649e-12
3002.77	0.099615	0.0085764	3.9606e-05	2.3971e-05	6.5995e-05	0.00023459	6.2124e-05	0.0002278	4.8141e-06	3.6225e-05	7.0875e-06	4.8196e-05	8.2091e-06	3.6074e-05	1.5173e-06	7.2446e-06	1.5959e-06	3.5095e-06	2.4752e-06	6.3379e-06	1.122e-06	3.5896e-06	1.7879e-06	3.7806e-06	2.5622e-06	2.8496e-05	1.8839e-07	1.421e-06	1.9574e-08	2.5266e-08	1.8957e-09	4.0961e-09	2.6045e-10	1.5391e-09	2.8439e-10	7.9978e-10	2.5959e-10	8.5477e-10	1.9049e-10	4.6898e-10	8.4807e-11	2.375e-10	2.7839e-11	9.1214e-11	4.6927e-11	1.358e-10	4.4112e-11	1.1886e-10	2.6159e-11	1.4055e-10	2.9695e-11	1.7338e-10	3.3036e-11	8.1687e-11	1.9599e-11	2.0371e-10	1.8176e-11	5.4267e-11	1.29e-11	4.8129e-11	5.6848e-12	5.4381e-11	9.3394e-12	4.261e-11	1.0625e-11	4.2671e-11	1.6151e-11	2.6799e-11	5.4673e-12	2.719e-11	3.9653e-12	2.478e-11	2.2331e-12	2.4802e-11	8.5714e-12	3.688e-11	2.4239e-11	4.6073e-11	8.5867e-12	1.5086e-11	4.6384e-12	4.3321e-11	2.2551e-12	2.532e-12	1.5353e-12
3044.5	0.097449	0.0083888	3.8814e-05	2.3415e-05	6.4473e-05	0.00022948	6.0685e-05	0.00022293	4.6952e-06	3.5434e-05	6.9191e-06	4.7146e-05	8.0234e-06	3.5326e-05	1.4818e-06	7.0923e-06	1.5571e-06	3.4313e-06	2.4154e-06	6.2003e-06	1.0967e-06	3.5116e-06	1.748e-06	3.6976e-06	2.5103e-06	2.7951e-05	1.8475e-07	1.3917e-06	1.9213e-08	2.4812e-08	1.8564e-09	4.015e-09	2.5533e-10	1.509e-09	2.79e-10	7.8417e-10	2.5468e-10	8.3854e-10	1.8684e-10	4.5999e-10	8.3095e-11	2.3304e-10	2.7304e-11	8.9504e-11	4.6056e-11	1.3323e-10	4.3281e-11	1.1649e-10	2.5636e-11	1.3783e-10	2.9101e-11	1.7015e-10	3.2384e-11	8.0173e-11	1.9242e-11	1.9995e-10	1.7849e-11	5.3275e-11	1.2642e-11	4.7209e-11	5.5741e-12	5.3379e-11	9.1648e-12	4.1811e-11	1.0429e-11	4.1851e-11	1.5842e-11	2.6294e-11	5.3668e-12	2.6654e-11	3.8876e-12	2.4319e-11	2.1914e-12	2.4367e-11	8.4184e-12	3.6247e-11	2.3831e-11	4.5292e-11	8.4415e-12	1.4817e-11	4.5497e-12	4.2499e-11	2.2121e-12	2.4868e-12	1.5083e-12
3086.81	0.095598	0.0082017	3.8001e-05	2.2901e-05	6.3032e-05	0.00022436	5.9256e-05	0.00021811	4.584e-06	3.4637e-05	6.7551e-06	4.6124e-05	7.8423e-06	3.4569e-05	1.4461e-06	6.9385e-06	1.5193e-06	3.3516e-06	2.3563e-06	6.0618e-06	1.0722e-06	3.4299e-06	1.7055e-06	3.6192e-06	2.4573e-06	2.7424e-05	1.8091e-07	1.3638e-06	1.884e-08	2.4318e-08	1.8202e-09	3.9389e-09	2.505e-10	1.4793e-09	2.737e-10	7.6868e-10	2.4964e-10	8.2201e-10	1.8327e-10	4.5123e-10	8.1513e-11	2.2861e-10	2.6782e-11	8.7736e-11	4.5181e-11	1.3059e-10	4.244e-11	1.1427e-10	2.5145e-11	1.3514e-10	2.856e-11	1.6705e-10	3.178e-11	7.8659e-11	1.8885e-11	1.9623e-10	1.7498e-11	5.2291e-11	1.2409e-11	4.633e-11	5.4669e-12	5.2388e-11	8.9986e-12	4.1075e-11	1.0223e-11	4.1135e-11	1.5571e-11	2.584e-11	5.2639e-12	2.62e-11	3.8213e-12	2.3884e-11	2.1523e-12	2.3913e-11	8.2631e-12	3.556e-11	2.3373e-11	4.4433e-11	8.2793e-12	1.4533e-11	4.4621e-12	4.1697e-11	2.1691e-12	2.445e-12	1.4841e-12
3129.71	0.093733	0.0080184	3.7234e-05	2.2401e-05	6.156e-05	0.00021936	5.7854e-05	0.00021334	4.4785e-06	3.3879e-05	6.6004e-06	4.5121e-05	7.6654e-06	3.3833e-05	1.4112e-06	6.7893e-06	1.4835e-06	3.2762e-06	2.299e-06	5.9275e-06	1.049e-06	3.3485e-06	1.6649e-06	3.5393e-06	2.403e-06	2.69e-05	1.7696e-07	1.3373e-06	1.8444e-08	2.3819e-08	1.7854e-09	3.8622e-09	2.4558e-10	1.4503e-09	2.6826e-10	7.5359e-10	2.4489e-10	8.0618e-10	1.7964e-10	4.4228e-10	7.9957e-11	2.2407e-10	2.6252e-11	8.601e-11	4.4283e-11	1.2809e-10	4.1595e-11	1.12e-10	2.4647e-11	1.3263e-10	2.8036e-11	1.6398e-10	3.1191e-11	7.7285e-11	1.8508e-11	1.9268e-10	1.7198e-11	5.1245e-11	1.218e-11	4.5451e-11	5.3646e-12	5.1412e-11	8.8189e-12	4.0306e-11	1.0048e-11	4.0343e-11	1.5272e-11	2.5349e-11	5.1717e-12	2.57e-11	3.7475e-12	2.3425e-11	2.111e-12	2.3449e-11	8.1033e-12	3.4877e-11	2.2925e-11	4.3585e-11	8.118e-12	1.4252e-11	4.3829e-12	4.0949e-11	2.1288e-12	2.4035e-12	1.457e-12
3173.21	0.091961	0.00784	3.6443e-05	2.1898e-05	6.0033e-05	0.00021449	5.6492e-05	0.00020872	4.378e-06	3.3113e-05	6.4523e-06	4.4123e-05	7.5e-06	3.3112e-05	1.3785e-06	6.6424e-06	1.45e-06	3.2052e-06	2.2434e-06	5.7953e-06	1.0255e-06	3.2661e-06	1.6276e-06	3.4549e-06	2.3526e-06	2.6359e-05	1.7302e-07	1.3113e-06	1.8067e-08	2.3321e-08	1.7499e-09	3.7848e-09	2.4069e-10	1.4218e-09	2.6313e-10	7.3923e-10	2.3992e-10	7.8995e-10	1.7615e-10	4.3376e-10	7.8333e-11	2.1978e-10	2.574e-11	8.4309e-11	4.3435e-11	1.2551e-10	4.0781e-11	1.0989e-10	2.4185e-11	1.3011e-10	2.7471e-11	1.608e-10	3.0589e-11	7.582e-11	1.819e-11	1.8895e-10	1.6864e-11	5.0364e-11	1.1935e-11	4.4652e-11	5.2624e-12	5.0474e-11	8.6677e-12	3.9518e-11	9.8557e-12	3.9551e-11	1.4971e-11	2.485e-11	5.0725e-12	2.521e-11	3.6741e-12	2.2969e-11	2.07e-12	2.2994e-11	7.9453e-12	3.4257e-11	2.2518e-11	4.2802e-11	7.9714e-12	1.4009e-11	4.3085e-12	4.0272e-11	2.0935e-12	2.3611e-12	1.4328e-12
3217.31	0.090127	0.0076619	3.5717e-05	2.141e-05	5.8497e-05	0.00020963	5.5135e-05	0.0002041	4.2736e-06	3.2363e-05	6.3119e-06	4.3175e-05	7.3399e-06	3.2407e-05	1.3473e-06	6.4971e-06	1.418e-06	3.1335e-06	2.192e-06	5.6645e-06	1.0006e-06	3.1899e-06	1.5909e-06	3.3746e-06	2.3046e-06	2.5805e-05	1.6947e-07	1.2867e-06	1.7718e-08	2.2865e-08	1.7149e-09	3.7105e-09	2.3594e-10	1.3951e-09	2.5776e-10	7.2548e-10	2.3545e-10	7.7486e-10	1.726e-10	4.2496e-10	7.6812e-11	2.153e-10	2.5223e-11	8.2651e-11	4.2552e-11	1.2315e-10	3.9973e-11	1.0783e-10	2.3731e-11	1.2775e-10	2.6997e-11	1.5764e-10	3.0046e-11	7.4322e-11	1.7838e-11	1.8525e-10	1.6533e-11	4.9389e-11	1.1728e-11	4.3802e-11	5.1694e-12	4.9493e-11	8.4987e-12	3.8748e-11	9.6663e-12	3.881e-11	1.469e-11	2.4375e-11	4.9738e-12	2.4753e-11	3.6067e-12	2.2574e-11	2.0343e-12	2.2612e-11	7.8125e-12	3.37e-11	2.2135e-11	4.2102e-11	7.8349e-12	1.3779e-11	4.2328e-12	3.9539e-11	2.0578e-12	2.322e-12	1.4075e-12
3262.02	0.088239	0.0074921	3.5001e-05	2.0922e-05	5.715e-05	0.000205	5.3839e-05	0.00019967	4.1672e-06	3.1662e-05	6.1679e-06	4.2274e-05	7.1836e-06	3.1721e-05	1.3177e-06	6.3584e-06	1.3844e-06	3.0622e-06	2.1432e-06	5.54e-06	9.7655e-07	3.116e-06	1.5532e-06	3.3002e-06	2.2554e-06	2.529e-05	1.6598e-07	1.2612e-06	1.7375e-08	2.242e-08	1.6807e-09	3.6366e-09	2.3126e-10	1.3683e-09	2.529e-10	7.1121e-10	2.31e-10	7.6056e-10	1.6928e-10	4.1683e-10	7.5273e-11	2.1128e-10	2.4738e-11	8.1085e-11	4.175e-11	1.2082e-10	3.9219e-11	1.0575e-10	2.3277e-11	1.2534e-10	2.6469e-11	1.5498e-10	2.9463e-11	7.288e-11	1.7496e-11	1.8208e-10	1.6229e-11	4.8441e-11	1.15e-11	4.2933e-11	5.0705e-12	4.8518e-11	8.3318e-12	3.8104e-11	9.4905e-12	3.8159e-11	1.4444e-11	2.3971e-11	4.8857e-12	2.4343e-11	3.5452e-12	2.2202e-11	2.0008e-12	2.2231e-11	7.6819e-12	3.3077e-11	2.1738e-11	4.1325e-11	7.6996e-12	1.3524e-11	4.1598e-12	3.8871e-11	2.0203e-12	2.2832e-12	1.385e-12
3307.35	0.086536	0.00733	3.4272e-05	2.0461e-05	5.5809e-05	0.00020059	5.26e-05	0.00019544	4.0608e-06	3.0999e-05	6.0188e-06	4.1391e-05	7.0222e-06	3.1079e-05	1.2871e-06	6.2271e-06	1.3504e-06	2.9932e-06	2.0919e-06	5.4218e-06	9.5467e-07	3.0421e-06	1.5176e-06	3.2272e-06	2.2073e-06	2.4801e-05	1.6242e-07	1.2345e-06	1.7017e-08	2.1968e-08	1.648e-09	3.5677e-09	2.2686e-10	1.3435e-09	2.4814e-10	6.9871e-10	2.2631e-10	7.4509e-10	1.6615e-10	4.0908e-10	7.3842e-11	2.0726e-10	2.428e-11	7.9518e-11	4.0956e-11	1.1843e-10	3.8464e-11	1.0383e-10	2.2851e-11	1.2287e-10	2.5956e-11	1.5239e-10	2.8884e-11	7.1669e-11	1.7175e-11	1.7906e-10	1.595e-11	4.7554e-11	1.1278e-11	4.2096e-11	4.9694e-12	4.7687e-11	8.1812e-12	3.7457e-11	9.3335e-12	3.7501e-11	1.4196e-11	2.3559e-11	4.8053e-12	2.3892e-11	3.4838e-12	2.179e-11	1.9637e-12	2.1823e-11	7.5401e-12	3.252e-11	2.1366e-11	4.0627e-11	7.5632e-12	1.3297e-11	4.0886e-12	3.819e-11	1.987e-12	2.2468e-12	1.3638e-12
3353.32	0.084922	0.0071726	3.3621e-05	2.0026e-05	5.4449e-05	0.00019629	5.1401e-05	0.00019136	3.9653e-06	3.0367e-05	5.8681e-06	4.0558e-05	6.8583e-06	3.0457e-05	1.2557e-06	6.0987e-06	1.3167e-06	2.9253e-06	2.0408e-06	5.3063e-06	9.331e-07	2.9695e-06	1.4819e-06	3.1517e-06	2.1601e-06	2.4296e-05	1.5905e-07	1.2092e-06	1.6681e-08	2.1536e-08	1.6167e-09	3.4987e-09	2.2247e-10	1.3178e-09	2.4306e-10	6.8493e-10	2.2233e-10	7.3204e-10	1.6276e-10	4.007e-10	7.2433e-11	2.0303e-10	2.3785e-11	7.8083e-11	4.0137e-11	1.1632e-10	3.7757e-11	1.018e-10	2.2402e-11	1.2043e-10	2.5482e-11	1.4956e-10	2.8371e-11	7.0436e-11	1.6887e-11	1.7572e-10	1.5672e-11	4.6754e-11	1.1071e-11	4.1393e-11	4.8722e-12	4.6889e-11	8.0398e-12	3.6766e-11	9.1598e-12	3.6811e-11	1.3934e-11	2.3125e-11	4.7157e-12	2.3487e-11	3.4211e-12	2.1422e-11	1.9305e-12	2.1455e-11	7.4117e-12	3.1936e-11	2.0995e-11	3.99e-11	7.435e-12	1.3058e-11	4.0203e-12	3.7564e-11	1.9525e-12	2.2138e-12	1.344e-12
3399.92	0.083157	0.0070238	3.2924e-05	1.9562e-05	5.3158e-05	0.00019223	5.0265e-05	0.0001875	3.8713e-06	2.9708e-05	5.7366e-06	3.9702e-05	6.7048e-06	2.985e-05	1.2239e-06	5.9766e-06	1.2858e-06	2.8613e-06	1.9894e-06	5.1967e-06	9.1094e-07	2.8986e-06	1.4486e-06	3.0808e-06	2.1148e-06	2.3803e-05	1.5555e-07	1.1856e-06	1.6343e-08	2.1092e-08	1.5847e-09	3.434e-09	2.184e-10	1.2914e-09	2.3877e-10	6.7118e-10	2.1796e-10	7.1751e-10	1.5989e-10	3.9366e-10	7.1042e-11	1.9945e-10	2.3366e-11	7.6573e-11	3.9421e-11	1.1404e-10	3.7033e-11	9.9774e-11	2.1955e-11	1.1839e-10	2.5047e-11	1.4698e-10	2.7898e-11	6.9133e-11	1.6572e-11	1.7271e-10	1.539e-11	4.5883e-11	1.0883e-11	4.0677e-11	4.7904e-12	4.6012e-11	7.8952e-12	3.6146e-11	9.0036e-12	3.6199e-11	1.3702e-11	2.274e-11	4.6359e-12	2.3067e-11	3.3632e-12	2.1035e-11	1.8956e-12	2.107e-11	7.2785e-12	3.1418e-11	2.0645e-11	3.925e-11	7.3093e-12	1.2851e-11	3.9556e-12	3.6971e-11	1.9216e-12	2.1845e-12	1.3276e-12
3447.17	0.081332	0.0068726	3.2232e-05	1.9162e-05	5.1844e-05	0.00018808	4.9117e-05	0.00018358	3.7762e-06	2.9031e-05	5.6056e-06	3.8801e-05	6.5597e-06	2.9221e-05	1.196e-06	5.8495e-06	1.2557e-06	2.7976e-06	1.9418e-06	5.083e-06	8.9003e-07	2.8312e-06	1.4159e-06	3.0098e-06	2.0714e-06	2.3319e-05	1.5239e-07	1.162e-06	1.6029e-08	2.0681e-08	1.5564e-09	3.3679e-09	2.1417e-10	1.2657e-09	2.3405e-10	6.5845e-10	2.1369e-10	7.0323e-10	1.567e-10	3.858e-10	6.9711e-11	1.9551e-10	2.29e-11	7.5029e-11	3.8645e-11	1.1177e-10	3.6292e-11	9.8003e-11	2.157e-11	1.1636e-10	2.4583e-11	1.4433e-10	2.7373e-11	6.7976e-11	1.6288e-11	1.6959e-10	1.5127e-11	4.5095e-11	1.068e-11	3.9921e-11	4.7071e-12	4.5219e-11	7.7573e-12	3.5494e-11	8.8409e-12	3.557e-11	1.3463e-11	2.2335e-11	4.5515e-12	2.2688e-11	3.3059e-12	2.07e-11	1.8653e-12	2.0742e-11	7.1658e-12	3.0938e-11	2.0312e-11	3.8644e-11	7.191e-12	1.2658e-11	3.8977e-12	3.643e-11	1.8929e-12	2.1595e-12	1.3119e-12
3495.08	0.079631	0.0067117	3.1611e-05	1.8725e-05	5.0626e-05	0.00018369	4.7899e-05	0.0001794	3.6862e-06	2.8347e-05	5.4724e-06	3.7949e-05	6.4106e-06	2.8579e-05	1.1682e-06	5.7185e-06	1.2252e-06	2.7384e-06	1.8956e-06	4.9657e-06	8.6904e-07	2.7672e-06	1.3837e-06	2.9435e-06	2.0279e-06	2.2853e-05	1.4925e-07	1.1381e-06	1.5717e-08	2.0289e-08	1.5253e-09	3.3003e-09	2.0985e-10	1.2442e-09	2.2946e-10	6.4701e-10	2.097e-10	6.9031e-10	1.5357e-10	3.7815e-10	6.8319e-11	1.9166e-10	2.244e-11	7.3537e-11	3.7874e-11	1.0974e-10	3.5564e-11	9.6349e-11	2.1205e-11	1.1418e-10	2.4156e-11	1.4209e-10	2.6906e-11	6.6751e-11	1.5994e-11	1.6691e-10	1.4869e-11	4.4284e-11	1.0495e-11	3.925e-11	4.6191e-12	4.4399e-11	7.6209e-12	3.4938e-11	8.6954e-12	3.4997e-11	1.3247e-11	2.1981e-11	4.4773e-12	2.2333e-11	3.2521e-12	2.0388e-11	1.8372e-12	2.0429e-11	7.0573e-12	3.0485e-11	2.0015e-11	3.8075e-11	7.0844e-12	1.2473e-11	3.847e-12	3.597e-11	1.8668e-12	2.1317e-12	1.2941e-12
3543.65	0.077882	0.0065593	3.1042e-05	1.8295e-05	4.9438e-05	0.00017954	4.6741e-05	0.00017536	3.5937e-06	2.7744e-05	5.3461e-06	3.7157e-05	6.2653e-06	2.7979e-05	1.1401e-06	5.595e-06	1.1963e-06	2.6774e-06	1.8495e-06	4.8551e-06	8.4944e-07	2.7001e-06	1.353e-06	2.878e-06	1.9888e-06	2.2408e-05	1.4596e-07	1.1151e-06	1.5416e-08	1.9866e-08	1.4943e-09	3.2337e-09	2.0564e-10	1.2224e-09	2.2515e-10	6.3553e-10	2.0614e-10	6.7819e-10	1.5073e-10	3.7115e-10	6.6934e-11	1.8807e-10	2.2025e-11	7.2285e-11	3.718e-11	1.0789e-10	3.4953e-11	9.452e-11	2.0803e-11	1.1222e-10	2.3723e-11	1.3992e-10	2.6412e-11	6.5693e-11	1.5728e-11	1.6437e-10	1.4626e-11	4.3547e-11	1.0306e-11	3.8541e-11	4.5411e-12	4.3697e-11	7.4919e-12	3.441e-11	8.5602e-12	3.4469e-11	1.3047e-11	2.1649e-11	4.4094e-12	2.2001e-11	3.2035e-12	2.0088e-11	1.8102e-12	2.0132e-11	6.954e-12	3.0108e-11	1.9756e-11	3.7602e-11	6.9906e-12	1.2324e-11	3.8016e-12	3.5545e-11	1.8454e-12	2.0977e-12	1.2747e-12
3592.9	0.076191	0.0064179	3.0414e-05	1.7904e-05	4.8244e-05	0.00017569	4.567e-05	0.0001717	3.5093e-06	2.7146e-05	5.2175e-06	3.6366e-05	6.1229e-06	2.7411e-05	1.1135e-06	5.4794e-06	1.1666e-06	2.6154e-06	1.8048e-06	4.7515e-06	8.3022e-07	2.6413e-06	1.3212e-06	2.8148e-06	1.9464e-06	2.1961e-05	1.4315e-07	1.0924e-06	1.512e-08	1.951e-08	1.4655e-09	3.178e-09	2.0212e-10	1.1994e-09	2.2128e-10	6.238e-10	2.0222e-10	6.6562e-10	1.4808e-10	3.6466e-10	6.5761e-11	1.8488e-10	2.1636e-11	7.101e-11	3.655e-11	1.0583e-10	3.4342e-11	9.2879e-11	2.0439e-11	1.1017e-10	2.3324e-11	1.3786e-10	2.5979e-11	6.4696e-11	1.548e-11	1.6194e-10	1.4407e-11	4.2856e-11	1.0134e-11	3.7926e-11	4.459e-12	4.3029e-11	7.3688e-12	3.3907e-11	8.4331e-12	3.3996e-11	1.2867e-11	2.1342e-11	4.3445e-12	2.1726e-11	3.1606e-12	1.9847e-11	1.7884e-12	1.9906e-11	6.8745e-12	2.9736e-11	1.9521e-11	3.7145e-11	6.9081e-12	1.2167e-11	3.7513e-12	3.5061e-11	1.8211e-12	2.0702e-12	1.2567e-12
3642.83	0.074567	0.0062786	2.9853e-05	1.7536e-05	4.7148e-05	0.00017187	4.4617e-05	0.00016809	3.4259e-06	2.6538e-05	5.0981e-06	3.5567e-05	5.9859e-06	2.6827e-05	1.0862e-06	5.3618e-06	1.1395e-06	2.5553e-06	1.7601e-06	4.6466e-06	8.1138e-07	2.5779e-06	1.2898e-06	2.7527e-06	1.904e-06	2.1561e-05	1.4009e-07	1.0711e-06	1.4813e-08	1.9114e-08	1.4397e-09	3.1221e-09	1.9854e-10	1.1789e-09	2.1706e-10	6.1299e-10	1.9869e-10	6.5384e-10	1.4532e-10	3.5779e-10	6.4622e-11	1.8134e-10	2.1236e-11	6.9665e-11	3.585e-11	1.04e-10	3.3692e-11	9.1165e-11	2.0063e-11	1.0842e-10	2.2948e-11	1.3626e-10	2.5583e-11	6.3767e-11	1.5249e-11	1.6003e-10	1.4214e-11	4.2213e-11	9.9718e-12	3.7347e-11	4.3873e-12	4.2389e-11	7.2594e-12	3.3524e-11	8.3274e-12	3.36e-11	1.2717e-11	2.1096e-11	4.2904e-12	2.1462e-11	3.1232e-12	1.9592e-11	1.7655e-12	1.9638e-11	6.7834e-12	2.9319e-11	1.9258e-11	3.6631e-11	6.8172e-12	1.1993e-11	3.6898e-12	3.4518e-11	1.7927e-12	2.0408e-12	1.2386e-12
3693.45	0.073037	0.0061358	2.9264e-05	1.716e-05	4.6e-05	0.00016798	4.3537e-05	0.00016434	3.3408e-06	2.5963e-05	4.9821e-06	3.48e-05	5.8551e-06	2.6256e-05	1.0611e-06	5.2459e-06	1.1127e-06	2.504e-06	1.7181e-06	4.543e-06	7.9323e-07	2.5153e-06	1.2627e-06	2.689e-06	1.8644e-06	2.1124e-05	1.3709e-07	1.0498e-06	1.451e-08	1.8732e-08	1.4138e-09	3.0627e-09	1.9477e-10	1.1572e-09	2.1325e-10	6.0231e-10	1.9502e-10	6.4203e-10	1.4274e-10	3.5147e-10	6.3384e-11	1.7817e-10	2.0858e-11	6.847e-11	3.5227e-11	1.0206e-10	3.3111e-11	8.9681e-11	1.9741e-11	1.0675e-10	2.2603e-11	1.3445e-10	2.52e-11	6.303e-11	1.5056e-11	1.5793e-10	1.4044e-11	4.1678e-11	9.8216e-12	3.6811e-11	4.32e-12	4.1892e-11	7.164e-12	3.307e-11	8.2242e-12	3.3155e-11	1.2548e-11	2.0813e-11	4.2357e-12	2.1164e-11	3.082e-12	1.931e-11	1.74e-12	1.935e-11	6.6848e-12	2.8887e-11	1.895e-11	3.6079e-11	6.7051e-12	1.1822e-11	3.6421e-12	3.4041e-11	1.7684e-12	2.0108e-12	1.2202e-12
3744.78	0.071481	0.0060002	2.8744e-05	1.6804e-05	4.4865e-05	0.00016427	4.2515e-05	0.00016082	3.2655e-06	2.537e-05	4.8661e-06	3.4042e-05	5.7242e-06	2.5696e-05	1.0364e-06	5.1322e-06	1.0851e-06	2.4522e-06	1.6782e-06	4.4417e-06	7.7452e-07	2.4585e-06	1.2364e-06	2.6264e-06	1.8292e-06	2.0686e-05	1.3431e-07	1.0301e-06	1.4254e-08	1.8376e-08	1.3874e-09	3.0097e-09	1.9141e-10	1.1385e-09	2.093e-10	5.9228e-10	1.9174e-10	6.3103e-10	1.4014e-10	3.4504e-10	6.2263e-11	1.7485e-10	2.048e-11	6.7222e-11	3.4568e-11	1.0036e-10	3.2498e-11	8.8293e-11	1.9434e-11	1.0517e-10	2.2312e-11	1.325e-10	2.489e-11	6.2175e-11	1.487e-11	1.5565e-10	1.3857e-11	4.1166e-11	9.6965e-12	3.6382e-11	4.2581e-12	4.1337e-11	7.0775e-12	3.258e-11	8.1084e-12	3.2621e-11	1.2348e-11	2.0492e-11	4.1744e-12	2.0842e-11	3.0312e-12	1.9033e-11	1.7151e-12	1.9074e-11	6.589e-12	2.8463e-11	1.8696e-11	3.5556e-11	6.6174e-12	1.1646e-11	3.5892e-12	3.3541e-11	1.7431e-12	1.9805e-12	1.2018e-12
3796.82	0.069992	0.0058655	2.8266e-05	1.645e-05	4.386e-05	0.00016059	4.15e-05	0.00015729	3.1857e-06	2.4827e-05	4.758e-06	3.333e-05	5.6063e-06	2.516e-05	1.0117e-06	5.0219e-06	1.061e-06	2.3982e-06	1.636e-06	4.3432e-06	7.5608e-07	2.4051e-06	1.2083e-06	2.5728e-06	1.7938e-06	2.0279e-05	1.3181e-07	1.0096e-06	1.4001e-08	1.8053e-08	1.363e-09	2.9538e-09	1.8789e-10	1.1209e-09	2.0576e-10	5.8324e-10	1.8871e-10	6.2065e-10	1.3773e-10	3.3913e-10	6.1106e-11	1.7191e-10	2.0127e-11	6.6121e-11	3.399e-11	9.881e-11	3.1972e-11	8.6958e-11	1.9142e-11	1.0396e-10	2.2038e-11	1.3058e-10	2.4565e-11	6.1218e-11	1.466e-11	1.534e-10	1.3626e-11	4.0588e-11	9.5764e-12	3.5888e-11	4.208e-12	4.0733e-11	6.98e-12	3.2114e-11	7.9864e-12	3.2182e-11	1.2181e-11	2.0208e-11	4.114e-12	2.054e-11	2.9912e-12	1.8749e-11	1.6895e-12	1.8794e-11	6.4918e-12	2.805e-11	1.842e-11	3.5039e-11	6.5212e-12	1.1476e-11	3.5355e-12	3.3039e-11	1.717e-12	1.9499e-12	1.1835e-12
3849.59	0.068497	0.0057395	2.7804e-05	1.6118e-05	4.2909e-05	0.00015714	4.0549e-05	0.00015401	3.1068e-06	2.4293e-05	4.6452e-06	3.2619e-05	5.479e-06	2.465e-05	9.8906e-07	4.9171e-06	1.0354e-06	2.3496e-06	1.5995e-06	4.2498e-06	7.4022e-07	2.3509e-06	1.1828e-06	2.5198e-06	1.7576e-06	1.9916e-05	1.2907e-07	9.8865e-07	1.3731e-08	1.7703e-08	1.339e-09	2.9058e-09	1.848e-10	1.1045e-09	2.0248e-10	5.753e-10	1.8586e-10	6.112e-10	1.3546e-10	3.336e-10	6.012e-11	1.692e-10	1.9793e-11	6.5091e-11	3.3461e-11	9.7309e-11	3.1474e-11	8.5904e-11	1.8914e-11	1.0253e-10	2.1728e-11	1.2865e-10	2.4206e-11	6.0361e-11	1.4437e-11	1.5111e-10	1.3447e-11	3.9966e-11	9.4413e-12	3.5326e-11	4.1509e-12	4.0142e-11	6.868e-12	3.1642e-11	7.8687e-12	3.1715e-11	1.2004e-11	1.9915e-11	4.0522e-12	2.0239e-11	2.9475e-12	1.8473e-11	1.6647e-12	1.851e-11	6.3937e-12	2.7623e-11	1.8143e-11	3.4507e-11	6.4234e-12	1.1312e-11	3.4822e-12	3.254e-11	1.6913e-12	1.9196e-12	1.1654e-12
3903.09	0.067031	0.0056138	2.7426e-05	1.5803e-05	4.189e-05	0.0001537	3.9603e-05	0.00015073	3.0355e-06	2.3757e-05	4.5335e-06	3.1967e-05	5.3524e-06	2.413e-05	9.6529e-07	4.8127e-06	1.01e-06	2.2997e-06	1.5601e-06	4.1568e-06	7.2464e-07	2.2993e-06	1.1566e-06	2.464e-06	1.7243e-06	1.9551e-05	1.266e-07	9.6855e-07	1.3489e-08	1.7387e-08	1.3163e-09	2.8603e-09	1.8191e-10	1.0914e-09	1.994e-10	5.6825e-10	1.8348e-10	6.0317e-10	1.3339e-10	3.2848e-10	5.9176e-11	1.6663e-10	1.9491e-11	6.4155e-11	3.295e-11	9.6096e-11	3.1009e-11	8.4756e-11	1.8658e-11	1.0097e-10	2.1391e-11	1.2669e-10	2.3854e-11	5.9481e-11	1.4224e-11	1.4884e-10	1.3249e-11	3.9379e-11	9.2961e-12	3.4834e-11	4.0847e-12	3.9543e-11	6.773e-12	3.1161e-11	7.7534e-12	3.124e-11	1.1824e-11	1.9613e-11	3.9932e-12	1.993e-11	2.9031e-12	1.821e-11	1.6409e-12	1.8246e-11	6.304e-12	2.7192e-11	1.7868e-11	3.3975e-11	6.3256e-12	1.1127e-11	3.428e-12	3.2036e-11	1.6646e-12	1.891e-12	1.1477e-12
3957.33	0.065529	0.0054971	2.7029e-05	1.5514e-05	4.0956e-05	0.00015053	3.872e-05	0.00014764	2.9694e-06	2.3265e-05	4.4363e-06	3.1284e-05	5.2352e-06	2.3667e-05	9.4177e-07	4.7184e-06	9.8685e-07	2.2546e-06	1.5221e-06	4.0725e-06	7.0821e-07	2.2482e-06	1.1338e-06	2.4137e-06	1.6915e-06	1.9181e-05	1.2403e-07	9.5151e-07	1.3236e-08	1.7059e-08	1.296e-09	2.818e-09	1.7927e-10	1.0764e-09	1.9683e-10	5.6046e-10	1.811e-10	5.9565e-10	1.3163e-10	3.2421e-10	5.8278e-11	1.6449e-10	1.9233e-11	6.3384e-11	3.2537e-11	9.4819e-11	3.064e-11	8.3505e-11	1.8381e-11	9.9517e-11	2.1078e-11	1.2491e-10	2.3492e-11	5.8575e-11	1.4015e-11	1.4673e-10	1.3048e-11	3.8798e-11	9.1587e-12	3.4324e-11	4.028e-12	3.894e-11	6.6715e-12	3.0709e-11	7.6342e-12	3.076e-11	1.1643e-11	1.9318e-11	3.9337e-12	1.9622e-11	2.8587e-12	1.7911e-11	1.6139e-12	1.7945e-11	6.1993e-12	2.6779e-11	1.7588e-11	3.3455e-11	6.227e-12	1.0957e-11	3.3742e-12	3.1537e-11	1.6386e-12	1.8603e-12	1.1293e-12
4012.33	0.064041	0.0053768	2.6596e-05	1.5262e-05	4.0006e-05	0.00014723	3.7818e-05	0.00014452	2.8983e-06	2.2747e-05	4.3428e-06	3.0589e-05	5.1283e-06	2.3162e-05	9.2104e-07	4.6164e-06	9.6563e-07	2.2124e-06	1.4864e-06	3.982e-06	6.9333e-07	2.2002e-06	1.112e-06	2.3615e-06	1.6606e-06	1.8837e-05	1.2174e-07	9.3409e-07	1.3018e-08	1.6765e-08	1.2782e-09	2.7842e-09	1.7711e-10	1.0592e-09	1.9427e-10	5.5102e-10	1.7843e-10	5.8714e-10	1.2998e-10	3.2009e-10	5.759e-11	1.6233e-10	1.8992e-11	6.2517e-11	3.2102e-11	9.3412e-11	3.0215e-11	8.2272e-11	1.811e-11	9.8043e-11	2.0764e-11	1.2283e-10	2.3142e-11	5.7693e-11	1.3798e-11	1.4431e-10	1.2848e-11	3.82e-11	9.023e-12	3.38e-11	3.9689e-12	3.8388e-11	6.5698e-12	3.0206e-11	7.5141e-12	3.0276e-11	1.1459e-11	1.9009e-11	3.8696e-12	1.932e-11	2.8139e-12	1.7634e-11	1.5891e-12	1.767e-11	6.1043e-12	2.6373e-11	1.7311e-11	3.2941e-11	6.1288e-12	1.0789e-11	3.3229e-12	3.1056e-11	1.6141e-12	1.8307e-12	1.1103e-12
4068.09	0.06259	0.0052542	2.6172e-05	1.5024e-05	3.9179e-05	0.00014388	3.6901e-05	0.00014133	2.8336e-06	2.2232e-05	4.2431e-06	2.9932e-05	5.0216e-06	2.2663e-05	9.0133e-07	4.5145e-06	9.4272e-07	2.1741e-06	1.4539e-06	3.8914e-06	6.7796e-07	2.1549e-06	1.0912e-06	2.3157e-06	1.6327e-06	1.85e-05	1.1964e-07	9.1588e-07	1.2811e-08	1.6494e-08	1.2623e-09	2.7455e-09	1.7467e-10	1.0443e-09	1.914e-10	5.4359e-10	1.7576e-10	5.7793e-10	1.2811e-10	3.1546e-10	5.6781e-11	1.5991e-10	1.8719e-11	6.1485e-11	3.1624e-11	9.2032e-11	2.9734e-11	8.1026e-11	1.7837e-11	9.653e-11	2.0444e-11	1.2094e-10	2.2808e-11	5.6765e-11	1.3581e-11	1.4207e-10	1.2645e-11	3.7601e-11	8.8832e-12	3.3284e-11	3.9082e-12	3.7747e-11	6.4685e-12	2.9737e-11	7.3989e-12	2.9798e-11	1.1278e-11	1.8711e-11	3.8103e-12	1.9022e-11	2.7694e-12	1.7362e-11	1.5646e-12	1.7406e-11	6.0125e-12	2.595e-11	1.7048e-11	3.2424e-11	6.0349e-12	1.061e-11	3.2691e-12	3.0555e-11	1.5876e-12	1.7981e-12	1.0904e-12
4124.63	0.06115	0.0051372	2.5741e-05	1.4762e-05	3.8382e-05	0.0001407	3.6022e-05	0.00013822	2.7672e-06	2.1785e-05	4.1521e-06	2.9359e-05	4.9161e-06	2.2208e-05	8.8025e-07	4.42e-06	9.2196e-07	2.1409e-06	1.4192e-06	3.8073e-06	6.6452e-07	2.113e-06	1.0744e-06	2.2723e-06	1.6081e-06	1.8182e-05	1.1761e-07	8.9965e-07	1.2619e-08	1.6238e-08	1.2445e-09	2.7011e-09	1.7178e-10	1.0288e-09	1.8852e-10	5.3537e-10	1.7306e-10	5.6932e-10	1.261e-10	3.1057e-10	5.5908e-11	1.5753e-10	1.8424e-11	6.0632e-11	3.1154e-11	9.0624e-11	2.9311e-11	7.9775e-11	1.7561e-11	9.5084e-11	2.0123e-11	1.1911e-10	2.2429e-11	5.5869e-11	1.3371e-11	1.3989e-10	1.2444e-11	3.7019e-11	8.7427e-12	3.275e-11	3.8478e-12	3.7163e-11	6.3665e-12	2.9292e-11	7.2854e-12	2.9341e-11	1.1106e-11	1.8429e-11	3.752e-12	1.8722e-11	2.7267e-12	1.7072e-11	1.5385e-12	1.7115e-11	5.9117e-12	2.5531e-11	1.6771e-11	3.1898e-11	5.9366e-12	1.0447e-11	3.2158e-12	3.0039e-11	1.5622e-12	1.7675e-12	1.0727e-12
4181.95	0.059794	0.0050362	2.5316e-05	1.4485e-05	3.7624e-05	0.00013793	3.5262e-05	0.00013559	2.7088e-06	2.1357e-05	4.0593e-06	2.878e-05	4.8149e-06	2.1787e-05	8.6093e-07	4.3346e-06	9.0049e-07	2.1051e-06	1.3877e-06	3.7314e-06	6.5172e-07	2.0765e-06	1.0555e-06	2.2319e-06	1.5858e-06	1.7898e-05	1.1593e-07	8.8327e-07	1.2465e-08	1.6025e-08	1.2238e-09	2.6628e-09	1.6938e-10	1.013e-09	1.8561e-10	5.2709e-10	1.7048e-10	5.6075e-10	1.242e-10	3.0586e-10	5.5083e-11	1.551e-10	1.8149e-11	5.9725e-11	3.0675e-11	8.9235e-11	2.8875e-11	7.8627e-11	1.7307e-11	9.3529e-11	1.9809e-11	1.171e-10	2.2078e-11	5.5024e-11	1.3165e-11	1.3754e-10	1.2252e-11	3.6444e-11	8.6071e-12	3.223e-11	3.7861e-12	3.6596e-11	6.2655e-12	2.8802e-11	7.1678e-12	2.8857e-11	1.0923e-11	1.8123e-11	3.6897e-12	1.8417e-11	2.6821e-12	1.681e-11	1.5148e-12	1.6847e-11	5.8201e-12	2.509e-11	1.649e-11	3.1348e-11	5.8398e-12	1.026e-11	3.1567e-12	2.9494e-11	1.5342e-12	1.7347e-12	1.0519e-12
4240.07	0.058462	0.0049339	2.4918e-05	1.4223e-05	3.7005e-05	0.00013512	3.4493e-05	0.00013292	2.6533e-06	2.0897e-05	3.9783e-06	2.8185e-05	4.7178e-06	2.1359e-05	8.4134e-07	4.249e-06	8.8149e-07	2.0629e-06	1.3553e-06	3.6554e-06	6.3973e-07	2.0417e-06	1.0353e-06	2.1981e-06	1.5613e-06	1.7649e-05	1.1419e-07	8.6806e-07	1.2289e-08	1.5811e-08	1.2066e-09	2.623e-09	1.6684e-10	9.9715e-10	1.8284e-10	5.1888e-10	1.6789e-10	5.5195e-10	1.2233e-10	3.0125e-10	5.4251e-11	1.5277e-10	1.7874e-11	5.8802e-11	3.0202e-11	8.7936e-11	2.8426e-11	7.7296e-11	1.7013e-11	9.2046e-11	1.9499e-11	1.1528e-10	2.1731e-11	5.4107e-11	1.2952e-11	1.3542e-10	1.2051e-11	3.5859e-11	8.4735e-12	3.1736e-11	3.7256e-12	3.5978e-11	6.1681e-12	2.8346e-11	7.0508e-12	2.8389e-11	1.0745e-11	1.7831e-11	3.6316e-12	1.8098e-11	2.6382e-12	1.6506e-11	1.4874e-12	1.6544e-11	5.7141e-12	2.4648e-11	1.6187e-11	3.0791e-11	5.7324e-12	1.0081e-11	3.1043e-12	2.9011e-11	1.5078e-12	1.7018e-12	1.0316e-12
4298.99	0.057206	0.004828	2.4467e-05	1.3964e-05	3.6316e-05	0.00013225	3.37e-05	0.00013014	2.6002e-06	2.0479e-05	3.901e-06	2.7643e-05	4.6256e-06	2.095e-05	8.2424e-07	4.1643e-06	8.6365e-07	2.028e-06	1.326e-06	3.5799e-06	6.2973e-07	2.0038e-06	1.0165e-06	2.161e-06	1.5333e-06	1.7424e-05	1.1229e-07	8.5427e-07	1.2087e-08	1.5572e-08	1.188e-09	2.5823e-09	1.6425e-10	9.8106e-10	1.8003e-10	5.1053e-10	1.651e-10	5.4312e-10	1.204e-10	2.9649e-10	5.34e-11	1.5048e-10	1.7592e-11	5.7874e-11	2.9761e-11	8.645e-11	2.7982e-11	7.6083e-11	1.6747e-11	9.0647e-11	1.9186e-11	1.1317e-10	2.1365e-11	5.3231e-11	1.2739e-11	1.3292e-10	1.1851e-11	3.5271e-11	8.3358e-12	3.1207e-11	3.6679e-12	3.5416e-11	6.0668e-12	2.7834e-11	6.9281e-12	2.7871e-11	1.055e-11	1.7509e-11	3.5667e-12	1.7775e-11	2.5894e-12	1.6217e-11	1.4614e-12	1.6252e-11	5.6141e-12	2.423e-11	1.5921e-11	3.0274e-11	5.6364e-12	9.907e-12	3.0453e-12	2.8447e-11	1.4797e-12	1.6675e-12	1.0108e-12
4358.74	0.055914	0.0047327	2.4051e-05	1.37e-05	3.5593e-05	0.00012963	3.2984e-05	0.00012765	2.5567e-06	2.0051e-05	3.8276e-06	2.7107e-05	4.5423e-06	2.0542e-05	8.0785e-07	4.0829e-06	8.4648e-07	1.991e-06	1.2989e-06	3.5078e-06	6.1875e-07	1.9643e-06	9.9759e-07	2.1187e-06	1.5094e-06	1.7171e-05	1.1043e-07	8.4216e-07	1.1914e-08	1.5335e-08	1.1694e-09	2.5414e-09	1.6165e-10	9.6524e-10	1.7703e-10	5.0228e-10	1.6251e-10	5.3457e-10	1.1845e-10	2.9166e-10	5.2582e-11	1.4795e-10	1.7309e-11	5.6945e-11	2.9255e-11	8.5082e-11	2.7528e-11	7.4911e-11	1.6491e-11	8.9121e-11	1.887e-11	1.1118e-10	2.1033e-11	5.2264e-11	1.2517e-11	1.3061e-10	1.1631e-11	3.4654e-11	8.1986e-12	3.0696e-11	3.6065e-12	3.4766e-11	5.962e-12	2.7343e-11	6.8052e-12	2.7394e-11	1.0369e-11	1.7204e-11	3.5039e-12	1.7475e-11	2.546e-12	1.5936e-11	1.4361e-12	1.5959e-11	5.5146e-12	2.3752e-11	1.5614e-11	2.9673e-11	5.5293e-12	9.7149e-12	2.9861e-12	2.7894e-11	1.4514e-12	1.6328e-12	9.8923e-13
4419.31	0.054648	0.0046378	2.3647e-05	1.3436e-05	3.4901e-05	0.00012704	3.2272e-05	0.00012514	2.5091e-06	1.968e-05	3.7676e-06	2.6603e-05	4.4694e-06	2.0162e-05	7.9225e-07	4.0051e-06	8.3237e-07	1.9536e-06	1.273e-06	3.4385e-06	6.0637e-07	1.9263e-06	9.7843e-07	2.0825e-06	1.4841e-06	1.689e-05	1.0855e-07	8.3143e-07	1.1733e-08	1.5095e-08	1.1508e-09	2.5003e-09	1.5904e-10	9.5009e-10	1.7424e-10	4.9441e-10	1.5995e-10	5.2616e-10	1.1659e-10	2.8709e-10	5.171e-11	1.456e-10	1.7036e-11	5.6019e-11	2.8791e-11	8.3751e-11	2.7082e-11	7.3631e-11	1.6209e-11	8.7669e-11	1.8538e-11	1.092e-10	2.0644e-11	5.1352e-11	1.2294e-11	1.2831e-10	1.1437e-11	3.4035e-11	8.0546e-12	3.0135e-11	3.5472e-12	3.4153e-11	5.853e-12	2.6841e-11	6.6884e-12	2.6876e-11	1.0173e-11	1.6881e-11	3.443e-12	1.7127e-11	2.4973e-12	1.5626e-11	1.4082e-12	1.565e-11	5.4073e-12	2.3289e-11	1.5307e-11	2.9101e-11	5.4214e-12	9.5192e-12	2.9257e-12	2.7328e-11	1.422e-12	1.5982e-12	9.6835e-13
4480.73	0.053344	0.0045486	2.3214e-05	1.3182e-05	3.4213e-05	0.0001246	3.1602e-05	0.00012281	2.459e-06	1.9326e-05	3.7007e-06	2.6149e-05	4.4012e-06	1.9807e-05	7.7954e-07	3.9313e-06	8.1714e-07	1.9166e-06	1.2507e-06	3.3729e-06	5.9566e-07	1.8893e-06	9.5969e-07	2.0447e-06	1.4587e-06	1.6637e-05	1.0667e-07	8.1954e-07	1.1549e-08	1.4864e-08	1.1322e-09	2.4596e-09	1.5644e-10	9.3411e-10	1.715e-10	4.8619e-10	1.5722e-10	5.1749e-10	1.1476e-10	2.8262e-10	5.0875e-11	1.4328e-10	1.6767e-11	5.5132e-11	2.834e-11	8.2318e-11	2.6656e-11	7.2461e-11	1.595e-11	8.6065e-11	1.8205e-11	1.0707e-10	2.0281e-11	5.0383e-11	1.2082e-11	1.258e-10	1.1216e-11	3.3451e-11	7.9107e-12	2.9611e-11	3.4817e-12	3.3543e-11	5.7551e-12	2.6321e-11	6.5558e-12	2.6354e-11	9.9756e-12	1.6556e-11	3.3756e-12	1.6796e-11	2.4484e-12	1.5309e-11	1.3796e-12	1.5337e-11	5.2995e-12	2.2809e-11	1.4996e-11	2.85e-11	5.3113e-12	9.324e-12	2.8631e-12	2.674e-11	1.3922e-12	1.5631e-12	9.4699e-13
4543	0.052084	0.0044679	2.2818e-05	1.2933e-05	3.3518e-05	0.0001224	3.0992e-05	0.00012068	2.4108e-06	1.8993e-05	3.6274e-06	2.5749e-05	4.3258e-06	1.948e-05	7.6531e-07	3.8647e-06	8.0102e-07	1.8794e-06	1.2281e-06	3.3136e-06	5.8455e-07	1.8516e-06	9.4052e-07	2.0065e-06	1.4335e-06	1.6378e-05	1.0494e-07	8.0557e-07	1.1363e-08	1.4638e-08	1.1139e-09	2.4204e-09	1.5396e-10	9.186e-10	1.6856e-10	4.7774e-10	1.5473e-10	5.0886e-10	1.1284e-10	2.7783e-10	5.0084e-11	1.4083e-10	1.6489e-11	5.4208e-11	2.7853e-11	8.1014e-11	2.6206e-11	7.1125e-11	1.5658e-11	8.4547e-11	1.7892e-11	1.0493e-10	1.9924e-11	4.9407e-11	1.1842e-11	1.2326e-10	1.0994e-11	3.2784e-11	7.7737e-12	2.9049e-11	3.4215e-12	3.2885e-11	5.6401e-12	2.5788e-11	6.4264e-12	2.5814e-11	9.7713e-12	1.6218e-11	3.3074e-12	1.6447e-11	2.3985e-12	1.4993e-11	1.3512e-12	1.5011e-11	5.1869e-12	2.2316e-11	1.4673e-11	2.7885e-11	5.1976e-12	9.1239e-12	2.8023e-12	2.6172e-11	1.3624e-12	1.5284e-12	9.259e-13
4606.14	0.050834	0.0043967	2.2366e-05	1.2676e-05	3.2847e-05	0.00012046	3.0449e-05	0.00011881	2.3626e-06	1.8722e-05	3.562e-06	2.5385e-05	4.2461e-06	1.9205e-05	7.4997e-07	3.8072e-06	7.8541e-07	1.8427e-06	1.2039e-06	3.2621e-06	5.7334e-07	1.8135e-06	9.2187e-07	1.9685e-06	1.4085e-06	1.6115e-05	1.0296e-07	7.9402e-07	1.1178e-08	1.4388e-08	1.096e-09	2.3796e-09	1.5137e-10	9.0142e-10	1.6588e-10	4.6886e-10	1.5187e-10	4.9982e-10	1.1097e-10	2.7328e-10	4.9229e-11	1.386e-10	1.6213e-11	5.3296e-11	2.7409e-11	7.9503e-11	2.5769e-11	6.985e-11	1.5376e-11	8.294e-11	1.7534e-11	1.0269e-10	1.9531e-11	4.8395e-11	1.1607e-11	1.2066e-10	1.077e-11	3.2137e-11	7.6186e-12	2.8482e-11	3.3561e-12	3.2226e-11	5.5296e-12	2.5242e-11	6.2933e-12	2.5265e-11	9.564e-12	1.5875e-11	3.2393e-12	1.6091e-11	2.3469e-12	1.4671e-11	1.3221e-12	1.4688e-11	5.0756e-12	2.1843e-11	1.436e-11	2.7293e-11	5.0867e-12	8.9271e-12	2.7397e-12	2.559e-11	1.3323e-12	1.4934e-12	9.046e-13
4670.15	0.049668	0.0043318	2.1939e-05	1.2426e-05	3.2152e-05	0.00011869	2.9953e-05	0.00011713	2.3143e-06	1.842e-05	3.4951e-06	2.4979e-05	4.1703e-06	1.8935e-05	7.3602e-07	3.7531e-06	7.6982e-07	1.8076e-06	1.1803e-06	3.2137e-06	5.6217e-07	1.7775e-06	9.0401e-07	1.9306e-06	1.3839e-06	1.5852e-05	1.0115e-07	7.815e-07	1.0993e-08	1.4156e-08	1.0775e-09	2.3396e-09	1.488e-10	8.8583e-10	1.6279e-10	4.6094e-10	1.4915e-10	4.9081e-10	1.0897e-10	2.6833e-10	4.8409e-11	1.3599e-10	1.5924e-11	5.2286e-11	2.6898e-11	7.8082e-11	2.5285e-11	6.8574e-11	1.5091e-11	8.1325e-11	1.7187e-11	1.0048e-10	1.9133e-11	4.7367e-11	1.1366e-11	1.1807e-10	1.0536e-11	3.1468e-11	7.4668e-12	2.7894e-11	3.2899e-12	3.1535e-11	5.4152e-12	2.4697e-11	6.1565e-12	2.4724e-11	9.359e-12	1.5533e-11	3.1691e-12	1.5748e-11	2.2966e-12	1.4352e-11	1.2934e-12	1.4367e-11	4.9648e-12	2.1354e-11	1.4039e-11	2.6684e-11	4.9727e-12	8.7272e-12	2.6788e-12	2.5016e-11	1.3026e-12	1.4592e-12	8.8419e-13
4735.05	0.048531	0.0042601	2.1513e-05	1.2162e-05	3.1481e-05	0.00011672	2.9412e-05	0.00011528	2.2679e-06	1.8077e-05	3.4276e-06	2.4539e-05	4.096e-06	1.8633e-05	7.2189e-07	3.6926e-06	7.542e-07	1.7715e-06	1.1565e-06	3.1599e-06	5.5103e-07	1.7423e-06	8.8538e-07	1.893e-06	1.3596e-06	1.5595e-05	9.9413e-08	7.6898e-07	1.0816e-08	1.3926e-08	1.0583e-09	2.2953e-09	1.4597e-10	8.687e-10	1.5987e-10	4.5166e-10	1.4651e-10	4.8217e-10	1.0701e-10	2.6349e-10	4.7507e-11	1.3358e-10	1.5636e-11	5.1392e-11	2.6413e-11	7.6661e-11	2.4846e-11	6.7218e-11	1.4794e-11	7.9647e-11	1.6828e-11	9.8279e-11	1.8728e-11	4.6345e-11	1.1118e-11	1.1548e-10	1.0309e-11	3.0782e-11	7.3113e-12	2.7299e-11	3.222e-12	3.0853e-11	5.2971e-12	2.4152e-11	6.0246e-12	2.4169e-11	9.1488e-12	1.5187e-11	3.1004e-12	1.5395e-11	2.245e-12	1.403e-11	1.2644e-12	1.4044e-11	4.8534e-12	2.0865e-11	1.3724e-11	2.6078e-11	4.8618e-12	8.5261e-12	2.6175e-12	2.4437e-11	1.2725e-12	1.4258e-12	8.6368e-13
4800.86	0.047379	0.0041821	2.106e-05	1.1904e-05	3.0841e-05	0.00011459	2.8824e-05	0.00011319	2.2194e-06	1.7782e-05	3.3601e-06	2.4132e-05	4.0198e-06	1.833e-05	7.0764e-07	3.6293e-06	7.3931e-07	1.735e-06	1.1329e-06	3.1035e-06	5.4e-07	1.7053e-06	8.6737e-07	1.8571e-06	1.3347e-06	1.5343e-05	9.7521e-08	7.565e-07	1.0632e-08	1.3684e-08	1.0388e-09	2.2556e-09	1.4347e-10	8.5139e-10	1.5702e-10	4.427e-10	1.4359e-10	4.7248e-10	1.0511e-10	2.588e-10	4.6664e-11	1.3118e-10	1.5359e-11	5.0381e-11	2.5929e-11	7.5138e-11	2.4364e-11	6.585e-11	1.449e-11	7.7944e-11	1.646e-11	9.6067e-11	1.8323e-11	4.5306e-11	1.0879e-11	1.1288e-10	1.0077e-11	3.0121e-11	7.1513e-12	2.6709e-11	3.1524e-12	3.0175e-11	5.183e-12	2.3608e-11	5.889e-12	2.3628e-11	8.944e-12	1.4846e-11	3.0305e-12	1.5044e-11	2.1948e-12	1.3706e-11	1.2352e-12	1.3717e-11	4.7407e-12	2.0386e-11	1.3406e-11	2.5472e-11	4.7502e-12	8.3299e-12	2.5576e-12	2.3882e-11	1.2432e-12	1.3921e-12	8.4345e-13
4867.58	0.046283	0.0041104	2.0606e-05	1.1654e-05	3.0171e-05	0.00011262	2.8288e-05	0.00011137	2.1729e-06	1.7474e-05	3.2931e-06	2.3724e-05	3.943e-06	1.8025e-05	6.9339e-07	3.568e-06	7.2352e-07	1.6966e-06	1.111e-06	3.0492e-06	5.2946e-07	1.6706e-06	8.4789e-07	1.8201e-06	1.309e-06	1.5084e-05	9.5775e-08	7.441e-07	1.0449e-08	1.3464e-08	1.0207e-09	2.2114e-09	1.4063e-10	8.3373e-10	1.5388e-10	4.3344e-10	1.4062e-10	4.6289e-10	1.03e-10	2.5362e-10	4.5761e-11	1.2855e-10	1.505e-11	4.937e-11	2.5412e-11	7.361e-11	2.3877e-11	6.4428e-11	1.4179e-11	7.6251e-11	1.6106e-11	9.3826e-11	1.7919e-11	4.4286e-11	1.0633e-11	1.1026e-10	9.8505e-12	2.9441e-11	6.9968e-12	2.6105e-11	3.0842e-12	2.9494e-11	5.0665e-12	2.3056e-11	5.7526e-12	2.3083e-11	8.7377e-12	1.4502e-11	2.9602e-12	1.4695e-11	2.1441e-12	1.3389e-11	1.2066e-12	1.3399e-11	4.6309e-12	1.9926e-11	1.31e-11	2.4901e-11	4.6412e-12	8.1392e-12	2.4982e-12	2.3325e-11	1.2146e-12	1.3569e-12	8.2084e-13
4935.22	0.045209	0.0040382	2.0134e-05	1.1383e-05	2.9524e-05	0.00011065	2.7746e-05	0.00010947	2.1285e-06	1.7162e-05	3.2266e-06	2.3309e-05	3.8706e-06	1.7734e-05	6.7925e-07	3.5085e-06	7.0847e-07	1.6622e-06	1.0865e-06	2.9963e-06	5.1864e-07	1.6328e-06	8.3004e-07	1.783e-06	1.2833e-06	1.4827e-05	9.3839e-08	7.3192e-07	1.0248e-08	1.3208e-08	9.9982e-10	2.1669e-09	1.378e-10	8.155e-10	1.507e-10	4.239e-10	1.3763e-10	4.532e-10	1.0088e-10	2.4839e-10	4.485e-11	1.2591e-10	1.4742e-11	4.8343e-11	2.4891e-11	7.201e-11	2.338e-11	6.3019e-11	1.3869e-11	7.453e-11	1.574e-11	9.1645e-11	1.7513e-11	4.3259e-11	1.0385e-11	1.077e-10	9.6211e-12	2.8758e-11	6.8382e-12	2.5517e-11	3.0142e-12	2.8803e-11	4.9507e-12	2.2522e-11	5.6203e-12	2.2555e-11	8.5379e-12	1.4167e-11	2.8917e-12	1.4364e-11	2.0948e-12	1.3081e-11	1.1789e-12	1.3094e-11	4.5253e-12	1.9448e-11	1.2793e-11	2.4307e-11	4.5331e-12	7.9451e-12	2.4386e-12	2.2775e-11	1.1857e-12	1.319e-12	7.9792e-13
5003.81	0.044134	0.0039651	1.9668e-05	1.1111e-05	2.8831e-05	0.00010865	2.72e-05	0.00010755	2.0819e-06	1.6851e-05	3.1631e-06	2.2891e-05	3.7994e-06	1.7449e-05	6.6523e-07	3.4485e-06	6.9416e-07	1.6231e-06	1.064e-06	2.943e-06	5.0779e-07	1.5965e-06	8.1083e-07	1.7436e-06	1.259e-06	1.4557e-05	9.1972e-08	7.1974e-07	1.0071e-08	1.2969e-08	9.798e-10	2.1217e-09	1.3492e-10	7.9773e-10	1.4748e-10	4.1468e-10	1.3463e-10	4.4319e-10	9.8764e-11	2.4315e-10	4.391e-11	1.2319e-10	1.4433e-11	4.7275e-11	2.435e-11	7.0431e-11	2.2866e-11	6.1615e-11	1.3559e-11	7.2841e-11	1.5374e-11	8.9548e-11	1.7104e-11	4.226e-11	1.0146e-11	1.0523e-10	9.3996e-12	2.8094e-11	6.6782e-12	2.4925e-11	2.9461e-12	2.8131e-11	4.8341e-12	2.2003e-11	5.4915e-12	2.2024e-11	8.3369e-12	1.3837e-11	2.825e-12	1.4019e-11	2.0458e-12	1.277e-11	1.1508e-12	1.2782e-11	4.4172e-12	1.8984e-11	1.2491e-11	2.3726e-11	4.4245e-12	7.7555e-12	2.3742e-12	2.2159e-11	1.1555e-12	1.2821e-12	7.7558e-13
5073.35	0.043098	0.0038915	1.9205e-05	1.0841e-05	2.819e-05	0.00010663	2.6654e-05	0.00010564	2.037e-06	1.654e-05	3.0979e-06	2.249e-05	3.7239e-06	1.7134e-05	6.5181e-07	3.3857e-06	6.7905e-07	1.5853e-06	1.0425e-06	2.8876e-06	4.9627e-07	1.5613e-06	7.916e-07	1.7085e-06	1.2317e-06	1.4289e-05	9.0077e-08	7.0736e-07	9.8695e-09	1.2729e-08	9.5894e-10	2.0747e-09	1.3193e-10	7.795e-10	1.4425e-10	4.0527e-10	1.3164e-10	4.3347e-10	9.658e-11	2.3779e-10	4.2953e-11	1.2049e-10	1.4113e-11	4.6242e-11	2.3815e-11	6.886e-11	2.2366e-11	6.0209e-11	1.3249e-11	7.1142e-11	1.5018e-11	8.7404e-11	1.6704e-11	4.1269e-11	9.9122e-12	1.0271e-10	9.1785e-12	2.7448e-11	6.5238e-12	2.4352e-11	2.8776e-12	2.7486e-11	4.7244e-12	2.1477e-11	5.3593e-12	2.1497e-11	8.1376e-12	1.3507e-11	2.7572e-12	1.3683e-11	1.9967e-12	1.2461e-11	1.123e-12	1.2461e-11	4.3074e-12	1.846e-11	1.2153e-11	2.3075e-11	4.3074e-12	7.538e-12	2.3075e-12	2.1537e-11	1.123e-12	1.2461e-12	7.538e-13
5143.85	0.042059	0.0038209	1.8742e-05	1.0567e-05	2.7508e-05	0.0001047	2.6127e-05	0.00010377	1.989e-06	1.6231e-05	3.0328e-06	2.2101e-05	3.654e-06	1.684e-05	6.3807e-07	3.3269e-06	6.645e-07	1.5467e-06	1.0195e-06	2.8356e-06	4.8601e-07	1.5235e-06	7.7221e-07	1.6688e-06	1.205e-06	1.403e-05	8.8132e-08	6.9446e-07	9.6682e-09	1.2471e-08	9.3763e-10	2.0292e-09	1.2904e-10	7.6177e-10	1.4103e-10	3.9591e-10	1.2863e-10	4.2355e-10	9.4443e-11	2.3252e-10	4.2011e-11	1.178e-10	1.3802e-11	4.5187e-11	2.328e-11	6.7283e-11	2.1854e-11	5.8781e-11	1.2936e-11	6.9492e-11	1.4672e-11	8.5217e-11	1.6319e-11	4.0281e-11	9.6732e-12	1.0017e-10	8.9596e-12	2.6786e-11	6.3728e-12	2.3775e-11	2.8107e-12	2.6826e-11	4.6117e-12	2.0931e-11	5.231e-12	2.0931e-11	7.9237e-12	1.3156e-11	2.691e-12	1.3306e-11	1.9436e-12	1.211e-11	1.0914e-12	1.211e-11	4.1861e-12	1.794e-11	1.1811e-11	2.2426e-11	4.1861e-12	7.3257e-12	2.2426e-12	2.0931e-11	1.0914e-12	1.211e-12	7.3257e-13
5215.34	0.04103	0.0037524	1.8274e-05	1.0298e-05	2.6826e-05	0.00010283	2.5615e-05	0.00010195	1.9444e-06	1.5938e-05	2.9635e-06	2.1687e-05	3.576e-06	1.6555e-05	6.2439e-07	3.2685e-06	6.4895e-07	1.5073e-06	9.9787e-07	2.7842e-06	4.7444e-07	1.4854e-06	7.5232e-07	1.63e-06	1.1778e-06	1.3745e-05	8.614e-08	6.816e-07	9.4638e-09	1.2213e-08	9.1712e-10	1.9827e-09	1.2609e-10	7.4387e-10	1.3779e-10	3.8652e-10	1.2559e-10	4.1355e-10	9.2273e-11	2.2717e-10	4.1045e-11	1.151e-10	1.3485e-11	4.4149e-11	2.2745e-11	6.5684e-11	2.1355e-11	5.7405e-11	1.2633e-11	6.7849e-11	1.4316e-11	8.2811e-11	1.5926e-11	3.9226e-11	9.441e-12	9.7339e-11	8.7169e-12	2.6142e-11	6.2188e-12	2.3202e-11	2.7444e-12	2.6151e-11	4.5004e-12	2.034e-11	5.0849e-12	2.034e-11	7.7e-12	1.2785e-11	2.6151e-12	1.293e-11	1.8887e-12	1.1768e-11	1.0606e-12	1.1768e-11	4.0679e-12	1.7434e-11	1.1477e-11	2.1792e-11	4.0679e-12	7.1188e-12	2.1792e-12	2.034e-11	1.0606e-12	1.1768e-12	7.1188e-13
5287.82	0.040019	0.0036797	1.7822e-05	1.0027e-05	2.6138e-05	0.00010083	2.508e-05	0.00010007	1.8971e-06	1.5634e-05	2.9017e-06	2.1297e-05	3.5019e-06	1.6251e-05	6.0982e-07	3.2071e-06	6.3446e-07	1.4693e-06	9.7447e-07	2.73e-06	4.6316e-07	1.4474e-06	7.3306e-07	1.5906e-06	1.1501e-06	1.3457e-05	8.4127e-08	6.693e-07	9.2521e-09	1.1944e-08	8.9601e-10	1.9372e-09	1.2318e-10	7.2647e-10	1.3453e-10	3.7768e-10	1.2263e-10	4.0385e-10	9.0095e-11	2.2181e-10	4.0105e-11	1.1236e-10	1.3166e-11	4.3101e-11	2.2203e-11	6.4139e-11	2.0851e-11	5.6067e-11	1.2338e-11	6.6216e-11	1.3972e-11	8.0466e-11	1.5529e-11	3.8115e-11	9.1759e-12	9.4583e-11	8.4701e-12	2.541e-11	6.069e-12	2.2587e-11	2.6778e-12	2.541e-11	4.3762e-12	1.9764e-11	4.9409e-12	1.9764e-11	7.4819e-12	1.2423e-11	2.541e-12	1.2564e-11	1.8352e-12	1.1435e-11	1.0305e-12	1.1435e-11	3.9527e-12	1.694e-11	1.1152e-11	2.1175e-11	3.9527e-12	6.9173e-12	2.1175e-12	1.9764e-11	1.0305e-12	1.1435e-12	6.9173e-13
5361.31	0.039018	0.0036114	1.7385e-05	9.7577e-06	2.5436e-05	9.8975e-05	2.4572e-05	9.8239e-05	1.8498e-06	1.5324e-05	2.8322e-06	2.0869e-05	3.4296e-06	1.5973e-05	5.9681e-07	3.1511e-06	6.1913e-07	1.4308e-06	9.5223e-07	2.6806e-06	4.5169e-07	1.4095e-06	7.1358e-07	1.5503e-06	1.1231e-06	1.3169e-05	8.2123e-08	6.5557e-07	9.0474e-09	1.1678e-08	8.7477e-10	1.8911e-09	1.2024e-10	7.0921e-10	1.3135e-10	3.6853e-10	1.1977e-10	3.944e-10	8.7968e-11	2.1657e-10	3.9161e-11	1.097e-10	1.2856e-11	4.2097e-11	2.168e-11	6.2642e-11	2.0362e-11	5.471e-11	1.2039e-11	6.4465e-11	1.3579e-11	7.8181e-11	1.5088e-11	3.7033e-11	8.9154e-12	9.1897e-11	8.2296e-12	2.4689e-11	5.8979e-12	2.1946e-11	2.606e-12	2.4689e-11	4.252e-12	1.9202e-11	4.8006e-12	1.9202e-11	7.2695e-12	1.207e-11	2.4689e-12	1.2207e-11	1.7831e-12	1.111e-11	1.0013e-12	1.111e-11	3.8405e-12	1.6459e-11	1.0836e-11	2.0574e-11	3.8405e-12	6.7208e-12	2.0574e-12	1.9202e-11	1.0013e-12	1.111e-12	6.7209e-13
5435.82	0.03808	0.0035364	1.6941e-05	9.4949e-06	2.4757e-05	9.6912e-05	2.4025e-05	9.6289e-05	1.8022e-06	1.5003e-05	2.7644e-06	2.0457e-05	3.3514e-06	1.5658e-05	5.8224e-07	3.0867e-06	6.0377e-07	1.3927e-06	9.2925e-07	2.624e-06	4.3999e-07	1.372e-06	6.9459e-07	1.5114e-06	1.0957e-06	1.2874e-05	8.0105e-08	6.4189e-07	8.8391e-09	1.1413e-08	8.5421e-10	1.8469e-09	1.1744e-10	6.9205e-10	1.2828e-10	3.5955e-10	1.1686e-10	3.8479e-10	8.59e-11	2.1149e-10	3.8239e-11	1.0714e-10	1.2554e-11	4.109e-11	2.1172e-11	6.1122e-11	1.9876e-11	5.3302e-11	1.1726e-11	6.263e-11	1.3192e-11	7.5956e-11	1.4658e-11	3.5979e-11	8.6616e-12	8.9281e-11	7.9953e-12	2.3986e-11	5.73e-12	2.1321e-11	2.5319e-12	2.3986e-11	4.1309e-12	1.8656e-11	4.6639e-12	1.8656e-11	7.0625e-12	1.1726e-11	2.3986e-12	1.186e-11	1.7323e-12	1.0794e-11	9.7276e-13	1.0794e-11	3.7311e-12	1.5991e-11	1.0527e-11	1.9988e-11	3.7311e-12	6.5295e-12	1.9988e-12	1.8656e-11	9.7276e-13	1.0794e-12	6.5295e-13
5511.36	0.037159	0.0034643	1.6484e-05	9.2403e-06	2.4071e-05	9.4944e-05	2.3496e-05	9.4378e-05	1.7535e-06	1.4711e-05	2.6955e-06	2.0057e-05	3.2732e-06	1.5357e-05	5.6801e-07	3.0265e-06	5.8828e-07	1.3549e-06	9.0631e-07	2.5713e-06	4.2873e-07	1.3346e-06	6.7553e-07	1.4721e-06	1.0682e-06	1.2584e-05	7.8122e-08	6.2815e-07	8.6323e-09	1.1147e-08	8.3413e-10	1.8026e-09	1.1462e-10	6.7315e-10	1.2516e-10	3.4952e-10	1.1392e-10	3.7541e-10	8.3812e-11	2.0635e-10	3.7325e-11	1.0453e-10	1.2248e-11	4.0097e-11	2.0656e-11	5.9548e-11	1.9395e-11	5.1781e-11	1.1392e-11	6.0842e-11	1.2816e-11	7.3787e-11	1.424e-11	3.4952e-11	8.4143e-12	8.6733e-11	7.7671e-12	2.3301e-11	5.5664e-12	2.0712e-11	2.4596e-12	2.3301e-11	4.013e-12	1.8123e-11	4.5308e-12	1.8123e-11	6.8609e-12	1.1392e-11	2.3301e-12	1.1521e-11	1.6829e-12	1.0486e-11	9.45e-13	1.0486e-11	3.6246e-12	1.5534e-11	1.0227e-11	1.9418e-11	3.6246e-12	6.3431e-12	1.9418e-12	1.8123e-11	9.45e-13	1.0486e-12	6.3431e-13
5587.95	0.036253	0.0033944	1.5992e-05	8.985e-06	2.3403e-05	9.3026e-05	2.2983e-05	9.2528e-05	1.7064e-06	1.4376e-05	2.6253e-06	1.9621e-05	3.1933e-06	1.5052e-05	5.5357e-07	2.9662e-06	5.7247e-07	1.3192e-06	8.8286e-07	2.5185e-06	4.1732e-07	1.2973e-06	6.5725e-07	1.4332e-06	1.0415e-06	1.229e-05	7.6138e-08	6.1401e-07	8.4241e-09	1.0879e-08	8.1367e-10	1.759e-09	1.1183e-10	6.5388e-10	1.2197e-10	3.3952e-10	1.1066e-10	3.6467e-10	8.1735e-11	2.0119e-10	3.6412e-11	1.0185e-10	1.1946e-11	3.8981e-11	2.0119e-11	5.7843e-11	1.8862e-11	5.0299e-11	1.1066e-11	5.9101e-11	1.2449e-11	7.1676e-11	1.3832e-11	3.3952e-11	8.1735e-12	8.425e-11	7.5448e-12	2.2634e-11	5.4071e-12	2.0119e-11	2.3892e-12	2.2634e-11	3.8981e-12	1.7605e-11	4.4011e-12	1.7605e-11	6.6646e-12	1.1066e-11	2.2634e-12	1.1191e-11	1.6347e-12	1.0185e-11	9.1795e-13	1.0185e-11	3.5209e-12	1.509e-11	9.934e-12	1.8862e-11	3.5209e-12	6.1616e-12	1.8862e-12	1.7605e-11	9.1795e-13	1.0185e-12	6.1616e-13
5665.61	0.035395	0.0033184	1.5514e-05	8.7307e-06	2.2733e-05	9.0944e-05	2.2431e-05	9.0518e-05	1.6589e-06	1.4058e-05	2.5577e-06	1.9181e-05	3.1141e-06	1.4735e-05	5.3887e-07	2.902e-06	5.5715e-07	1.2823e-06	8.5932e-07	2.4623e-06	4.0603e-07	1.261e-06	6.3907e-07	1.3945e-06	1.0156e-06	1.1996e-05	7.4219e-08	6.0015e-07	8.2286e-09	1.062e-08	7.9378e-10	1.7099e-09	1.087e-10	6.3512e-10	1.1847e-10	3.2977e-10	1.0748e-10	3.542e-10	7.939e-11	1.9542e-10	3.542e-11	9.8932e-11	1.1603e-11	3.7863e-11	1.9542e-11	5.6184e-11	1.8321e-11	4.8855e-11	1.0748e-11	5.7405e-11	1.2092e-11	6.9619e-11	1.3435e-11	3.2977e-11	7.939e-12	8.1833e-11	7.3283e-12	2.1985e-11	5.252e-12	1.9542e-11	2.3206e-12	2.1985e-11	3.7863e-12	1.7099e-11	4.2748e-12	1.7099e-11	6.4733e-12	1.0748e-11	2.1985e-12	1.087e-11	1.5878e-12	9.8932e-12	8.9161e-13	9.8932e-12	3.4199e-12	1.4657e-11	9.6489e-12	1.8321e-11	3.4199e-12	5.9848e-12	1.8321e-12	1.7099e-11	8.9161e-13	9.8932e-13	5.9848e-13
5744.35	0.034531	0.0032422	1.5049e-05	8.451e-06	2.2093e-05	8.8864e-05	2.1878e-05	8.8473e-05	1.6126e-06	1.3726e-05	2.4892e-06	1.8735e-05	3.0358e-06	1.4411e-05	5.2473e-07	2.8374e-06	5.417e-07	1.2466e-06	8.3622e-07	2.406e-06	3.9487e-07	1.2261e-06	6.2126e-07	1.358e-06	9.8932e-07	1.1709e-05	7.2309e-08	5.8611e-07	8.027e-09	1.0367e-08	7.7106e-10	1.6607e-09	1.0558e-10	6.1685e-10	1.1507e-10	3.2029e-10	1.0439e-10	3.4401e-10	7.7106e-11	1.898e-10	3.4401e-11	9.6086e-11	1.1269e-11	3.6774e-11	1.898e-11	5.4567e-11	1.7794e-11	4.745e-11	1.0439e-11	5.5754e-11	1.1744e-11	6.7616e-11	1.3049e-11	3.2029e-11	7.7106e-12	7.9479e-11	7.1175e-12	2.1352e-11	5.1009e-12	1.898e-11	2.2539e-12	2.1352e-11	3.6774e-12	1.6607e-11	4.1519e-12	1.6607e-11	6.2871e-12	1.0439e-11	2.1352e-12	1.0558e-11	1.5421e-12	9.6086e-12	8.6596e-13	9.6086e-12	3.3215e-12	1.4235e-11	9.3714e-12	1.7794e-11	3.3215e-12	5.8126e-12	1.7794e-12	1.6607e-11	8.6596e-13	9.6086e-13	5.8126e-13
5824.18	0.033663	0.0031645	1.4596e-05	8.1795e-06	2.1456e-05	8.6729e-05	2.132e-05	8.6431e-05	1.5662e-06	1.339e-05	2.4214e-06	1.8291e-05	2.9574e-06	1.4082e-05	5.1041e-07	2.7709e-06	5.2663e-07	1.2071e-06	8.1286e-07	2.3481e-06	3.8427e-07	1.191e-06	6.0166e-07	1.3203e-06	9.6357e-07	1.143e-05	7.0415e-08	5.7204e-07	7.8286e-09	1.0112e-08	7.4882e-10	1.6128e-09	1.0253e-10	5.9906e-10	1.1175e-10	3.1105e-10	1.0138e-10	3.3409e-10	7.4882e-11	1.8433e-10	3.3409e-11	9.3315e-11	1.0944e-11	3.5713e-11	1.8433e-11	5.2994e-11	1.7281e-11	4.6081e-11	1.0138e-11	5.4146e-11	1.1405e-11	6.5666e-11	1.2672e-11	3.1105e-11	7.4882e-12	7.7186e-11	6.9122e-12	2.0737e-11	4.9537e-12	1.8433e-11	2.1889e-12	2.0737e-11	3.5713e-12	1.6128e-11	4.0321e-12	1.6128e-11	6.1058e-12	1.0138e-11	2.0737e-12	1.0253e-11	1.4976e-12	9.3315e-12	8.4099e-13	9.3315e-12	3.2257e-12	1.3824e-11	9.1011e-12	1.7281e-11	3.2257e-12	5.645e-12	1.7281e-12	1.6128e-11	8.4099e-13	9.3315e-13	5.645e-13
5905.12	0.032864	0.0030874	1.4157e-05	7.916e-06	2.0832e-05	8.4615e-05	2.0766e-05	8.4382e-05	1.5219e-06	1.3067e-05	2.3547e-06	1.785e-05	2.8786e-06	1.3755e-05	4.9623e-07	2.7052e-06	5.1154e-07	1.1683e-06	7.9022e-07	2.2909e-06	3.7338e-07	1.1553e-06	5.8213e-07	1.2838e-06	9.3452e-07	1.1148e-05	6.8395e-08	5.5829e-07	7.6073e-09	9.8448e-09	7.2717e-10	1.5662e-09	9.9567e-11	5.8174e-10	1.0852e-10	3.0206e-10	9.8448e-11	3.2443e-10	7.2717e-11	1.79e-10	3.2443e-11	9.0617e-11	1.0628e-11	3.4681e-11	1.79e-11	5.1461e-11	1.6781e-11	4.4749e-11	9.8448e-12	5.258e-11	1.1075e-11	6.3767e-11	1.2306e-11	3.0206e-11	7.2717e-12	7.4955e-11	6.7124e-12	2.0137e-11	4.8105e-12	1.79e-11	2.1256e-12	2.0137e-11	3.4681e-12	1.5662e-11	3.9155e-12	1.5662e-11	5.9292e-12	9.8448e-12	2.0137e-12	9.9567e-12	1.4543e-12	9.0617e-12	8.1667e-13	9.0617e-12	3.1324e-12	1.3425e-11	8.8379e-12	1.6781e-11	3.1324e-12	5.4818e-12	1.6781e-12	1.5662e-11	8.1667e-13	9.0617e-13	5.4818e-13
5987.19	0.032051	0.003011	1.3729e-05	7.6604e-06	2.015e-05	8.2521e-05	2.0218e-05	8.2343e-05	1.4778e-06	1.2736e-05	2.2908e-06	1.7408e-05	2.8026e-06	1.3425e-05	4.8233e-07	2.6395e-06	4.9711e-07	1.1306e-06	7.6765e-07	2.2338e-06	3.6286e-07	1.1171e-06	5.632e-07	1.2434e-06	9.0628e-07	1.0863e-05	6.6303e-08	5.4497e-07	7.3868e-09	9.5594e-09	7.0609e-10	1.5208e-09	9.6681e-11	5.6488e-10	1.0537e-10	2.933e-10	9.5594e-11	3.1503e-10	7.0609e-11	1.7381e-10	3.1503e-11	8.799e-11	1.032e-11	3.3675e-11	1.7381e-11	4.997e-11	1.6294e-11	4.3452e-11	9.5594e-12	5.1056e-11	1.0754e-11	6.1919e-11	1.1949e-11	2.933e-11	7.0609e-12	7.2782e-11	6.5178e-12	1.9553e-11	4.6711e-12	1.7381e-11	2.064e-12	1.9553e-11	3.3675e-12	1.5208e-11	3.802e-12	1.5208e-11	5.7574e-12	9.5594e-12	1.9553e-12	9.6681e-12	1.4122e-12	8.799e-12	7.93e-13	8.799e-12	3.0416e-12	1.3036e-11	8.5818e-12	1.6294e-11	3.0416e-12	5.3229e-12	1.6294e-12	1.5208e-11	7.93e-13	8.799e-13	5.3229e-13
6070.39	0.031257	0.0029345	1.3313e-05	7.4124e-06	1.9473e-05	8.0427e-05	1.9671e-05	8.0305e-05	1.4345e-06	1.2405e-05	2.2256e-06	1.6962e-05	2.729e-06	1.3101e-05	4.6897e-07	2.5742e-06	4.8277e-07	1.094e-06	7.4574e-07	2.1772e-06	3.5119e-07	1.0802e-06	5.4484e-07	1.2036e-06	8.7882e-07	1.0547e-05	6.427e-08	5.315e-07	7.1722e-09	9.2817e-09	6.8558e-10	1.4766e-09	9.3872e-11	5.4846e-10	1.0231e-10	2.8478e-10	9.2817e-11	3.0587e-10	6.8558e-11	1.6876e-10	3.0587e-11	8.5434e-11	1.002e-11	3.2697e-11	1.6876e-11	4.8518e-11	1.5821e-11	4.2189e-11	9.2817e-12	4.9573e-11	1.0442e-11	6.012e-11	1.1602e-11	2.8478e-11	6.8558e-12	7.0667e-11	6.3284e-12	1.8985e-11	4.5354e-12	1.6876e-11	2.004e-12	1.8985e-11	3.2697e-12	1.4766e-11	3.6916e-12	1.4766e-11	5.5901e-12	9.2817e-12	1.8985e-12	9.3872e-12	1.3712e-12	8.5434e-12	7.6996e-13	8.5434e-12	2.9533e-12	1.2657e-11	8.3324e-12	1.5821e-11	2.9533e-12	5.1682e-12	1.5821e-12	1.4766e-11	7.6996e-13	8.5434e-13	5.1682e-13
6154.76	0.030481	0.0028574	1.2909e-05	7.1718e-06	1.8817e-05	7.8317e-05	1.9122e-05	7.8248e-05	1.3873e-06	1.2085e-05	2.1626e-06	1.6532e-05	2.6547e-06	1.2777e-05	4.5538e-07	2.509e-06	4.6866e-07	1.0585e-06	7.2419e-07	2.1206e-06	3.3976e-07	1.0443e-06	5.2703e-07	1.165e-06	8.5213e-07	1.024e-05	6.2295e-08	5.1787e-07	6.9633e-09	9.0113e-09	6.6561e-10	1.4336e-09	9.1137e-11	5.3249e-10	9.933e-11	2.7648e-10	9.0113e-11	2.9696e-10	6.6561e-11	1.6384e-10	2.9696e-11	8.2945e-11	9.7282e-12	3.1744e-11	1.6384e-11	4.7105e-11	1.536e-11	4.0961e-11	9.0113e-12	4.8129e-11	1.0138e-11	5.8369e-11	1.1264e-11	2.7648e-11	6.6561e-12	6.8609e-11	6.1441e-12	1.8432e-11	4.4033e-12	1.6384e-11	1.9456e-12	1.8432e-11	3.1744e-12	1.4336e-11	3.5841e-12	1.4336e-11	5.4273e-12	9.0113e-12	1.8432e-12	9.1137e-12	1.3312e-12	8.2945e-12	7.4753e-13	8.2945e-12	2.8672e-12	1.2288e-11	8.0897e-12	1.536e-11	2.8672e-12	5.0177e-12	1.536e-12	1.4336e-11	7.4753e-13	8.2945e-13	5.0177e-13
6240.29	0.029695	0.0027832	1.2516e-05	6.9385e-06	1.8181e-05	7.6286e-05	1.8593e-05	7.6253e-05	1.3405e-06	1.1772e-05	2.0925e-06	1.6115e-05	2.5781e-06	1.2463e-05	4.4225e-07	2.4459e-06	4.5327e-07	1.0241e-06	7.0301e-07	2.0659e-06	3.2867e-07	1.0096e-06	5.0977e-07	1.1276e-06	8.262e-07	9.9412e-06	6.0375e-08	5.0278e-07	6.76e-09	8.7482e-09	6.4618e-10	1.3918e-09	8.8477e-11	5.1694e-10	9.643e-11	2.6841e-10	8.7482e-11	2.8829e-10	6.4618e-11	1.5906e-10	2.8829e-11	8.0524e-11	9.4441e-12	3.0818e-11	1.5906e-11	4.5729e-11	1.4912e-11	3.9765e-11	8.7482e-12	4.6724e-11	9.8418e-12	5.6665e-11	1.0935e-11	2.6841e-11	6.4618e-12	6.6606e-11	5.9647e-12	1.7894e-11	4.2747e-12	1.5906e-11	1.8888e-12	1.7894e-11	3.0818e-12	1.3918e-11	3.4794e-12	1.3918e-11	5.2688e-12	8.7482e-12	1.7894e-12	8.8477e-12	1.2924e-12	8.0524e-12	7.2571e-13	8.0524e-12	2.7835e-12	1.1929e-11	7.8535e-12	1.4912e-11	2.7835e-12	4.8712e-12	1.4912e-12	1.3918e-11	7.2571e-13	8.0524e-13	4.8712e-13
6327.01	0.028942	0.0027112	1.2135e-05	6.7122e-06	1.7566e-05	7.4312e-05	1.8082e-05	7.4333e-05	1.2951e-06	1.1457e-05	2.0241e-06	1.5694e-05	2.4967e-06	1.215e-05	4.2767e-07	2.3835e-06	4.38e-07	9.9072e-07	6.8005e-07	2.0119e-06	3.1791e-07	9.7593e-07	4.9304e-07	1.0913e-06	8.0099e-07	9.6503e-06	5.851e-08	4.881e-07	6.5622e-09	8.4922e-09	6.2727e-10	1.351e-09	8.5887e-11	5.0181e-10	9.3608e-11	2.6056e-10	8.4922e-11	2.7986e-10	6.2727e-11	1.544e-10	2.7986e-11	7.8167e-11	9.1678e-12	2.9916e-11	1.544e-11	4.4391e-11	1.4475e-11	3.8601e-11	8.4922e-12	4.5356e-11	9.5538e-12	5.5007e-11	1.0615e-11	2.6056e-11	6.2727e-12	6.4657e-11	5.7902e-12	1.737e-11	4.1496e-12	1.544e-11	1.8336e-12	1.737e-11	2.9916e-12	1.351e-11	3.3776e-12	1.351e-11	5.1146e-12	8.4922e-12	1.737e-12	8.5887e-12	1.2545e-12	7.8167e-12	7.0447e-13	7.8167e-12	2.7021e-12	1.158e-11	7.6237e-12	1.4475e-11	2.7021e-12	4.7286e-12	1.4475e-12	1.351e-11	7.0447e-13	7.8167e-13	4.7286e-13
6414.94	0.02822	0.0026387	1.1764e-05	6.4927e-06	1.697e-05	7.2327e-05	1.7567e-05	7.2387e-05	1.2512e-06	1.1149e-05	1.9577e-06	1.5257e-05	2.4177e-06	1.1838e-05	4.1345e-07	2.3214e-06	4.2321e-07	9.5835e-07	6.5707e-07	1.9582e-06	3.0749e-07	9.4333e-07	4.7682e-07	1.0561e-06	7.765e-07	9.3672e-06	5.6698e-08	4.7381e-07	6.3697e-09	8.2431e-09	6.0887e-10	1.3114e-09	8.3368e-11	4.8709e-10	9.0862e-11	2.5291e-10	8.2431e-11	2.7165e-10	6.0887e-11	1.4988e-10	2.7165e-11	7.5874e-11	8.8988e-12	2.9038e-11	1.4988e-11	4.3089e-11	1.4051e-11	3.7469e-11	8.2431e-12	4.4026e-11	9.2735e-12	5.3393e-11	1.0304e-11	2.5291e-11	6.0887e-12	6.276e-11	5.6203e-12	1.6861e-11	4.0279e-12	1.4988e-11	1.7798e-12	1.6861e-11	2.9038e-12	1.3114e-11	3.2785e-12	1.3114e-11	4.9646e-12	8.2431e-12	1.6861e-12	8.3368e-12	1.2177e-12	7.5874e-12	6.838e-13	7.5874e-12	2.6228e-12	1.1241e-11	7.4001e-12	1.4051e-11	2.6228e-12	4.5899e-12	1.4051e-12	1.3114e-11	6.838e-13	7.5874e-13	4.5899e-13
6504.09	0.027511	0.0025632	1.1403e-05	6.28e-06	1.6393e-05	7.025e-05	1.7037e-05	7.0379e-05	1.2087e-06	1.0802e-05	1.8934e-06	1.4792e-05	2.341e-06	1.1502e-05	3.9967e-07	2.255e-06	4.0889e-07	9.2696e-07	6.3482e-07	1.9011e-06	2.9738e-07	9.1174e-07	4.611e-07	1.0219e-06	7.5271e-07	9.0918e-06	5.4938e-08	4.599e-07	6.1824e-09	8.0008e-09	5.9097e-10	1.2728e-09	8.0917e-11	4.7277e-10	8.819e-11	2.4548e-10	8.0008e-11	2.6366e-10	5.9097e-11	1.4547e-10	2.6366e-11	7.3643e-11	8.6372e-12	2.8185e-11	1.4547e-11	4.1822e-11	1.3638e-11	3.6367e-11	8.0008e-12	4.2731e-11	9.0009e-12	5.1823e-11	1.0001e-11	2.4548e-11	5.9097e-12	6.0915e-11	5.4551e-12	1.6365e-11	3.9095e-12	1.4547e-11	1.7274e-12	1.6365e-11	2.8185e-12	1.2728e-11	3.1821e-12	1.2728e-11	4.8186e-12	8.0008e-12	1.6365e-12	8.0917e-12	1.1819e-12	7.3643e-12	6.637e-13	7.3643e-12	2.5457e-12	1.091e-11	7.1825e-12	1.3638e-11	2.5457e-12	4.455e-12	1.3638e-12	1.2728e-11	6.637e-13	7.3643e-13	4.455e-13
6594.48	0.026858	0.0024833	1.1053e-05	6.0737e-06	1.5834e-05	6.8062e-05	1.6477e-05	6.8227e-05	1.1675e-06	1.0465e-05	1.831e-06	1.4339e-05	2.2666e-06	1.1158e-05	3.8632e-07	2.1863e-06	3.9502e-07	8.9654e-07	6.1326e-07	1.8419e-06	2.8759e-07	8.8115e-07	4.4586e-07	9.8877e-07	7.2959e-07	8.8239e-06	5.3229e-08	4.4638e-07	6.0002e-09	7.765e-09	5.7355e-10	1.2353e-09	7.8532e-11	4.5884e-10	8.5591e-11	2.3824e-10	7.765e-11	2.5589e-10	5.7355e-11	1.4118e-10	2.5589e-11	7.1473e-11	8.3827e-12	2.7354e-11	1.4118e-11	4.059e-11	1.3236e-11	3.5295e-11	7.765e-12	4.1472e-11	8.7356e-12	5.0296e-11	9.7063e-12	2.3824e-11	5.7355e-12	5.912e-11	5.2943e-12	1.5883e-11	3.7943e-12	1.4118e-11	1.6765e-12	1.5883e-11	2.7354e-12	1.2353e-11	3.0884e-12	1.2353e-11	4.6766e-12	7.765e-12	1.5883e-12	7.8532e-12	1.1471e-12	7.1473e-12	6.4414e-13	7.1473e-12	2.4707e-12	1.0589e-11	6.9709e-12	1.3236e-11	2.4707e-12	4.3237e-12	1.3236e-12	1.2353e-11	6.4414e-13	7.1473e-13	4.3237e-13
6686.13	0.02623	0.0024058	1.0713e-05	5.8737e-06	1.5293e-05	6.5937e-05	1.5935e-05	6.6137e-05	1.1276e-06	1.0139e-05	1.7705e-06	1.39e-05	2.1945e-06	1.0822e-05	3.7339e-07	2.1194e-06	3.8159e-07	8.6704e-07	5.924e-07	1.7845e-06	2.7809e-07	8.5151e-07	4.3109e-07	9.5664e-07	7.0714e-07	8.5633e-06	5.1569e-08	4.3322e-07	5.823e-09	7.5357e-09	5.5661e-10	1.1989e-09	7.6213e-11	4.4529e-10	8.3064e-11	2.3121e-10	7.5357e-11	2.4833e-10	5.5661e-11	1.3701e-10	2.4833e-11	6.9362e-11	8.1351e-12	2.6546e-11	1.3701e-11	3.9391e-11	1.2845e-11	3.4253e-11	7.5357e-12	4.0247e-11	8.4776e-12	4.8811e-11	9.4196e-12	2.3121e-11	5.5661e-12	5.7374e-11	5.138e-12	1.5414e-11	3.6822e-12	1.3701e-11	1.627e-12	1.5414e-11	2.6546e-12	1.1989e-11	2.9971e-12	1.1989e-11	4.5385e-12	7.5357e-12	1.5414e-12	7.6213e-12	1.1132e-12	6.9362e-12	6.2512e-13	6.9362e-12	2.3977e-12	1.0276e-11	6.765e-12	1.2845e-11	2.3977e-12	4.196e-12	1.2845e-12	1.1989e-11	6.2512e-13	6.9362e-13	4.196e-13
6779.05	0.025582	0.0023305	1.0383e-05	5.6799e-06	1.477e-05	6.3875e-05	1.541e-05	6.4107e-05	1.089e-06	9.8213e-06	1.712e-06	1.3473e-05	2.1244e-06	1.0497e-05	3.6086e-07	2.0545e-06	3.6858e-07	8.3844e-07	5.7219e-07	1.7287e-06	2.6889e-07	8.2281e-07	4.1679e-07	9.255e-07	6.8532e-07	8.3098e-06	4.9957e-08	4.2042e-07	5.6506e-09	7.3126e-09	5.4014e-10	1.1634e-09	7.3957e-11	4.3211e-10	8.0605e-11	2.2436e-10	7.3126e-11	2.4098e-10	5.4014e-11	1.3296e-10	2.4098e-11	6.7309e-11	7.8943e-12	2.576e-11	1.3296e-11	3.8225e-11	1.2465e-11	3.3239e-11	7.3126e-12	3.9056e-11	8.2267e-12	4.7366e-11	9.1407e-12	2.2436e-11	5.4014e-12	5.5675e-11	4.9859e-12	1.4958e-11	3.5732e-12	1.3296e-11	1.5789e-12	1.4958e-11	2.576e-12	1.1634e-11	2.9084e-12	1.1634e-11	4.4042e-12	7.3126e-12	1.4958e-12	7.3957e-12	1.0803e-12	6.7309e-12	6.0661e-13	6.7309e-12	2.3267e-12	9.9717e-12	6.5647e-12	1.2465e-11	2.3267e-12	4.0718e-12	1.2465e-12	1.1634e-11	6.0661e-13	6.7309e-13	4.0718e-13
6873.26	0.024938	0.0022574	1.0062e-05	5.492e-06	1.4263e-05	6.1872e-05	1.49e-05	6.2134e-05	1.0517e-06	9.5133e-06	1.6552e-06	1.3058e-05	2.0565e-06	1.018e-05	3.4872e-07	1.9914e-06	3.5599e-07	8.1073e-07	5.5263e-07	1.6745e-06	2.5997e-07	7.9502e-07	4.0293e-07	8.953e-07	6.6414e-07	8.0633e-06	4.8392e-08	4.0797e-07	5.483e-09	7.0957e-09	5.2411e-10	1.1289e-09	7.1763e-11	4.1929e-10	7.8214e-11	2.1771e-10	7.0957e-11	2.3383e-10	5.2411e-11	1.2901e-10	2.3383e-11	6.5312e-11	7.6601e-12	2.4996e-11	1.2901e-11	3.7091e-11	1.2095e-11	3.2253e-11	7.0957e-12	3.7897e-11	7.9826e-12	4.5961e-11	8.8696e-12	2.1771e-11	5.2411e-12	5.4024e-11	4.838e-12	1.4514e-11	3.4672e-12	1.2901e-11	1.532e-12	1.4514e-11	2.4996e-12	1.1289e-11	2.8221e-12	1.1289e-11	4.2735e-12	7.0957e-12	1.4514e-12	7.1763e-12	1.0482e-12	6.5312e-12	5.8862e-13	6.5312e-12	2.2577e-12	9.6759e-12	6.37e-12	1.2095e-11	2.2577e-12	3.951e-12	1.2095e-12	1.1289e-11	5.8862e-13	6.5312e-13	3.951e-13
6968.78	0.024301	0.0021864	9.75e-06	5.31e-06	1.3772e-05	5.9928e-05	1.4407e-05	6.0218e-05	1.0155e-06	9.2142e-06	1.6002e-06	1.2655e-05	1.9905e-06	9.8721e-06	3.3697e-07	1.9302e-06	3.4381e-07	7.8387e-07	5.337e-07	1.6219e-06	2.5134e-07	7.6811e-07	3.895e-07	8.6602e-07	6.4357e-07	7.8235e-06	4.6873e-08	3.9586e-07	5.32e-09	6.8847e-09	5.0853e-10	1.0953e-09	6.9629e-11	4.0682e-10	7.5888e-11	2.1124e-10	6.8847e-11	2.2688e-10	5.0853e-11	1.2518e-10	2.2688e-11	6.3371e-11	7.4324e-12	2.4253e-11	1.2518e-11	3.5988e-11	1.1735e-11	3.1294e-11	6.8847e-12	3.6771e-11	7.7453e-12	4.4594e-11	8.6059e-12	2.1124e-11	5.0853e-12	5.2418e-11	4.6941e-12	1.4082e-11	3.3641e-12	1.2518e-11	1.4865e-12	1.4082e-11	2.4253e-12	1.0953e-11	2.7382e-12	1.0953e-11	4.1465e-12	6.8847e-12	1.4082e-12	6.9629e-12	1.0171e-12	6.3371e-12	5.7112e-13	6.3371e-12	2.1906e-12	9.3882e-12	6.1806e-12	1.1735e-11	2.1906e-12	3.8335e-12	1.1735e-12	1.0953e-11	5.7112e-13	6.3371e-13	3.8335e-13
7065.63	0.023684	0.0021175	9.4474e-06	5.1336e-06	1.3298e-05	5.8041e-05	1.3928e-05	5.8357e-05	9.8057e-07	8.924e-06	1.5469e-06	1.2264e-05	1.9266e-06	9.5729e-06	3.2559e-07	1.8706e-06	3.3201e-07	7.5785e-07	5.1538e-07	1.5709e-06	2.4297e-07	7.4206e-07	3.7649e-07	8.3764e-07	6.2359e-07	7.5904e-06	4.5398e-08	3.8408e-07	5.1615e-09	6.6796e-09	4.9338e-10	1.0627e-09	6.7555e-11	3.947e-10	7.3627e-11	2.0494e-10	6.6796e-11	2.2012e-10	4.9338e-11	1.2145e-10	2.2012e-11	6.1483e-11	7.2109e-12	2.353e-11	1.2145e-11	3.4916e-11	1.1386e-11	3.0362e-11	6.6796e-12	3.5675e-11	7.5145e-12	4.3265e-11	8.3495e-12	2.0494e-11	4.9338e-12	5.0856e-11	4.5543e-12	1.3663e-11	3.2639e-12	1.2145e-11	1.4422e-12	1.3663e-11	2.353e-12	1.0627e-11	2.6567e-12	1.0627e-11	4.0229e-12	6.6796e-12	1.3663e-12	6.7555e-12	9.8676e-13	6.1483e-12	5.541e-13	6.1483e-12	2.1253e-12	9.1085e-12	5.9964e-12	1.1386e-11	2.1253e-12	3.7193e-12	1.1386e-12	1.0627e-11	5.541e-13	6.1483e-13	3.7193e-13
7163.82	0.023074	0.0020507	9.1536e-06	4.9627e-06	1.2839e-05	5.621e-05	1.3465e-05	5.655e-05	9.4673e-07	8.6423e-06	1.4953e-06	1.1883e-05	1.8646e-06	9.2822e-06	3.1456e-07	1.8128e-06	3.206e-07	7.3263e-07	4.9765e-07	1.5213e-06	2.3486e-07	7.1683e-07	3.6389e-07	8.1014e-07	6.0419e-07	7.3638e-06	4.3966e-08	3.7264e-07	5.0074e-09	6.4801e-09	4.7865e-10	1.0309e-09	6.5538e-11	3.8292e-10	7.1429e-11	1.9882e-10	6.4801e-11	2.1355e-10	4.7865e-11	1.1782e-10	2.1355e-11	5.9647e-11	6.9956e-12	2.2828e-11	1.1782e-11	3.3873e-11	1.1046e-11	2.9455e-11	6.4801e-12	3.461e-11	7.2902e-12	4.1974e-11	8.1002e-12	1.9882e-11	4.7865e-12	4.9337e-11	4.4183e-12	1.3255e-11	3.1664e-12	1.1782e-11	1.3991e-12	1.3255e-11	2.2828e-12	1.0309e-11	2.5773e-12	1.0309e-11	3.9028e-12	6.4801e-12	1.3255e-12	6.5538e-12	9.5729e-13	5.9647e-12	5.3756e-13	5.9647e-12	2.0619e-12	8.8366e-12	5.8174e-12	1.1046e-11	2.0619e-12	3.6083e-12	1.1046e-12	1.0309e-11	5.3756e-13	5.9647e-13	3.6083e-13
7263.38	0.022491	0.0019858	8.8683e-06	4.7971e-06	1.2395e-05	5.4433e-05	1.3016e-05	5.4795e-05	9.1399e-07	8.3689e-06	1.4453e-06	1.1514e-05	1.8044e-06	8.9997e-06	3.0389e-07	1.7567e-06	3.0955e-07	7.082e-07	4.8049e-07	1.4733e-06	2.2701e-07	6.9242e-07	3.5169e-07	7.8349e-07	5.8536e-07	7.1435e-06	4.2577e-08	3.615e-07	4.8576e-09	6.2863e-09	4.6433e-10	1.0001e-09	6.3577e-11	3.7146e-10	6.9292e-11	1.9287e-10	6.2863e-11	2.0716e-10	4.6433e-11	1.143e-10	2.0716e-11	5.7862e-11	6.7863e-12	2.2145e-11	1.143e-11	3.286e-11	1.0715e-11	2.8574e-11	6.2863e-12	3.3574e-11	7.072e-12	4.0718e-11	7.8578e-12	1.9287e-11	4.6433e-12	4.7861e-11	4.2861e-12	1.2858e-11	3.0717e-12	1.143e-11	1.3573e-12	1.2858e-11	2.2145e-12	1.0001e-11	2.5002e-12	1.0001e-11	3.786e-12	6.2863e-12	1.2858e-12	6.3577e-12	9.2865e-13	5.7862e-12	5.2147e-13	5.7862e-12	2.0002e-12	8.5722e-12	5.6433e-12	1.0715e-11	2.0002e-12	3.5003e-12	1.0715e-12	1.0001e-11	5.2147e-13	5.7862e-13	3.5003e-13
7364.32	0.021947	0.0019229	8.5913e-06	4.6367e-06	1.1965e-05	5.2708e-05	1.2581e-05	5.3091e-05	8.8231e-07	8.1036e-06	1.3969e-06	1.1156e-05	1.7461e-06	8.7252e-06	2.9356e-07	1.7022e-06	2.9886e-07	6.8454e-07	4.6389e-07	1.4266e-06	2.194e-07	6.6879e-07	3.3988e-07	7.5765e-07	5.6708e-07	6.9293e-06	4.1229e-08	3.5068e-07	4.7119e-09	6.0978e-09	4.504e-10	9.701e-10	6.1671e-11	3.6032e-10	6.7214e-11	1.8709e-10	6.0978e-11	2.0095e-10	4.504e-11	1.1087e-10	2.0095e-11	5.6127e-11	6.5828e-12	2.1481e-11	1.1087e-11	3.1875e-11	1.0394e-11	2.7717e-11	6.0978e-12	3.2568e-11	6.86e-12	3.9497e-11	7.6222e-12	1.8709e-11	4.504e-12	4.6426e-11	4.1576e-12	1.2473e-11	2.9796e-12	1.1087e-11	1.3166e-12	1.2473e-11	2.1481e-12	9.701e-12	2.4252e-12	9.701e-12	3.6725e-12	6.0978e-12	1.2473e-12	6.1671e-12	9.0081e-13	5.6127e-12	5.0584e-13	5.6127e-12	1.9402e-12	8.3151e-12	5.4741e-12	1.0394e-11	1.9402e-12	3.3953e-12	1.0394e-12	9.701e-12	5.0584e-13	5.6127e-13	3.3954e-13
7466.67	0.021438	0.0018618	8.3224e-06	4.4814e-06	1.1549e-05	5.1035e-05	1.216e-05	5.1436e-05	8.5168e-07	7.8462e-06	1.35e-06	1.0808e-05	1.6895e-06	8.4586e-06	2.8356e-07	1.6492e-06	2.8852e-07	6.6162e-07	4.4783e-07	1.3813e-06	2.1203e-07	6.4592e-07	3.2844e-07	7.3263e-07	5.4933e-07	6.7211e-06	3.992e-08	3.4016e-07	4.5704e-09	5.9146e-09	4.3687e-10	9.4095e-10	5.9818e-11	3.495e-10	6.5195e-11	1.8147e-10	5.9146e-11	1.9491e-10	4.3687e-11	1.0754e-10	1.9491e-11	5.4441e-11	6.385e-12	2.0835e-11	1.0754e-11	3.0917e-11	1.0082e-11	2.6884e-11	5.9146e-12	3.1589e-11	6.6539e-12	3.831e-11	7.3932e-12	1.8147e-11	4.3687e-12	4.5031e-11	4.0327e-12	1.2098e-11	2.8901e-12	1.0754e-11	1.277e-12	1.2098e-11	2.0835e-12	9.4095e-12	2.3524e-12	9.4095e-12	3.5622e-12	5.9146e-12	1.2098e-12	5.9818e-12	8.7374e-13	5.4441e-12	4.9064e-13	5.4441e-12	1.8819e-12	8.0653e-12	5.3097e-12	1.0082e-11	1.8819e-12	3.2933e-12	1.0082e-12	9.4095e-12	4.9064e-13	5.4441e-13	3.2933e-13
7570.44	0.020909	0.0018025	8.0614e-06	4.3309e-06	1.1147e-05	4.9411e-05	1.1752e-05	4.983e-05	8.2205e-07	7.5965e-06	1.3046e-06	1.0471e-05	1.6347e-06	8.1995e-06	2.7389e-07	1.5978e-06	2.7852e-07	6.3942e-07	4.3229e-07	1.3374e-06	2.049e-07	6.2379e-07	3.1736e-07	7.0838e-07	5.3211e-07	6.5188e-06	3.8651e-08	3.2994e-07	4.4328e-09	5.7365e-09	4.2372e-10	9.1263e-10	5.8017e-11	3.3898e-10	6.3232e-11	1.7601e-10	5.7365e-11	1.8904e-10	4.2372e-11	1.043e-10	1.8904e-11	5.2802e-11	6.1928e-12	2.0208e-11	1.043e-11	2.9986e-11	9.7781e-12	2.6075e-11	5.7365e-12	3.0638e-11	6.4536e-12	3.7157e-11	7.1706e-12	1.7601e-11	4.2372e-12	4.3676e-11	3.9113e-12	1.1734e-11	2.8031e-12	1.043e-11	1.2386e-12	1.1734e-11	2.0208e-12	9.1263e-12	2.2816e-12	9.1263e-12	3.4549e-12	5.7365e-12	1.1734e-12	5.8017e-12	8.4744e-13	5.2802e-12	4.7587e-13	5.2802e-12	1.8253e-12	7.8225e-12	5.1498e-12	9.7781e-12	1.8253e-12	3.1942e-12	9.7781e-13	9.1263e-12	4.7587e-13	5.2802e-13	3.1942e-13
7675.65	0.020373	0.0017451	7.8081e-06	4.1852e-06	1.0758e-05	4.7836e-05	1.1357e-05	4.8271e-05	7.9339e-07	7.3542e-06	1.2606e-06	1.0143e-05	1.5815e-06	7.9479e-06	2.6452e-07	1.5479e-06	2.6884e-07	6.1792e-07	4.1726e-07	1.2948e-06	1.9799e-07	6.0237e-07	3.0663e-07	6.8489e-07	5.1539e-07	6.3221e-06	3.7419e-08	3.2e-07	4.299e-09	5.5635e-09	4.1094e-10	8.851e-10	5.6267e-11	3.2875e-10	6.1325e-11	1.707e-10	5.5635e-11	1.8334e-10	4.1094e-11	1.0115e-10	1.8334e-11	5.1209e-11	6.006e-12	1.9599e-11	1.0115e-11	2.9082e-11	9.4832e-12	2.5288e-11	5.5635e-12	2.9714e-11	6.2589e-12	3.6036e-11	6.9543e-12	1.707e-11	4.1094e-12	4.2358e-11	3.7933e-12	1.138e-11	2.7185e-12	1.0115e-11	1.2012e-12	1.138e-11	1.9599e-12	8.851e-12	2.2127e-12	8.851e-12	3.3507e-12	5.5635e-12	1.138e-12	5.6267e-12	8.2188e-13	5.1209e-12	4.6151e-13	5.1209e-12	1.7702e-12	7.5865e-12	4.9945e-12	9.4832e-12	1.7702e-12	3.0978e-12	9.4832e-13	8.851e-12	4.6151e-13	5.1209e-13	3.0978e-13
7782.32	0.019836	0.0016893	7.5623e-06	4.0441e-06	1.0382e-05	4.6308e-05	1.0975e-05	4.6758e-05	7.6568e-07	7.1192e-06	1.2181e-06	9.8247e-06	1.53e-06	7.7036e-06	2.5545e-07	1.4995e-06	2.5948e-07	5.971e-07	4.0273e-07	1.2535e-06	1.9131e-07	5.8165e-07	2.9625e-07	6.6213e-07	4.9917e-07	6.131e-06	3.6224e-08	3.1034e-07	4.1691e-09	5.3953e-09	3.9852e-10	8.5834e-10	5.4566e-11	3.1881e-10	5.9471e-11	1.6554e-10	5.3953e-11	1.778e-10	3.9852e-11	9.8096e-11	1.778e-11	4.9661e-11	5.8245e-12	1.9006e-11	9.8096e-12	2.8203e-11	9.1965e-12	2.4524e-11	5.3953e-12	2.8816e-11	6.0697e-12	3.4947e-11	6.7441e-12	1.6554e-11	3.9852e-12	4.1078e-11	3.6786e-12	1.1036e-11	2.6363e-12	9.8096e-12	1.1649e-12	1.1036e-11	1.9006e-12	8.5834e-12	2.1459e-12	8.5834e-12	3.2494e-12	5.3953e-12	1.1036e-12	5.4566e-12	7.9703e-13	4.9661e-12	4.4757e-13	4.9661e-12	1.7167e-12	7.3572e-12	4.8435e-12	9.1965e-12	1.7167e-12	3.0042e-12	9.1965e-13	8.5834e-12	4.4757e-13	4.9661e-13	3.0042e-13
7890.47	0.019358	0.0016352	7.3238e-06	3.9075e-06	1.0019e-05	4.4826e-05	1.0605e-05	4.5289e-05	7.3888e-07	6.8913e-06	1.1769e-06	9.5159e-06	1.4801e-06	7.4662e-06	2.4668e-07	1.4525e-06	2.5043e-07	5.7694e-07	3.8867e-07	1.2134e-06	1.8483e-07	5.6161e-07	2.862e-07	6.4009e-07	4.8342e-07	5.9454e-06	3.5065e-08	3.0096e-07	4.0428e-09	5.2319e-09	3.8645e-10	8.3235e-10	5.2914e-11	3.0916e-10	5.767e-11	1.6052e-10	5.2319e-11	1.7242e-10	3.8645e-11	9.5126e-11	1.7242e-11	4.8157e-11	5.6481e-12	1.8431e-11	9.5126e-12	2.7349e-11	8.918e-12	2.3781e-11	5.2319e-12	2.7943e-11	5.8859e-12	3.3889e-11	6.5399e-12	1.6052e-11	3.8645e-12	3.9834e-11	3.5672e-12	1.0702e-11	2.5565e-12	9.5126e-12	1.1296e-12	1.0702e-11	1.8431e-12	8.3235e-12	2.0809e-12	8.3235e-12	3.151e-12	5.2319e-12	1.0702e-12	5.2914e-12	7.729e-13	4.8157e-12	4.3401e-13	4.8157e-12	1.6647e-12	7.1344e-12	4.6968e-12	8.918e-12	1.6647e-12	2.9132e-12	8.918e-13	8.3235e-12	4.3401e-13	4.8157e-13	2.9132e-13
8000.13	0.01889	0.0015828	7.0924e-06	3.7753e-06	9.6675e-06	4.3389e-05	1.0246e-05	4.3864e-05	7.1298e-07	6.6703e-06	1.137e-06	9.2163e-06	1.4317e-06	7.2358e-06	2.3819e-07	1.4068e-06	2.4167e-07	5.5743e-07	3.7508e-07	1.1745e-06	1.7857e-07	5.4222e-07	2.7648e-07	6.1874e-07	4.6815e-07	5.765e-06	3.3941e-08	2.9184e-07	3.9202e-09	5.0732e-09	3.7472e-10	8.0709e-10	5.1308e-11	2.9978e-10	5.592e-11	1.5565e-10	5.0732e-11	1.6718e-10	3.7472e-11	9.2239e-11	1.6718e-11	4.6696e-11	5.4767e-12	1.7871e-11	9.2239e-12	2.6519e-11	8.6474e-12	2.306e-11	5.0732e-12	2.7095e-11	5.7073e-12	3.286e-11	6.3414e-12	1.5565e-11	3.7472e-12	3.8625e-11	3.459e-12	1.0377e-11	2.4789e-12	9.2239e-12	1.0953e-12	1.0377e-11	1.7871e-12	8.0709e-12	2.0177e-12	8.0709e-12	3.0554e-12	5.0732e-12	1.0377e-12	5.1308e-12	7.4944e-13	4.6696e-12	4.2084e-13	4.6696e-12	1.6142e-12	6.9179e-12	4.5543e-12	8.6474e-12	1.6142e-12	2.8248e-12	8.6474e-13	8.0709e-12	4.2084e-13	4.6696e-13	2.8248e-13
8111.31	0.018411	0.0015319	6.8678e-06	3.6472e-06	9.3277e-06	4.1995e-05	9.8989e-06	4.2481e-05	6.8793e-07	6.4559e-06	1.0983e-06	8.9255e-06	1.3848e-06	7.012e-06	2.2998e-07	1.3625e-06	2.3321e-07	5.3853e-07	3.6193e-07	1.1368e-06	1.725e-07	5.2346e-07	2.6707e-07	5.9806e-07	4.5333e-07	5.5897e-06	3.285e-08	2.8298e-07	3.801e-09	4.9189e-09	3.6333e-10	7.8256e-10	4.9748e-11	2.9066e-10	5.422e-11	1.5092e-10	4.9189e-11	1.621e-10	3.6333e-11	8.9435e-11	1.621e-11	4.5276e-11	5.3102e-12	1.7328e-11	8.9435e-12	2.5713e-11	8.3845e-12	2.2359e-11	4.9189e-12	2.6272e-11	5.5338e-12	3.1861e-11	6.1487e-12	1.5092e-11	3.6333e-12	3.7451e-11	3.3538e-12	1.0061e-11	2.4036e-12	8.9435e-12	1.062e-12	1.0061e-11	1.7328e-12	7.8256e-12	1.9564e-12	7.8256e-12	2.9625e-12	4.9189e-12	1.0061e-12	4.9748e-12	7.2666e-13	4.5276e-12	4.0805e-13	4.5276e-12	1.5651e-12	6.7076e-12	4.4159e-12	8.3845e-12	1.5651e-12	2.7389e-12	8.3845e-13	7.8256e-12	4.0805e-13	4.5276e-13	2.7389e-13
8224.03	0.017955	0.0014826	6.65e-06	3.5233e-06	8.9993e-06	4.0644e-05	9.563e-06	4.1138e-05	6.6372e-07	6.248e-06	1.061e-06	8.6434e-06	1.3393e-06	6.7947e-06	2.2204e-07	1.3196e-06	2.2503e-07	5.2025e-07	3.4923e-07	1.1002e-06	1.6663e-07	5.0533e-07	2.5796e-07	5.7804e-07	4.3895e-07	5.4194e-06	3.1793e-08	2.7437e-07	3.6852e-09	4.7691e-09	3.5226e-10	7.5872e-10	4.8233e-11	2.8181e-10	5.2569e-11	1.4632e-10	4.7691e-11	1.5716e-10	3.5226e-11	8.6711e-11	1.5716e-11	4.3897e-11	5.1485e-12	1.68e-11	8.6711e-12	2.4929e-11	8.1292e-12	2.1678e-11	4.7691e-12	2.5471e-11	5.3652e-12	3.0891e-11	5.9614e-12	1.4632e-11	3.5226e-12	3.631e-11	3.2517e-12	9.755e-12	2.3304e-12	8.6711e-12	1.0297e-12	9.755e-12	1.68e-12	7.5872e-12	1.8968e-12	7.5872e-12	2.8723e-12	4.7691e-12	9.755e-13	4.8233e-12	7.0453e-13	4.3897e-12	3.9562e-13	4.3897e-12	1.5174e-12	6.5033e-12	4.2814e-12	8.1292e-12	1.5174e-12	2.6555e-12	8.1292e-13	7.5872e-12	3.9562e-13	4.3897e-13	2.6555e-13
8338.33	0.017508	0.0014347	6.4387e-06	3.4034e-06	8.6819e-06	3.9333e-05	9.2378e-06	3.9836e-05	6.4032e-07	6.0465e-06	1.0248e-06	8.3697e-06	1.2952e-06	6.5838e-06	2.1436e-07	1.2779e-06	2.1711e-07	5.0255e-07	3.3695e-07	1.0647e-06	1.6095e-07	4.8778e-07	2.4914e-07	5.5866e-07	4.2501e-07	5.2541e-06	3.0768e-08	2.6601e-07	3.5728e-09	4.6236e-09	3.4151e-10	7.3557e-10	4.6761e-11	2.7321e-10	5.0964e-11	1.4186e-10	4.6236e-11	1.5237e-10	3.4151e-11	8.4065e-11	1.5237e-11	4.2558e-11	4.9914e-12	1.6288e-11	8.4065e-12	2.4169e-11	7.8811e-12	2.1016e-11	4.6236e-12	2.4694e-11	5.2015e-12	2.9948e-11	5.7795e-12	1.4186e-11	3.4151e-12	3.5202e-11	3.1524e-12	9.4573e-12	2.2592e-12	8.4065e-12	9.9827e-13	9.4573e-12	1.6288e-12	7.3557e-12	1.8389e-12	7.3557e-12	2.7847e-12	4.6236e-12	9.4573e-13	4.6761e-12	6.8303e-13	4.2558e-12	3.8355e-13	4.2558e-12	1.4711e-12	6.3049e-12	4.1507e-12	7.8811e-12	1.4711e-12	2.5745e-12	7.8811e-13	7.3557e-12	3.8355e-13	4.2558e-13	2.5745e-13
8454.21	0.017091	0.0013884	6.2337e-06	3.2873e-06	8.3751e-06	3.8062e-05	8.9232e-06	3.8573e-05	6.177e-07	5.8511e-06	9.8983e-07	8.1042e-06	1.2526e-06	6.379e-06	2.0693e-07	1.2374e-06	2.0947e-07	4.8542e-07	3.2507e-07	1.0303e-06	1.5545e-07	4.7082e-07	2.4061e-07	5.3989e-07	4.1148e-07	5.0934e-06	2.9774e-08	2.5789e-07	3.4635e-09	4.4822e-09	3.3107e-10	7.1308e-10	4.5332e-11	2.6486e-10	4.9406e-11	1.3752e-10	4.4822e-11	1.4771e-10	3.3107e-11	8.1495e-11	1.4771e-11	4.1257e-11	4.8388e-12	1.579e-11	8.1495e-12	2.343e-11	7.6401e-12	2.0374e-11	4.4822e-12	2.3939e-11	5.0425e-12	2.9033e-11	5.6028e-12	1.3752e-11	3.3107e-12	3.4126e-11	3.0561e-12	9.1682e-12	2.1902e-12	8.1495e-12	9.6775e-13	9.1682e-12	1.579e-12	7.1308e-12	1.7827e-12	7.1308e-12	2.6995e-12	4.4822e-12	9.1682e-13	4.5332e-12	6.6215e-13	4.1257e-12	3.7182e-13	4.1257e-12	1.4262e-12	6.1121e-12	4.0238e-12	7.6401e-12	1.4262e-12	2.4958e-12	7.6401e-13	7.1308e-12	3.7182e-13	4.1257e-13	2.4958e-13
8571.7	0.01666	0.0013434	6.0349e-06	3.175e-06	8.0786e-06	3.6831e-05	8.6187e-06	3.7348e-05	5.9585e-07	5.6616e-06	9.5597e-07	7.8466e-06	1.2112e-06	6.1803e-06	1.9974e-07	1.1982e-06	2.0208e-07	4.6884e-07	3.136e-07	9.9702e-07	1.5014e-07	4.5442e-07	2.3236e-07	5.2172e-07	3.9836e-07	4.9374e-06	2.881e-08	2.5e-07	3.3575e-09	4.3449e-09	3.2093e-10	6.9124e-10	4.3943e-11	2.5675e-10	4.7893e-11	1.3331e-10	4.3449e-11	1.4319e-10	3.2093e-11	7.8999e-11	1.4319e-11	3.9993e-11	4.6906e-12	1.5306e-11	7.8999e-12	2.2712e-11	7.4061e-12	1.975e-11	4.3449e-12	2.3206e-11	4.8881e-12	2.8143e-11	5.4312e-12	1.3331e-11	3.2093e-12	3.3081e-11	2.9625e-12	8.8874e-12	2.1231e-12	7.8999e-12	9.3811e-13	8.8874e-12	1.5306e-12	6.9124e-12	1.7281e-12	6.9124e-12	2.6168e-12	4.3449e-12	8.8874e-13	4.3943e-12	6.4187e-13	3.9993e-12	3.6043e-13	3.9993e-12	1.3825e-12	5.9249e-12	3.9006e-12	7.4061e-12	1.3825e-12	2.4193e-12	7.4061e-13	6.9124e-12	3.6043e-13	3.9993e-13	2.4193e-13
8690.82	0.016281	0.0012999	5.8421e-06	3.0663e-06	7.7921e-06	3.5637e-05	8.324e-06	3.6159e-05	5.7473e-07	5.478e-06	9.2321e-07	7.5967e-06	1.1712e-06	5.9874e-06	1.9279e-07	1.1601e-06	1.9493e-07	4.528e-07	3.0251e-07	9.647e-07	1.4499e-07	4.3856e-07	2.2438e-07	5.0413e-07	3.8564e-07	4.7859e-06	2.7876e-08	2.4234e-07	3.2544e-09	4.2116e-09	3.1109e-10	6.7003e-10	4.2595e-11	2.4887e-10	4.6424e-11	1.2922e-10	4.2116e-11	1.3879e-10	3.1109e-11	7.6575e-11	1.3879e-11	3.8766e-11	4.5466e-12	1.4836e-11	7.6575e-12	2.2015e-11	7.1789e-12	1.9144e-11	4.2116e-12	2.2494e-11	4.7381e-12	2.728e-11	5.2645e-12	1.2922e-11	3.1109e-12	3.2066e-11	2.8716e-12	8.6147e-12	2.058e-12	7.6575e-12	9.0933e-13	8.6147e-12	1.4836e-12	6.7003e-12	1.6751e-12	6.7003e-12	2.5365e-12	4.2116e-12	8.6147e-13	4.2595e-12	6.2217e-13	3.8766e-12	3.4937e-13	3.8766e-12	1.3401e-12	5.7431e-12	3.7809e-12	7.1789e-12	1.3401e-12	2.3451e-12	7.1789e-13	6.7003e-12	3.4937e-13	3.8766e-13	2.3451e-13
8811.6	0.015878	0.0012576	5.6551e-06	2.9612e-06	7.5153e-06	3.4479e-05	8.0389e-06	3.5007e-05	5.5432e-07	5.3e-06	8.9152e-07	7.3544e-06	1.1324e-06	5.8002e-06	1.8607e-07	1.1232e-06	1.8803e-07	4.3728e-07	2.9179e-07	9.3338e-07	1.4001e-07	4.2322e-07	2.1666e-07	4.871e-07	3.733e-07	4.6388e-06	2.6971e-08	2.349e-07	3.1544e-09	4.0822e-09	3.0152e-10	6.4944e-10	4.1286e-11	2.4122e-10	4.4997e-11	1.2525e-10	4.0822e-11	1.3453e-10	3.0152e-11	7.4221e-11	1.3453e-11	3.7575e-11	4.4069e-12	1.438e-11	7.4221e-12	2.1339e-11	6.9583e-12	1.8555e-11	4.0822e-12	2.1803e-11	4.5924e-12	2.6441e-11	5.1027e-12	1.2525e-11	3.0152e-12	3.108e-11	2.7833e-12	8.3499e-12	1.9947e-12	7.4221e-12	8.8138e-13	8.3499e-12	1.438e-12	6.4944e-12	1.6236e-12	6.4944e-12	2.4586e-12	4.0822e-12	8.3499e-13	4.1286e-12	6.0305e-13	3.7575e-12	3.3863e-13	3.7575e-12	1.2989e-12	5.5666e-12	3.6647e-12	6.9583e-12	1.2989e-12	2.273e-12	6.9583e-13	6.4944e-12	3.3863e-13	3.7575e-13	2.273e-13
8934.06	0.015482	0.0012167	5.4738e-06	2.8595e-06	7.2479e-06	3.3357e-05	7.7631e-06	3.3889e-05	5.346e-07	5.1275e-06	8.6087e-07	7.1195e-06	1.0948e-06	5.6185e-06	1.7958e-07	1.0873e-06	1.8136e-07	4.2227e-07	2.8143e-07	9.0303e-07	1.352e-07	4.084e-07	2.092e-07	4.7063e-07	3.6133e-07	4.496e-06	2.6093e-08	2.2768e-07	3.0573e-09	3.9565e-09	2.9224e-10	6.2944e-10	4.0014e-11	2.3379e-10	4.3611e-11	1.2139e-10	3.9565e-11	1.3038e-10	2.9224e-11	7.1936e-11	1.3038e-11	3.6418e-11	4.2712e-12	1.3938e-11	7.1936e-12	2.0682e-11	6.744e-12	1.7984e-11	3.9565e-12	2.1131e-11	4.451e-12	2.5627e-11	4.9456e-12	1.2139e-11	2.9224e-12	3.0123e-11	2.6976e-12	8.0928e-12	1.9333e-12	7.1936e-12	8.5424e-13	8.0928e-12	1.3938e-12	6.2944e-12	1.5736e-12	6.2944e-12	2.3829e-12	3.9565e-12	8.0928e-13	4.0014e-12	5.8448e-13	3.6418e-12	3.2821e-13	3.6418e-12	1.2589e-12	5.3952e-12	3.5518e-12	6.744e-12	1.2589e-12	2.203e-12	6.744e-13	6.2944e-12	3.2821e-13	3.6418e-13	2.203e-13
9058.22	0.015127	0.001177	5.298e-06	2.7611e-06	6.9895e-06	3.227e-05	7.4964e-06	3.2805e-05	5.1556e-07	4.9603e-06	8.3122e-07	6.8916e-06	1.0584e-06	5.4422e-06	1.733e-07	1.0526e-06	1.7491e-07	4.0775e-07	2.7143e-07	8.7361e-07	1.3054e-07	3.9408e-07	2.0198e-07	4.5468e-07	3.4973e-07	4.3573e-06	2.5242e-08	2.2067e-07	2.963e-09	3.8344e-09	2.8323e-10	6.1003e-10	3.878e-11	2.2658e-10	4.2266e-11	1.1765e-10	3.8344e-11	1.2636e-10	2.8323e-11	6.9717e-11	1.2636e-11	3.5294e-11	4.1395e-12	1.3508e-11	6.9717e-12	2.0044e-11	6.536e-12	1.7429e-11	3.8344e-12	2.0479e-11	4.3137e-12	2.4837e-11	4.7931e-12	1.1765e-11	2.8323e-12	2.9194e-11	2.6144e-12	7.8432e-12	1.8736e-12	6.9717e-12	8.2789e-13	7.8432e-12	1.3508e-12	6.1003e-12	1.5251e-12	6.1003e-12	2.3094e-12	3.8344e-12	7.8432e-13	3.878e-12	5.6645e-13	3.5294e-12	3.1808e-13	3.5294e-12	1.2201e-12	5.2288e-12	3.4423e-12	6.536e-12	1.2201e-12	2.1351e-12	6.536e-13	6.1003e-12	3.1808e-13	3.5294e-13	2.1351e-13
9184.11	0.014794	0.0011386	5.1276e-06	2.6659e-06	6.74e-06	3.1217e-05	7.2383e-06	3.1753e-05	4.9716e-07	4.7983e-06	8.0254e-07	6.6706e-06	1.0232e-06	5.2711e-06	1.6723e-07	1.0189e-06	1.6868e-07	3.937e-07	2.6176e-07	8.4509e-07	1.2603e-07	3.8023e-07	1.9499e-07	4.3924e-07	3.3849e-07	4.2227e-06	2.4418e-08	2.1386e-07	2.8714e-09	3.716e-09	2.7447e-10	5.9118e-10	3.7582e-11	2.1958e-10	4.096e-11	1.1401e-10	3.716e-11	1.2246e-10	2.7447e-11	6.7563e-11	1.2246e-11	3.4204e-11	4.0116e-12	1.309e-11	6.7563e-12	1.9424e-11	6.334e-12	1.6891e-11	3.716e-12	1.9847e-11	4.1805e-12	2.4069e-11	4.645e-12	1.1401e-11	2.7447e-12	2.8292e-11	2.5336e-12	7.6008e-12	1.8158e-12	6.7563e-12	8.0231e-13	7.6008e-12	1.309e-12	5.9118e-12	1.4779e-12	5.9118e-12	2.238e-12	3.716e-12	7.6008e-13	3.7582e-12	5.4895e-13	3.4204e-12	3.0826e-13	3.4204e-12	1.1824e-12	5.0672e-12	3.3359e-12	6.334e-12	1.1824e-12	2.0691e-12	6.334e-13	5.9118e-12	3.0826e-13	3.4204e-13	2.0691e-13
9311.74	0.014442	0.0011014	4.9624e-06	2.5738e-06	6.4989e-06	3.0196e-05	6.9887e-06	3.0734e-05	4.7938e-07	4.6414e-06	7.748e-07	6.4564e-06	9.8906e-07	5.1051e-06	1.6136e-07	9.8624e-07	1.6267e-07	3.8011e-07	2.5242e-07	8.1747e-07	1.2168e-07	3.6685e-07	1.8824e-07	4.2431e-07	3.2758e-07	4.092e-06	2.3619e-08	2.0725e-07	2.7826e-09	3.601e-09	2.6598e-10	5.7288e-10	3.6419e-11	2.1278e-10	3.9692e-11	1.1048e-10	3.601e-11	1.1867e-10	2.6598e-11	6.5472e-11	1.1867e-11	3.3145e-11	3.8874e-12	1.2685e-11	6.5472e-12	1.8823e-11	6.138e-12	1.6368e-11	3.601e-12	1.9232e-11	4.0511e-12	2.3324e-11	4.5012e-12	1.1048e-11	2.6598e-12	2.7416e-11	2.4552e-12	7.3656e-12	1.7596e-12	6.5472e-12	7.7748e-13	7.3656e-12	1.2685e-12	5.7288e-12	1.4322e-12	5.7288e-12	2.1688e-12	3.601e-12	7.3656e-13	3.6419e-12	5.3196e-13	3.3145e-12	2.9872e-13	3.3145e-12	1.1458e-12	4.9104e-12	3.2327e-12	6.138e-12	1.1458e-12	2.0051e-12	6.138e-13	5.7288e-12	2.9872e-13	3.3145e-13	2.0051e-13
9441.15	0.014124	0.0010653	4.8022e-06	2.4848e-06	6.2661e-06	2.9207e-05	6.7473e-06	2.9746e-05	4.6222e-07	4.4893e-06	7.4798e-07	6.2487e-06	9.5602e-07	4.9441e-06	1.5569e-07	9.5457e-07	1.5686e-07	3.6697e-07	2.434e-07	7.907e-07	1.1747e-07	3.5392e-07	1.8171e-07	4.0986e-07	3.1702e-07	3.9651e-06	2.2845e-08	2.0083e-07	2.6963e-09	3.4893e-09	2.5773e-10	5.5512e-10	3.529e-11	2.0619e-10	3.8462e-11	1.0706e-10	3.4893e-11	1.1499e-10	2.5773e-11	6.3442e-11	1.1499e-11	3.2118e-11	3.7669e-12	1.2292e-11	6.3442e-12	1.824e-11	5.9477e-12	1.5861e-11	3.4893e-12	1.8636e-11	3.9255e-12	2.2601e-11	4.3617e-12	1.0706e-11	2.5773e-12	2.6566e-11	2.3791e-12	7.1373e-12	1.705e-12	6.3442e-12	7.5338e-13	7.1373e-12	1.2292e-12	5.5512e-12	1.3878e-12	5.5512e-12	2.1015e-12	3.4893e-12	7.1373e-13	3.529e-12	5.1547e-13	3.2118e-12	2.8946e-13	3.2118e-12	1.1102e-12	4.7582e-12	3.1325e-12	5.9477e-12	1.1102e-12	1.9429e-12	5.9477e-13	5.5512e-12	2.8946e-13	3.2118e-13	1.9429e-13
9572.36	0.013809	0.0010303	4.647e-06	2.3987e-06	6.0413e-06	2.8249e-05	6.5138e-06	2.8788e-05	4.4564e-07	4.3419e-06	7.2205e-07	6.0474e-06	9.2404e-07	4.7879e-06	1.502e-07	9.2386e-07	1.5124e-07	3.5426e-07	2.3469e-07	7.6476e-07	1.1339e-07	3.4142e-07	1.754e-07	3.9588e-07	3.0677e-07	3.842e-06	2.2095e-08	1.946e-07	2.6126e-09	3.381e-09	2.4973e-10	5.3788e-10	3.4194e-11	1.9978e-10	3.7268e-11	1.0373e-10	3.381e-11	1.1142e-10	2.4973e-11	6.1472e-11	1.1142e-11	3.112e-11	3.6499e-12	1.191e-11	6.1472e-12	1.7673e-11	5.763e-12	1.5368e-11	3.381e-12	1.8057e-11	3.8036e-12	2.1899e-11	4.2262e-12	1.0373e-11	2.4973e-12	2.5741e-11	2.3052e-12	6.9156e-12	1.6521e-12	6.1472e-12	7.2998e-13	6.9156e-12	1.191e-12	5.3788e-12	1.3447e-12	5.3788e-12	2.0363e-12	3.381e-12	6.9156e-13	3.4194e-12	4.9946e-13	3.112e-12	2.8047e-13	3.112e-12	1.0758e-12	4.6104e-12	3.0352e-12	5.763e-12	1.0758e-12	1.8826e-12	5.763e-13	5.3788e-12	2.8047e-13	3.112e-13	1.8826e-13
9705.39	0.013516	0.00099643	4.4965e-06	2.3155e-06	5.8242e-06	2.732e-05	6.2881e-06	2.7859e-05	4.2963e-07	4.1992e-06	6.9698e-07	5.8522e-06	8.9307e-07	4.6364e-06	1.4491e-07	8.9409e-07	1.4582e-07	3.4197e-07	2.2628e-07	7.3964e-07	1.0945e-07	3.2935e-07	1.6929e-07	3.8236e-07	2.9684e-07	3.7225e-06	2.1369e-08	1.8855e-07	2.5313e-09	3.2758e-09	2.4196e-10	5.2115e-10	3.313e-11	1.9357e-10	3.6108e-11	1.0051e-10	3.2758e-11	1.0795e-10	2.4196e-11	5.956e-11	1.0795e-11	3.0152e-11	3.5364e-12	1.154e-11	5.956e-12	1.7124e-11	5.5838e-12	1.489e-11	3.2758e-12	1.7496e-11	3.6853e-12	2.1218e-11	4.0948e-12	1.0051e-11	2.4196e-12	2.4941e-11	2.2335e-12	6.7005e-12	1.6007e-12	5.956e-12	7.0728e-13	6.7005e-12	1.154e-12	5.2115e-12	1.3029e-12	5.2115e-12	1.9729e-12	3.2758e-12	6.7005e-13	3.313e-12	4.8393e-13	3.0152e-12	2.7174e-13	3.0152e-12	1.0423e-12	4.467e-12	2.9408e-12	5.5838e-12	1.0423e-12	1.824e-12	5.5838e-13	5.2115e-12	2.7174e-13	3.0152e-13	1.824e-13
9840.27	0.013252	0.00096362	4.3507e-06	2.235e-06	5.6145e-06	2.6421e-05	6.0698e-06	2.6959e-05	4.1418e-07	4.0609e-06	6.7274e-07	5.663e-06	8.631e-07	4.4894e-06	1.3979e-07	8.6524e-07	1.4059e-07	3.3009e-07	2.1815e-07	7.153e-07	1.0565e-07	3.1768e-07	1.6339e-07	3.6927e-07	2.8722e-07	3.6065e-06	2.0665e-08	1.8269e-07	2.4524e-09	3.1738e-09	2.3443e-10	5.0492e-10	3.2098e-11	1.8754e-10	3.4983e-11	9.7377e-11	3.1738e-11	1.0459e-10	2.3443e-11	5.7705e-11	1.0459e-11	2.9213e-11	3.4262e-12	1.118e-11	5.7705e-12	1.659e-11	5.4098e-12	1.4426e-11	3.1738e-12	1.6951e-11	3.5705e-12	2.0557e-11	3.9672e-12	9.7377e-12	2.3443e-12	2.4164e-11	2.1639e-12	6.4918e-12	1.5508e-12	5.7705e-12	6.8524e-13	6.4918e-12	1.118e-12	5.0492e-12	1.2623e-12	5.0492e-12	1.9115e-12	3.1738e-12	6.4918e-13	3.2098e-12	4.6885e-13	2.9213e-12	2.6328e-13	2.9213e-12	1.0098e-12	4.3279e-12	2.8492e-12	5.4098e-12	1.0098e-12	1.7672e-12	5.4098e-13	5.0492e-12	2.6328e-13	2.9213e-13	1.7672e-13
9977.02	0.013028	0.00093185	4.2094e-06	2.1572e-06	5.4121e-06	2.555e-05	5.8588e-06	2.6086e-05	3.9925e-07	3.927e-06	6.493e-07	5.4797e-06	8.3408e-07	4.3469e-06	1.3484e-07	8.3727e-07	1.3553e-07	3.1861e-07	2.1031e-07	6.9172e-07	1.0196e-07	3.0641e-07	1.5769e-07	3.5662e-07	2.7789e-07	3.494e-06	1.9984e-08	1.7699e-07	2.3759e-09	3.0747e-09	2.2711e-10	4.8916e-10	3.1097e-11	1.8169e-10	3.3892e-11	9.4338e-11	3.0747e-11	1.0133e-10	2.2711e-11	5.5904e-11	1.0133e-11	2.8301e-11	3.3193e-12	1.0831e-11	5.5904e-12	1.6072e-11	5.241e-12	1.3976e-11	3.0747e-12	1.6422e-11	3.4591e-12	1.9916e-11	3.8434e-12	9.4338e-12	2.2711e-12	2.341e-11	2.0964e-12	6.2892e-12	1.5024e-12	5.5904e-12	6.6386e-13	6.2892e-12	1.0831e-12	4.8916e-12	1.2229e-12	4.8916e-12	1.8518e-12	3.0747e-12	6.2892e-13	3.1097e-12	4.5422e-13	2.8301e-12	2.5506e-13	2.8301e-12	9.7832e-13	4.1928e-12	2.7603e-12	5.241e-12	9.7832e-13	1.7121e-12	5.241e-13	4.8916e-12	2.5506e-13	2.8301e-13	1.7121e-13
10115.7	0.012805	0.00090107	4.0725e-06	2.082e-06	5.2167e-06	2.4706e-05	5.6548e-06	2.5241e-05	3.8484e-07	3.7973e-06	6.2665e-07	5.302e-06	8.06e-07	4.2087e-06	1.3006e-07	8.1016e-07	1.3065e-07	3.075e-07	2.0273e-07	6.6889e-07	9.8406e-08	2.9553e-07	1.5218e-07	3.4438e-07	2.6886e-07	3.3848e-06	1.9323e-08	1.7147e-07	2.3017e-09	2.9786e-09	2.2001e-10	4.7387e-10	3.0125e-11	1.7601e-10	3.2833e-11	9.139e-11	2.9786e-11	9.8159e-11	2.2001e-11	5.4157e-11	9.816e-12	2.7417e-11	3.2156e-12	1.0493e-11	5.4157e-12	1.557e-11	5.0772e-12	1.3539e-11	2.9786e-12	1.5909e-11	3.351e-12	1.9293e-11	3.7233e-12	9.139e-12	2.2001e-12	2.2678e-11	2.0309e-12	6.0927e-12	1.4555e-12	5.4157e-12	6.4311e-13	6.0927e-12	1.0493e-12	4.7387e-12	1.1847e-12	4.7387e-12	1.7939e-12	2.9786e-12	6.0927e-13	3.0125e-12	4.4003e-13	2.7417e-12	2.4709e-13	2.7417e-12	9.4775e-13	4.0618e-12	2.674e-12	5.0772e-12	9.4775e-13	1.6586e-12	5.0772e-13	4.7387e-12	2.4709e-13	2.7417e-13	1.6586e-13
10256.3	0.012561	0.00087126	3.9398e-06	2.0093e-06	5.0281e-06	2.3889e-05	5.4576e-06	2.4421e-05	3.7093e-07	3.6716e-06	6.0475e-07	5.1298e-06	7.7882e-07	4.0746e-06	1.2545e-07	7.8389e-07	1.2594e-07	2.9677e-07	1.9542e-07	6.4677e-07	9.4967e-08	2.8501e-07	1.4685e-07	3.3254e-07	2.601e-07	3.2789e-06	1.8684e-08	1.6611e-07	2.2296e-09	2.8854e-09	2.1313e-10	4.5904e-10	2.9182e-11	1.705e-10	3.1805e-11	8.8529e-11	2.8854e-11	9.5087e-11	2.1313e-11	5.2462e-11	9.5087e-12	2.6559e-11	3.1149e-12	1.0164e-11	5.2462e-12	1.5083e-11	4.9183e-12	1.3115e-11	2.8854e-12	1.5411e-11	3.2461e-12	1.869e-11	3.6067e-12	8.8529e-12	2.1313e-12	2.1968e-11	1.9673e-12	5.902e-12	1.4099e-12	5.2462e-12	6.2298e-13	5.902e-12	1.0164e-12	4.5904e-12	1.1476e-12	4.5904e-12	1.7378e-12	2.8854e-12	5.902e-13	2.9182e-12	4.2625e-13	2.6559e-12	2.3936e-13	2.6559e-12	9.1808e-13	3.9346e-12	2.5903e-12	4.9183e-12	9.1808e-13	1.6066e-12	4.9183e-13	4.5904e-12	2.3936e-13	2.6559e-13	1.6066e-13
10398.8	0.012321	0.00084239	3.8112e-06	1.939e-06	4.846e-06	2.3098e-05	5.267e-06	2.3627e-05	3.575e-07	3.55e-06	5.8359e-07	4.9629e-06	7.5252e-07	3.9446e-06	1.2099e-07	7.5842e-07	1.2139e-07	2.8639e-07	1.8835e-07	6.2535e-07	9.1643e-08	2.7485e-07	1.417e-07	3.211e-07	2.5162e-07	3.1761e-06	1.8065e-08	1.609e-07	2.1597e-09	2.7949e-09	2.0644e-10	4.4465e-10	2.8267e-11	1.6516e-10	3.0808e-11	8.5754e-11	2.7949e-11	9.2106e-11	2.0644e-11	5.0817e-11	9.2106e-12	2.5726e-11	3.0173e-12	9.8458e-12	5.0817e-12	1.461e-11	4.7641e-12	1.2704e-11	2.7949e-12	1.4928e-11	3.1443e-12	1.8104e-11	3.4937e-12	8.5754e-12	2.0644e-12	2.128e-11	1.9056e-12	5.7169e-12	1.3657e-12	5.0817e-12	6.0345e-13	5.7169e-12	9.8458e-13	4.4465e-12	1.1116e-12	4.4465e-12	1.6833e-12	2.7949e-12	5.7169e-13	2.8267e-12	4.1289e-13	2.5726e-12	2.3185e-13	2.5726e-12	8.893e-13	3.8113e-12	2.5091e-12	4.7641e-12	8.893e-13	1.5563e-12	4.7641e-13	4.4465e-12	2.3185e-13	2.5726e-13	1.5563e-13
10543.3	0.012084	0.00081444	3.6867e-06	1.8711e-06	4.6702e-06	2.2332e-05	5.0828e-06	2.2858e-05	3.4454e-07	3.4322e-06	5.6314e-07	4.8012e-06	7.2706e-07	3.8186e-06	1.1668e-07	7.3375e-07	1.17e-07	2.7636e-07	1.8154e-07	6.0461e-07	8.843e-08	2.6505e-07	1.3672e-07	3.1003e-07	2.434e-07	3.0764e-06	1.7465e-08	1.5586e-07	2.0919e-09	2.7072e-09	1.9996e-10	4.3069e-10	2.738e-11	1.5997e-10	2.9841e-11	8.3062e-11	2.7072e-11	8.9214e-11	1.9996e-11	4.9222e-11	8.9214e-12	2.4918e-11	2.9225e-12	9.5367e-12	4.9222e-12	1.4151e-11	4.6145e-12	1.2305e-11	2.7072e-12	1.4459e-11	3.0456e-12	1.7535e-11	3.384e-12	8.3062e-12	1.9996e-12	2.0612e-11	1.8458e-12	5.5374e-12	1.3228e-12	4.9222e-12	5.8451e-13	5.5374e-12	9.5367e-13	4.3069e-12	1.0767e-12	4.3069e-12	1.6305e-12	2.7072e-12	5.5374e-13	2.738e-12	3.9993e-13	2.4918e-12	2.2457e-13	2.4918e-12	8.6138e-13	3.6916e-12	2.4303e-12	4.6145e-12	8.6138e-13	1.5074e-12	4.6145e-13	4.3069e-12	2.2457e-13	2.4918e-13	1.5074e-13
10689.8	0.011849	0.00078738	3.5661e-06	1.8054e-06	4.5006e-06	2.159e-05	4.9047e-06	2.2113e-05	3.3203e-07	3.3181e-06	5.4338e-07	4.6446e-06	7.0244e-07	3.6965e-06	1.1252e-07	7.0985e-07	1.1276e-07	2.6667e-07	1.7496e-07	5.8453e-07	8.5326e-08	2.5557e-07	1.3192e-07	2.9932e-07	2.3544e-07	2.9796e-06	1.6885e-08	1.5096e-07	2.0261e-09	2.6221e-09	1.9368e-10	4.1715e-10	2.6519e-11	1.5494e-10	2.8902e-11	8.045e-11	2.6221e-11	8.6409e-11	1.9368e-11	4.7674e-11	8.6409e-12	2.4135e-11	2.8306e-12	9.2368e-12	4.7674e-12	1.3706e-11	4.4694e-12	1.1918e-11	2.6221e-12	1.4004e-11	2.9498e-12	1.6984e-11	3.2776e-12	8.045e-12	1.9368e-12	1.9963e-11	1.7878e-12	5.3633e-12	1.2812e-12	4.7674e-12	5.6613e-13	5.3633e-12	9.2368e-13	4.1715e-12	1.0429e-12	4.1715e-12	1.5792e-12	2.6221e-12	5.3633e-13	2.6519e-12	3.8735e-13	2.4135e-12	2.1751e-13	2.4135e-12	8.3429e-13	3.5755e-12	2.3539e-12	4.4694e-12	8.3429e-13	1.46e-12	4.4694e-13	4.1715e-12	2.1751e-13	2.4135e-13	1.46e-13
10838.4	0.011613	0.00076118	3.4492e-06	1.742e-06	4.3369e-06	2.0871e-05	4.7326e-06	2.139e-05	3.1996e-07	3.2077e-06	5.2428e-07	4.4928e-06	6.7861e-07	3.578e-06	1.085e-07	6.8668e-07	1.0866e-07	2.5731e-07	1.6861e-07	5.6509e-07	8.2326e-08	2.4643e-07	1.2727e-07	2.8897e-07	2.2772e-07	2.8858e-06	1.6323e-08	1.4621e-07	1.9623e-09	2.5395e-09	1.8758e-10	4.0401e-10	2.5684e-11	1.5006e-10	2.7992e-11	7.7916e-11	2.5395e-11	8.3688e-11	1.8758e-11	4.6173e-11	8.3688e-12	2.3375e-11	2.7415e-12	8.946e-12	4.6173e-12	1.3275e-11	4.3287e-12	1.1543e-11	2.5395e-12	1.3563e-11	2.8569e-12	1.6449e-11	3.1744e-12	7.7916e-12	1.8758e-12	1.9335e-11	1.7315e-12	5.1944e-12	1.2409e-12	4.6173e-12	5.483e-13	5.1944e-12	8.946e-13	4.0401e-12	1.01e-12	4.0401e-12	1.5295e-12	2.5395e-12	5.1944e-13	2.5684e-12	3.7515e-13	2.3375e-12	2.1066e-13	2.3375e-12	8.0802e-13	3.463e-12	2.2798e-12	4.3287e-12	8.0802e-13	1.414e-12	4.3287e-13	4.0401e-12	2.1066e-13	2.3375e-13	1.414e-13
10989	0.011377	0.00073581	3.336e-06	1.6807e-06	4.1789e-06	2.0176e-05	4.5663e-06	2.0691e-05	3.0831e-07	3.1008e-06	5.0582e-07	4.3458e-06	6.5556e-07	3.4632e-06	1.0462e-07	6.6424e-07	1.0471e-07	2.4826e-07	1.6248e-07	5.4627e-07	7.9428e-08	2.3759e-07	1.2278e-07	2.7897e-07	2.2025e-07	2.7948e-06	1.5778e-08	1.4161e-07	1.9005e-09	2.4594e-09	1.8166e-10	3.9127e-10	2.4874e-11	1.4533e-10	2.7109e-11	7.5459e-11	2.4594e-11	8.1049e-11	1.8166e-11	4.4717e-11	8.1049e-12	2.2638e-11	2.655e-12	8.6638e-12	4.4717e-12	1.2856e-11	4.1922e-12	1.1179e-11	2.4594e-12	1.3136e-11	2.7668e-12	1.593e-11	3.0743e-12	7.5459e-12	1.8166e-12	1.8725e-11	1.6769e-12	5.0306e-12	1.2018e-12	4.4717e-12	5.3101e-13	5.0306e-12	8.6638e-13	3.9127e-12	9.7818e-13	3.9127e-12	1.4812e-12	2.4594e-12	5.0306e-13	2.4874e-12	3.6332e-13	2.2638e-12	2.0402e-13	2.2638e-12	7.8254e-13	3.3537e-12	2.2079e-12	4.1922e-12	7.8254e-13	1.3694e-12	4.1922e-13	3.9127e-12	2.0402e-13	2.2638e-13	1.3694e-13
11141.7	0.011148	0.00071125	3.2264e-06	1.6215e-06	4.0265e-06	1.9503e-05	4.4057e-06	2.0013e-05	2.9707e-07	2.9973e-06	4.88e-07	4.2034e-06	6.3326e-07	3.3519e-06	1.0088e-07	6.4251e-07	1.009e-07	2.3951e-07	1.5656e-07	5.2804e-07	7.6627e-08	2.2907e-07	1.1845e-07	2.693e-07	2.1302e-07	2.7065e-06	1.5251e-08	1.3714e-07	1.8404e-09	2.3817e-09	1.7592e-10	3.7891e-10	2.4088e-11	1.4074e-10	2.6253e-11	7.3076e-11	2.3817e-11	7.8489e-11	1.7592e-11	4.3304e-11	7.8489e-12	2.1923e-11	2.5712e-12	8.3902e-12	4.3304e-12	1.245e-11	4.0598e-12	1.0826e-11	2.3817e-12	1.2721e-11	2.6795e-12	1.5427e-11	2.9772e-12	7.3076e-12	1.7592e-12	1.8134e-11	1.6239e-12	4.8717e-12	1.1638e-12	4.3304e-12	5.1424e-13	4.8717e-12	8.3902e-13	3.7891e-12	9.4728e-13	3.7891e-12	1.4345e-12	2.3817e-12	4.8717e-13	2.4088e-12	3.5185e-13	2.1923e-12	1.9758e-13	2.1923e-12	7.5783e-13	3.2478e-12	2.1382e-12	4.0598e-12	7.5783e-13	1.3262e-12	4.0598e-13	3.7891e-12	1.9758e-13	2.1923e-13	1.3262e-13
11296.6	0.010922	0.00068748	3.1202e-06	1.5643e-06	3.8794e-06	1.8851e-05	4.2504e-06	1.9356e-05	2.8622e-07	2.8971e-06	4.7077e-07	4.0654e-06	6.1168e-07	3.244e-06	9.7261e-08	6.2145e-07	9.7225e-08	2.3106e-07	1.5086e-07	5.104e-07	7.3922e-08	2.2083e-07	1.1426e-07	2.5995e-07	2.0601e-07	2.6209e-06	1.4741e-08	1.3281e-07	1.7822e-09	2.3064e-09	1.7036e-10	3.6693e-10	2.3326e-11	1.3629e-10	2.5423e-11	7.0765e-11	2.3064e-11	7.6007e-11	1.7036e-11	4.1935e-11	7.6007e-12	2.1229e-11	2.4899e-12	8.1249e-12	4.1935e-12	1.2056e-11	3.9314e-12	1.0484e-11	2.3064e-12	1.2318e-11	2.5947e-12	1.4939e-11	2.883e-12	7.0765e-12	1.7036e-12	1.756e-11	1.5726e-12	4.7177e-12	1.127e-12	4.1935e-12	4.9798e-13	4.7177e-12	8.1249e-13	3.6693e-12	9.1732e-13	3.6693e-12	1.3891e-12	2.3064e-12	4.7177e-13	2.3326e-12	3.4072e-13	2.1229e-12	1.9133e-13	2.1229e-12	7.3386e-13	3.1451e-12	2.0705e-12	3.9314e-12	7.3386e-13	1.2843e-12	3.9314e-13	3.6693e-12	1.9133e-13	2.1229e-13	1.2843e-13
11453.6	0.010696	0.00066447	3.0173e-06	1.509e-06	3.7375e-06	1.822e-05	4.1005e-06	1.8721e-05	2.7576e-07	2.8001e-06	4.5413e-07	3.9319e-06	5.9082e-07	3.1395e-06	9.3768e-08	6.0105e-07	9.3676e-08	2.229e-07	1.4535e-07	4.9333e-07	7.1308e-08	2.1289e-07	1.1021e-07	2.5091e-07	1.9922e-07	2.5379e-06	1.4248e-08	1.286e-07	1.7258e-09	2.2334e-09	1.6496e-10	3.5531e-10	2.2587e-11	1.3197e-10	2.4618e-11	6.8524e-11	2.2334e-11	7.36e-11	1.6496e-11	4.0607e-11	7.36e-12	2.0557e-11	2.411e-12	7.8675e-12	4.0607e-12	1.1674e-11	3.8069e-12	1.0152e-11	2.2334e-12	1.1928e-11	2.5125e-12	1.4466e-11	2.7917e-12	6.8524e-12	1.6496e-12	1.7004e-11	1.5227e-12	4.5682e-12	1.0913e-12	4.0607e-12	4.822e-13	4.5682e-12	7.8675e-13	3.5531e-12	8.8827e-13	3.5531e-12	1.3451e-12	2.2334e-12	4.5682e-13	2.2587e-12	3.2993e-13	2.0557e-12	1.8527e-13	2.0557e-12	7.1062e-13	3.0455e-12	2.005e-12	3.8069e-12	7.1062e-13	1.2436e-12	3.8069e-13	3.5531e-12	1.8527e-13	2.0557e-13	1.2436e-13
11612.7	0.010457	0.0006422	2.9178e-06	1.4556e-06	3.6006e-06	1.761e-05	3.9556e-06	1.8105e-05	2.6566e-07	2.7063e-06	4.3806e-07	3.8025e-06	5.7063e-07	3.0382e-06	9.0397e-08	5.813e-07	9.0251e-08	2.1502e-07	1.4004e-07	4.768e-07	6.8784e-08	2.0522e-07	1.0631e-07	2.4217e-07	1.9265e-07	2.4574e-06	1.377e-08	1.2453e-07	1.671e-09	2.1625e-09	1.5973e-10	3.4404e-10	2.1871e-11	1.2779e-10	2.3837e-11	6.635e-11	2.1625e-11	7.1265e-11	1.5973e-11	3.9319e-11	7.1265e-12	1.9905e-11	2.3346e-12	7.618e-12	3.9319e-12	1.1304e-11	3.6861e-12	9.8297e-12	2.1625e-12	1.155e-11	2.4329e-12	1.4007e-11	2.7032e-12	6.635e-12	1.5973e-12	1.6465e-11	1.4745e-12	4.4234e-12	1.0567e-12	3.9319e-12	4.6691e-13	4.4234e-12	7.618e-13	3.4404e-12	8.601e-13	3.4404e-12	1.3024e-12	2.1625e-12	4.4234e-13	2.1871e-12	3.1947e-13	1.9905e-12	1.7939e-13	1.9905e-12	6.8808e-13	2.9489e-12	1.9414e-12	3.6861e-12	6.8808e-13	1.2041e-12	3.6861e-13	3.4404e-12	1.7939e-13	1.9905e-13	1.2041e-13
11774.1	0.010227	0.00062065	2.8213e-06	1.404e-06	3.4685e-06	1.7019e-05	3.8156e-06	1.7508e-05	2.5592e-07	2.6154e-06	4.2253e-07	3.6772e-06	5.5111e-07	2.94e-06	8.7142e-08	5.6217e-07	8.6948e-08	2.074e-07	1.3491e-07	4.608e-07	6.6346e-08	1.9781e-07	1.0253e-07	2.3373e-07	1.8629e-07	2.3794e-06	1.3308e-08	1.2058e-07	1.618e-09	2.0939e-09	1.5466e-10	3.3311e-10	2.1176e-11	1.2373e-10	2.308e-11	6.4243e-11	2.0939e-11	6.9002e-11	1.5466e-11	3.807e-11	6.9002e-12	1.9273e-11	2.2604e-12	7.3761e-12	3.807e-12	1.0945e-11	3.5691e-12	9.5175e-12	2.0939e-12	1.1183e-11	2.3556e-12	1.3562e-11	2.6173e-12	6.4243e-12	1.5466e-12	1.5942e-11	1.4276e-12	4.2829e-12	1.0231e-12	3.807e-12	4.5208e-13	4.2829e-12	7.3761e-13	3.3311e-12	8.3278e-13	3.3311e-12	1.2611e-12	2.0939e-12	4.2829e-13	2.1176e-12	3.0932e-13	1.9273e-12	1.7369e-13	1.9273e-12	6.6623e-13	2.8553e-12	1.8797e-12	3.5691e-12	6.6623e-13	1.1659e-12	3.5691e-13	3.3311e-12	1.7369e-13	1.9273e-13	1.1659e-13
11937.8	0.0099985	0.00059979	2.728e-06	1.3542e-06	3.3411e-06	1.6447e-05	3.6804e-06	1.6931e-05	2.4653e-07	2.5275e-06	4.0754e-07	3.5558e-06	5.3224e-07	2.8448e-06	8.4e-08	5.4364e-07	8.3761e-08	2.0005e-07	1.2996e-07	4.4532e-07	6.399e-08	1.9066e-07	9.8888e-08	2.2557e-07	1.8013e-07	2.3037e-06	1.286e-08	1.1675e-07	1.5665e-09	2.0273e-09	1.4974e-10	3.2252e-10	2.0503e-11	1.1979e-10	2.2346e-11	6.22e-11	2.0273e-11	6.6808e-11	1.4974e-11	3.6859e-11	6.6808e-12	1.866e-11	2.1885e-12	7.1415e-12	3.6859e-12	1.0597e-11	3.4556e-12	9.2148e-12	2.0273e-12	1.0827e-11	2.2807e-12	1.3131e-11	2.5341e-12	6.22e-12	1.4974e-12	1.5435e-11	1.3822e-12	4.1467e-12	9.906e-13	3.6859e-12	4.3771e-13	4.1467e-12	7.1415e-13	3.2252e-12	8.063e-13	3.2252e-12	1.221e-12	2.0273e-12	4.1467e-13	2.0503e-12	2.9948e-13	1.866e-12	1.6817e-13	1.866e-12	6.4504e-13	2.7645e-12	1.8199e-12	3.4556e-12	6.4504e-13	1.1288e-12	3.4556e-13	3.2252e-12	1.6817e-13	1.866e-13	1.1288e-13
12103.7	0.0097571	0.0005796	2.6376e-06	1.3061e-06	3.2183e-06	1.5894e-05	3.5498e-06	1.6372e-05	2.3747e-07	2.4425e-06	3.9306e-07	3.4383e-06	5.1398e-07	2.7526e-06	8.0967e-08	5.257e-07	8.0687e-08	1.9294e-07	1.2519e-07	4.3034e-07	6.1716e-08	1.8377e-07	9.5368e-08	2.1769e-07	1.7416e-07	2.2303e-06	1.2427e-08	1.1303e-07	1.5166e-09	1.9627e-09	1.4497e-10	3.1225e-10	1.985e-11	1.1598e-10	2.1634e-11	6.0219e-11	1.9627e-11	6.468e-11	1.4497e-11	3.5686e-11	6.468e-12	1.8066e-11	2.1188e-12	6.9141e-12	3.5686e-12	1.026e-11	3.3455e-12	8.9214e-12	1.9627e-12	1.0483e-11	2.208e-12	1.2713e-11	2.4534e-12	6.0219e-12	1.4497e-12	1.4943e-11	1.3382e-12	4.0146e-12	9.5905e-13	3.5686e-12	4.2377e-13	4.0146e-12	6.9141e-13	3.1225e-12	7.8062e-13	3.1225e-12	1.1821e-12	1.9627e-12	4.0146e-13	1.985e-12	2.8995e-13	1.8066e-12	1.6282e-13	1.8066e-12	6.245e-13	2.6764e-12	1.762e-12	3.3455e-12	6.245e-13	1.0929e-12	3.3455e-13	3.1225e-12	1.6282e-13	1.8066e-13	1.0929e-13
12271.9	0.0095117	0.00056007	2.5501e-06	1.2596e-06	3.0998e-06	1.5358e-05	3.4237e-06	1.583e-05	2.2873e-07	2.3602e-06	3.7907e-07	3.3246e-06	4.9633e-07	2.6633e-06	7.804e-08	5.0832e-07	7.7721e-08	1.8608e-07	1.2059e-07	4.1585e-07	5.952e-08	1.7711e-07	9.197e-08	2.1007e-07	1.6839e-07	2.1592e-06	1.2008e-08	1.0943e-07	1.4683e-09	1.9001e-09	1.4035e-10	3.0229e-10	1.9217e-11	1.1228e-10	2.0945e-11	5.8299e-11	1.9001e-11	6.2618e-11	1.4035e-11	3.4548e-11	6.2618e-12	1.749e-11	2.0513e-12	6.6936e-12	3.4548e-12	9.9325e-12	3.2388e-12	8.6369e-12	1.9001e-12	1.0148e-11	2.1376e-12	1.2308e-11	2.3752e-12	5.8299e-12	1.4035e-12	1.4467e-11	1.2955e-12	3.8866e-12	9.2847e-13	3.4548e-12	4.1025e-13	3.8866e-12	6.6936e-13	3.0229e-12	7.5573e-13	3.0229e-12	1.1444e-12	1.9001e-12	3.8866e-13	1.9217e-12	2.807e-13	1.749e-12	1.5762e-13	1.749e-12	6.0458e-13	2.5911e-12	1.7058e-12	3.2388e-12	6.0458e-13	1.058e-12	3.2388e-13	3.0229e-12	1.5762e-13	1.749e-13	1.058e-13
12442.4	0.0092638	0.00054118	2.4644e-06	1.2147e-06	2.9855e-06	1.484e-05	3.302e-06	1.5306e-05	2.203e-07	2.2805e-06	3.6557e-07	3.2144e-06	4.7927e-07	2.5768e-06	7.5215e-08	4.915e-07	7.4861e-08	1.7945e-07	1.1615e-07	4.0182e-07	5.7399e-08	1.7068e-07	8.8688e-08	2.0271e-07	1.628e-07	2.0903e-06	1.1603e-08	1.0594e-07	1.4214e-09	1.8395e-09	1.3587e-10	2.9264e-10	1.8604e-11	1.087e-10	2.0276e-11	5.6438e-11	1.8395e-11	6.0618e-11	1.3587e-11	3.3445e-11	6.0618e-12	1.6931e-11	1.9858e-12	6.4799e-12	3.3445e-12	9.6153e-12	3.1354e-12	8.3612e-12	1.8395e-12	9.8244e-12	2.0694e-12	1.1915e-11	2.2993e-12	5.6438e-12	1.3587e-12	1.4005e-11	1.2542e-12	3.7625e-12	8.9882e-13	3.3445e-12	3.9716e-13	3.7625e-12	6.4799e-13	2.9264e-12	7.316e-13	2.9264e-12	1.1079e-12	1.8395e-12	3.7625e-13	1.8604e-12	2.7174e-13	1.6931e-12	1.5259e-13	1.6931e-12	5.8528e-13	2.5083e-12	1.6513e-12	3.1354e-12	5.8528e-13	1.0242e-12	3.1354e-13	2.9264e-12	1.5259e-13	1.6931e-13	1.0242e-13
12615.3	0.0090206	0.00052289	2.3824e-06	1.1714e-06	2.8753e-06	1.4339e-05	3.1844e-06	1.4798e-05	2.1217e-07	2.2035e-06	3.5253e-07	3.1078e-06	4.6276e-07	2.4929e-06	7.2489e-08	4.7522e-07	7.2103e-08	1.7305e-07	1.1187e-07	3.8825e-07	5.5351e-08	1.6449e-07	8.552e-08	1.956e-07	1.5738e-07	2.0235e-06	1.1211e-08	1.0256e-07	1.376e-09	1.7806e-09	1.3153e-10	2.8328e-10	1.8009e-11	1.0522e-10	1.9628e-11	5.4634e-11	1.7806e-11	5.868e-11	1.3153e-11	3.2375e-11	5.868e-12	1.639e-11	1.9223e-12	6.2727e-12	3.2375e-12	9.3079e-12	3.0352e-12	8.0939e-12	1.7806e-12	9.5103e-12	2.0032e-12	1.1534e-11	2.2258e-12	5.4634e-12	1.3153e-12	1.3557e-11	1.2141e-12	3.6422e-12	8.7009e-13	3.2375e-12	3.8446e-13	3.6422e-12	6.2727e-13	2.8328e-12	7.0821e-13	2.8328e-12	1.0724e-12	1.7806e-12	3.6422e-13	1.8009e-12	2.6305e-13	1.639e-12	1.4771e-13	1.639e-12	5.6657e-13	2.4282e-12	1.5985e-12	3.0352e-12	5.6657e-13	9.915e-13	3.0352e-13	2.8328e-12	1.4771e-13	1.639e-13	9.915e-14
12790.7	0.0087767	0.00050521	2.3031e-06	1.1291e-06	2.769e-06	1.3854e-05	3.0708e-06	1.4307e-05	2.0433e-07	2.1289e-06	3.3994e-07	3.0046e-06	4.4681e-07	2.4117e-06	6.9858e-08	4.5945e-07	6.9443e-08	1.6688e-07	1.0775e-07	3.7512e-07	5.3373e-08	1.585e-07	8.2461e-08	1.8872e-07	1.5214e-07	1.9587e-06	1.0831e-08	9.9276e-08	1.3319e-09	1.7236e-09	1.2731e-10	2.7422e-10	1.7432e-11	1.0185e-10	1.8999e-11	5.2885e-11	1.7236e-11	5.6802e-11	1.2731e-11	3.1339e-11	5.6802e-12	1.5865e-11	1.8608e-12	6.0719e-12	3.1339e-12	9.01e-12	2.938e-12	7.8348e-12	1.7236e-12	9.2059e-12	1.9391e-12	1.1165e-11	2.1546e-12	5.2885e-12	1.2731e-12	1.3123e-11	1.1752e-12	3.5256e-12	8.4224e-13	3.1339e-12	3.7215e-13	3.5256e-12	6.0719e-13	2.7422e-12	6.8554e-13	2.7422e-12	1.0381e-12	1.7236e-12	3.5256e-13	1.7432e-12	2.5463e-13	1.5865e-12	1.4298e-13	1.5865e-12	5.4843e-13	2.3504e-12	1.5474e-12	2.938e-12	5.4843e-13	9.5976e-13	2.938e-13	2.7422e-12	1.4298e-13	1.5865e-13	9.5976e-14
12968.4	0.0085359	0.0004881	2.2263e-06	1.0888e-06	2.6666e-06	1.3385e-05	2.9612e-06	1.3832e-05	1.9677e-07	2.0568e-06	3.2778e-07	2.9047e-06	4.3139e-07	2.3331e-06	6.7319e-08	4.4419e-07	6.6877e-08	1.6085e-07	1.0377e-07	3.6242e-07	5.1464e-08	1.5273e-07	7.9476e-08	1.8209e-07	1.4707e-07	1.8959e-06	1.0464e-08	9.6097e-08	1.2892e-09	1.6684e-09	1.2323e-10	2.6543e-10	1.6874e-11	9.8588e-11	1.839e-11	5.119e-11	1.6684e-11	5.4982e-11	1.2323e-11	3.0335e-11	5.4982e-12	1.5357e-11	1.8011e-12	5.8773e-12	3.0335e-12	8.7212e-12	2.8439e-12	7.5837e-12	1.6684e-12	8.9108e-12	1.877e-12	1.0807e-11	2.0855e-12	5.119e-12	1.2323e-12	1.2703e-11	1.1375e-12	3.4126e-12	8.1524e-13	3.0335e-12	3.6022e-13	3.4126e-12	5.8773e-13	2.6543e-12	6.6357e-13	2.6543e-12	1.0048e-12	1.6684e-12	3.4126e-13	1.6874e-12	2.4647e-13	1.5357e-12	1.384e-13	1.5357e-12	5.3086e-13	2.2751e-12	1.4978e-12	2.8439e-12	5.3086e-13	9.29e-13	2.8439e-13	2.6543e-12	1.384e-13	1.5357e-13	9.29e-14
13148.6	0.0082978	0.00047155	2.152e-06	1.0498e-06	2.5678e-06	1.2931e-05	2.8553e-06	1.3371e-05	1.8948e-07	1.9871e-06	3.1605e-07	2.808e-06	4.1648e-07	2.2569e-06	6.487e-08	4.2941e-07	6.4404e-08	1.5509e-07	9.9928e-08	3.5014e-07	4.9621e-08	1.4711e-07	7.6626e-08	1.7567e-07	1.4211e-07	1.8351e-06	1.0105e-08	9.3015e-08	1.2479e-09	1.6149e-09	1.1928e-10	2.5691e-10	1.6332e-11	9.5424e-11	1.78e-11	4.9547e-11	1.6149e-11	5.3217e-11	1.1928e-11	2.9361e-11	5.3217e-12	1.4864e-11	1.7433e-12	5.6887e-12	2.9361e-12	8.4413e-12	2.7526e-12	7.3403e-12	1.6149e-12	8.6248e-12	1.8167e-12	1.046e-11	2.0186e-12	4.9547e-12	1.1928e-12	1.2295e-11	1.101e-12	3.3031e-12	7.8908e-13	2.9361e-12	3.4866e-13	3.3031e-12	5.6887e-13	2.5691e-12	6.4228e-13	2.5691e-12	9.7259e-13	1.6149e-12	3.3031e-13	1.6332e-12	2.3856e-13	1.4864e-12	1.3396e-13	1.4864e-12	5.1382e-13	2.2021e-12	1.4497e-12	2.7526e-12	5.1382e-13	8.9919e-13	2.7526e-13	2.5691e-12	1.3396e-13	1.4864e-13	8.9919e-14
13331.4	0.0080672	0.00045554	2.0801e-06	1.0121e-06	2.4715e-06	1.2492e-05	2.7531e-06	1.2926e-05	1.8246e-07	1.9196e-06	3.0472e-07	2.7144e-06	4.0207e-07	2.1831e-06	6.2507e-08	4.1511e-07	6.2019e-08	1.4953e-07	9.6227e-08	3.3825e-07	4.7842e-08	1.4174e-07	7.3876e-08	1.6941e-07	1.3736e-07	1.7754e-06	9.7618e-09	9.0029e-08	1.2073e-09	1.5624e-09	1.154e-10	2.4856e-10	1.5801e-11	9.2321e-11	1.7221e-11	4.7936e-11	1.5624e-11	5.1487e-11	1.154e-11	2.8406e-11	5.1487e-12	1.4381e-11	1.6866e-12	5.5037e-12	2.8406e-12	8.1668e-12	2.6631e-12	7.1016e-12	1.5624e-12	8.3444e-12	1.7576e-12	1.012e-11	1.9529e-12	4.7936e-12	1.154e-12	1.1895e-11	1.0652e-12	3.1957e-12	7.6342e-13	2.8406e-12	3.3733e-13	3.1957e-12	5.5037e-13	2.4856e-12	6.2139e-13	2.4856e-12	9.4096e-13	1.5624e-12	3.1957e-13	1.5801e-12	2.308e-13	1.4381e-12	1.296e-13	1.4381e-12	4.9711e-13	2.1305e-12	1.4026e-12	2.6631e-12	4.9711e-13	8.6995e-13	2.6631e-13	2.4856e-12	1.296e-13	1.4381e-13	8.6995e-14
13516.7	0.0078364	0.00044005	2.0105e-06	9.7583e-07	2.3798e-06	1.2067e-05	2.6544e-06	1.2494e-05	1.7568e-07	1.8543e-06	2.9378e-07	2.6238e-06	3.8814e-07	2.1116e-06	6.0228e-08	4.0127e-07	5.9719e-08	1.4417e-07	9.2659e-08	3.2676e-07	4.6106e-08	1.3656e-07	7.1221e-08	1.6343e-07	1.3277e-07	1.7183e-06	9.4298e-09	8.7135e-08	1.1684e-09	1.5121e-09	1.1169e-10	2.4056e-10	1.5293e-11	8.9351e-11	1.6667e-11	4.6394e-11	1.5121e-11	4.9831e-11	1.1169e-11	2.7493e-11	4.9831e-12	1.3918e-11	1.6324e-12	5.3267e-12	2.7493e-12	7.9042e-12	2.5774e-12	6.8732e-12	1.5121e-12	8.076e-12	1.7011e-12	9.7943e-12	1.8901e-12	4.6394e-12	1.1169e-12	1.1513e-11	1.031e-12	3.0929e-12	7.3887e-13	2.7493e-12	3.2648e-13	3.0929e-12	5.3267e-13	2.4056e-12	6.014e-13	2.4056e-12	9.107e-13	1.5121e-12	3.0929e-13	1.5293e-12	2.2338e-13	1.3918e-12	1.2544e-13	1.3918e-12	4.8112e-13	2.062e-12	1.3575e-12	2.5774e-12	4.8112e-13	8.4196e-13	2.5774e-13	2.4056e-12	1.2544e-13	1.3918e-13	8.4196e-14
13704.5	0.0076067	0.00042508	1.9431e-06	9.4077e-07	2.2913e-06	1.1657e-05	2.5592e-06	1.2077e-05	1.6909e-07	1.7912e-06	2.8312e-07	2.5361e-06	3.7468e-07	2.0424e-06	5.8029e-08	3.8787e-07	5.7503e-08	1.3899e-07	8.922e-08	3.1564e-07	4.4449e-08	1.3157e-07	6.8659e-08	1.5766e-07	1.2832e-07	1.663e-06	9.1087e-09	8.4297e-08	1.1308e-09	1.4634e-09	1.0809e-10	2.3281e-10	1.48e-11	8.6474e-11	1.6131e-11	4.49e-11	1.4634e-11	4.8226e-11	1.0809e-11	2.6607e-11	4.8226e-12	1.347e-11	1.5798e-12	5.1552e-12	2.6607e-12	7.6496e-12	2.4944e-12	6.6518e-12	1.4634e-12	7.8159e-12	1.6463e-12	9.4789e-12	1.8293e-12	4.49e-12	1.0809e-12	1.1142e-11	9.9778e-13	2.9933e-12	7.1507e-13	2.6607e-12	3.1596e-13	2.9933e-12	5.1552e-13	2.3281e-12	5.8204e-13	2.3281e-12	8.8137e-13	1.4634e-12	2.9933e-13	1.48e-12	2.1619e-13	1.347e-12	1.214e-13	1.347e-12	4.6563e-13	1.9956e-12	1.3137e-12	2.4944e-12	4.6563e-13	8.1485e-13	2.4944e-13	2.3281e-12	1.214e-13	1.347e-13	8.1485e-14
13895	0.0073541	0.00041059	1.878e-06	9.0693e-07	2.206e-06	1.126e-05	2.4673e-06	1.1673e-05	1.628e-07	1.7302e-06	2.7293e-07	2.4512e-06	3.6153e-07	1.9754e-06	5.5885e-08	3.7491e-07	5.5343e-08	1.3399e-07	8.5904e-08	3.0489e-07	4.285e-08	1.2675e-07	6.6186e-08	1.5208e-07	1.2402e-07	1.6093e-06	8.7982e-09	8.1581e-08	1.0944e-09	1.4162e-09	1.0461e-10	2.2531e-10	1.4323e-11	8.3686e-11	1.5611e-11	4.3452e-11	1.4162e-11	4.6671e-11	1.0461e-11	2.575e-11	4.6671e-12	1.3036e-11	1.5289e-12	4.989e-12	2.575e-12	7.403e-12	2.414e-12	6.4374e-12	1.4162e-12	7.5639e-12	1.5933e-12	9.1733e-12	1.7703e-12	4.3452e-12	1.0461e-12	1.0783e-11	9.6561e-13	2.8968e-12	6.9202e-13	2.575e-12	3.0578e-13	2.8968e-12	4.989e-13	2.2531e-12	5.6327e-13	2.2531e-12	8.5295e-13	1.4162e-12	2.8968e-13	1.4323e-12	2.0922e-13	1.3036e-12	1.1748e-13	1.3036e-12	4.5062e-13	1.9312e-12	1.2714e-12	2.414e-12	4.5062e-13	7.8858e-13	2.414e-13	2.2531e-12	1.1748e-13	1.3036e-13	7.8858e-14
14088.1	0.0071096	0.00039659	1.8149e-06	8.7427e-07	2.1238e-06	1.0876e-05	2.3785e-06	1.1282e-05	1.5673e-07	1.6712e-06	2.6311e-07	2.3691e-06	3.4896e-07	1.9104e-06	5.384e-08	3.6236e-07	5.3285e-08	1.2917e-07	8.2674e-08	2.9449e-07	4.1307e-08	1.221e-07	6.3799e-08	1.467e-07	1.1986e-07	1.5574e-06	8.4979e-09	7.895e-08	1.059e-09	1.3705e-09	1.0123e-10	2.1804e-10	1.3861e-11	8.0985e-11	1.5107e-11	4.205e-11	1.3705e-11	4.5165e-11	1.0123e-11	2.4918e-11	4.5165e-12	1.2615e-11	1.4795e-12	4.8279e-12	2.4918e-12	7.164e-12	2.3361e-12	6.2296e-12	1.3705e-12	7.3198e-12	1.5418e-12	8.8772e-12	1.7131e-12	4.205e-12	1.0123e-12	1.0435e-11	9.3444e-13	2.8033e-12	6.6968e-13	2.4918e-12	2.9591e-13	2.8033e-12	4.8279e-13	2.1804e-12	5.4509e-13	2.1804e-12	8.2542e-13	1.3705e-12	2.8033e-13	1.3861e-12	2.0246e-13	1.2615e-12	1.1369e-13	1.2615e-12	4.3607e-13	1.8689e-12	1.2303e-12	2.3361e-12	4.3607e-13	7.6313e-13	2.3361e-13	2.1804e-12	1.1369e-13	1.2615e-13	7.6313e-14
14283.8	0.0068729	0.00038304	1.7539e-06	8.4275e-07	2.0446e-06	1.0504e-05	2.2929e-06	1.0904e-05	1.5089e-07	1.6134e-06	2.5362e-07	2.2888e-06	3.3682e-07	1.8476e-06	5.1867e-08	3.5022e-07	5.13e-08	1.2451e-07	7.9595e-08	2.8444e-07	3.9818e-08	1.1762e-07	6.1496e-08	1.415e-07	1.1583e-07	1.5071e-06	8.2075e-09	7.6401e-08	1.0248e-09	1.3262e-09	9.796e-11	2.1099e-10	1.3413e-11	7.8368e-11	1.4619e-11	4.0691e-11	1.3262e-11	4.3705e-11	9.796e-12	2.4113e-11	4.3705e-12	1.2207e-11	1.4317e-12	4.6719e-12	2.4113e-12	6.9325e-12	2.2606e-12	6.0283e-12	1.3262e-12	7.0832e-12	1.492e-12	8.5903e-12	1.6578e-12	4.0691e-12	9.796e-13	1.0097e-11	9.0424e-13	2.7127e-12	6.4804e-13	2.4113e-12	2.8634e-13	2.7127e-12	4.6719e-13	2.1099e-12	5.2748e-13	2.1099e-12	7.9875e-13	1.3262e-12	2.7127e-13	1.3413e-12	1.9592e-13	1.2207e-12	1.1002e-13	1.2207e-12	4.2198e-13	1.8085e-12	1.1906e-12	2.2606e-12	4.2198e-13	7.3847e-13	2.2606e-13	2.1099e-12	1.1002e-13	1.2207e-13	7.3847e-14
14482.4	0.0066437	0.0003698	1.6949e-06	8.1233e-07	1.9682e-06	1.0141e-05	2.2094e-06	1.0534e-05	1.4526e-07	1.5583e-06	2.4447e-07	2.2119e-06	3.2509e-07	1.786e-06	4.9965e-08	3.3834e-07	4.9387e-08	1.2002e-07	7.6627e-08	2.7461e-07	3.838e-08	1.133e-07	5.9274e-08	1.3647e-07	1.1194e-07	1.4583e-06	7.9267e-09	7.3931e-08	9.9165e-10	1.2833e-09	9.479e-11	2.0416e-10	1.2979e-11	7.5832e-11	1.4146e-11	3.9374e-11	1.2833e-11	4.2291e-11	9.479e-12	2.3333e-11	4.2291e-12	1.1812e-11	1.3854e-12	4.5208e-12	2.3333e-12	6.7082e-12	2.1875e-12	5.8333e-12	1.2833e-12	6.8541e-12	1.4437e-12	8.3124e-12	1.6041e-12	3.9374e-12	9.479e-13	9.7707e-12	8.7499e-13	2.625e-12	6.2708e-13	2.3333e-12	2.7708e-13	2.625e-12	4.5208e-13	2.0416e-12	5.1041e-13	2.0416e-12	7.7291e-13	1.2833e-12	2.625e-13	1.2979e-12	1.8958e-13	1.1812e-12	1.0646e-13	1.1812e-12	4.0833e-13	1.75e-12	1.1521e-12	2.1875e-12	4.0833e-13	7.1457e-13	2.1875e-13	2.0416e-12	1.0646e-13	1.1812e-13	7.1457e-14
14683.6	0.0064218	0.00035714	1.6378e-06	7.8298e-07	1.8947e-06	9.7942e-06	2.1296e-06	1.018e-05	1.3983e-07	1.5049e-06	2.3564e-07	2.1376e-06	3.1375e-07	1.7272e-06	4.8131e-08	3.2698e-07	4.7543e-08	1.1569e-07	7.3767e-08	2.6521e-07	3.6993e-08	1.0914e-07	5.713e-08	1.3162e-07	1.0817e-07	1.4111e-06	7.6552e-09	7.1538e-08	9.5954e-10	1.2418e-09	9.172e-11	1.9755e-10	1.2559e-11	7.3376e-11	1.3687e-11	3.8099e-11	1.2418e-11	4.0921e-11	9.172e-12	2.2577e-11	4.0921e-12	1.143e-11	1.3405e-12	4.3744e-12	2.2577e-12	6.491e-12	2.1166e-12	5.6443e-12	1.2418e-12	6.6321e-12	1.397e-12	8.0432e-12	1.5522e-12	3.8099e-12	9.172e-13	9.4542e-12	8.4665e-13	2.5399e-12	6.0677e-13	2.2577e-12	2.6811e-13	2.5399e-12	4.3744e-13	1.9755e-12	4.9388e-13	1.9755e-12	7.4787e-13	1.2418e-12	2.5399e-13	1.2559e-12	1.8344e-13	1.143e-12	1.0301e-13	1.143e-12	3.951e-13	1.6933e-12	1.1148e-12	2.1166e-12	3.951e-13	6.9143e-13	2.1166e-13	1.9755e-12	1.0301e-13	1.143e-13	6.9143e-14
14887.7	0.0062071	0.00034491	1.5826e-06	7.5465e-07	1.8238e-06	9.4586e-06	2.0527e-06	9.8375e-06	1.346e-07	1.4534e-06	2.2712e-07	2.0657e-06	3.0279e-07	1.6702e-06	4.6361e-08	3.1599e-07	4.5767e-08	1.115e-07	7.101e-08	2.5613e-07	3.5655e-08	1.0512e-07	5.5061e-08	1.2694e-07	1.0452e-07	1.3653e-06	7.3928e-09	6.922e-08	9.2842e-10	1.2015e-09	8.8746e-11	1.9115e-10	1.2151e-11	7.0997e-11	1.3244e-11	3.6864e-11	1.2015e-11	3.9595e-11	8.8746e-12	2.1845e-11	3.9594e-12	1.1059e-11	1.2971e-12	4.2325e-12	2.1845e-12	6.2805e-12	2.048e-12	5.4613e-12	1.2015e-12	6.417e-12	1.3517e-12	7.7824e-12	1.5019e-12	3.6864e-12	8.8746e-13	9.1477e-12	8.192e-13	2.4576e-12	5.8709e-13	2.1845e-12	2.5941e-13	2.4576e-12	4.2325e-13	1.9115e-12	4.7786e-13	1.9115e-12	7.2362e-13	1.2015e-12	2.4576e-13	1.2151e-12	1.7749e-13	1.1059e-12	9.9669e-14	1.1059e-12	3.8229e-13	1.6384e-12	1.0786e-12	2.048e-12	3.8229e-13	6.6901e-13	2.048e-13	1.9115e-12	9.9669e-14	1.1059e-13	6.6901e-14
15094.6	0.0059992	0.00033308	1.5291e-06	7.2733e-07	1.7554e-06	9.1343e-06	1.9785e-06	9.5063e-06	1.2956e-07	1.4035e-06	2.1889e-07	1.9961e-06	2.9221e-07	1.615e-06	4.4655e-08	3.0535e-07	4.4054e-08	1.0747e-07	6.8353e-08	2.4734e-07	3.4364e-08	1.0124e-07	5.3065e-08	1.2242e-07	1.01e-07	1.321e-06	7.139e-09	6.6975e-08	8.9829e-10	1.1625e-09	8.5866e-11	1.8494e-10	1.1757e-11	6.8692e-11	1.2814e-11	3.5667e-11	1.1625e-11	3.8309e-11	8.5866e-12	2.1136e-11	3.8309e-12	1.07e-11	1.255e-12	4.0951e-12	2.1136e-12	6.0766e-12	1.9815e-12	5.284e-12	1.1625e-12	6.2087e-12	1.3078e-12	7.5297e-12	1.4531e-12	3.5667e-12	8.5866e-13	8.8508e-12	7.9261e-13	2.3778e-12	5.6803e-13	2.1136e-12	2.5099e-13	2.3778e-12	4.0951e-13	1.8494e-12	4.6235e-13	1.8494e-12	7.0013e-13	1.1625e-12	2.3778e-13	1.1757e-12	1.7173e-13	1.07e-12	9.6434e-14	1.07e-12	3.6988e-13	1.5852e-12	1.0436e-12	1.9815e-12	3.6988e-13	6.4729e-13	1.9815e-13	1.8494e-12	9.6434e-14	1.07e-13	6.4729e-14
15304.4	0.005798	0.00032164	1.4775e-06	7.0096e-07	1.6896e-06	8.8207e-06	1.9069e-06	9.1859e-06	1.247e-07	1.3553e-06	2.1096e-07	1.9288e-06	2.8199e-07	1.5616e-06	4.301e-08	2.9507e-07	4.2404e-08	1.0357e-07	6.5794e-08	2.3885e-07	3.3118e-08	9.7508e-08	5.1139e-08	1.1806e-07	9.7585e-08	1.2781e-06	6.8937e-09	6.48e-08	8.691e-10	1.1247e-09	8.3075e-11	1.7893e-10	1.1375e-11	6.646e-11	1.2397e-11	3.4508e-11	1.1247e-11	3.7064e-11	8.3075e-12	2.0449e-11	3.7064e-12	1.0352e-11	1.2142e-12	3.9621e-12	2.0449e-12	5.8792e-12	1.9171e-12	5.1123e-12	1.1247e-12	6.007e-12	1.2653e-12	7.2851e-12	1.4059e-12	3.4508e-12	8.3075e-13	8.5631e-12	7.6685e-13	2.3005e-12	5.4958e-13	2.0449e-12	2.4284e-13	2.3005e-12	3.9621e-13	1.7893e-12	4.4733e-13	1.7893e-12	6.7738e-13	1.1247e-12	2.3005e-13	1.1375e-12	1.6615e-13	1.0352e-12	9.33e-14	1.0352e-12	3.5786e-13	1.5337e-12	1.0097e-12	1.9171e-12	3.5786e-13	6.2626e-13	1.9171e-13	1.7893e-12	9.33e-14	1.0352e-13	6.2626e-14
15517.1	0.0056033	0.00031058	1.4275e-06	6.7552e-07	1.6262e-06	8.5175e-06	1.8378e-06	8.8759e-06	1.2002e-07	1.3087e-06	2.0331e-07	1.8637e-06	2.7211e-07	1.5099e-06	4.1424e-08	2.8511e-07	4.0815e-08	9.9813e-08	6.3327e-08	2.3065e-07	3.1916e-08	9.3907e-08	4.9281e-08	1.1385e-07	9.4285e-08	1.2365e-06	6.6566e-09	6.2693e-08	8.4082e-10	1.0881e-09	8.0373e-11	1.7311e-10	1.1005e-11	6.4298e-11	1.1994e-11	3.3386e-11	1.0881e-11	3.5859e-11	8.0373e-12	1.9784e-11	3.5859e-12	1.0016e-11	1.1747e-12	3.8332e-12	1.9784e-12	5.6879e-12	1.8548e-12	4.946e-12	1.0881e-12	5.8116e-12	1.2241e-12	7.0481e-12	1.3602e-12	3.3386e-12	8.0373e-13	8.2846e-12	7.419e-13	2.2257e-12	5.317e-13	1.9784e-12	2.3494e-13	2.2257e-12	3.8332e-13	1.7311e-12	4.3278e-13	1.7311e-12	6.5535e-13	1.0881e-12	2.2257e-13	1.1005e-12	1.6075e-13	1.0016e-12	9.0265e-14	1.0016e-12	3.4622e-13	1.4838e-12	9.7684e-13	1.8548e-12	3.4622e-13	6.0589e-13	1.8548e-13	1.7311e-12	9.0265e-14	1.0016e-13	6.0589e-14
15732.7	0.0054149	0.0002999	1.3791e-06	6.5098e-07	1.5651e-06	8.2245e-06	1.7711e-06	8.5761e-06	1.1551e-07	1.2637e-06	1.9592e-07	1.8008e-06	2.6257e-07	1.4598e-06	3.9895e-08	2.7549e-07	3.9283e-08	9.6188e-08	6.095e-08	2.2271e-07	3.0757e-08	9.0435e-08	4.7489e-08	1.0978e-07	9.1094e-08	1.1962e-06	6.4273e-09	6.0653e-08	8.1344e-10	1.0527e-09	7.7756e-11	1.6747e-10	1.0647e-11	6.2204e-11	1.1604e-11	3.2298e-11	1.0527e-11	3.4691e-11	7.7756e-12	1.914e-11	3.4691e-12	9.6895e-12	1.1364e-12	3.7083e-12	1.914e-12	5.5027e-12	1.7944e-12	4.785e-12	1.0527e-12	5.6223e-12	1.1843e-12	6.8186e-12	1.3159e-12	3.2298e-12	7.7756e-13	8.0148e-12	7.1774e-13	2.1532e-12	5.1438e-13	1.914e-12	2.2729e-13	2.1532e-12	3.7083e-13	1.6747e-12	4.1868e-13	1.6747e-12	6.3401e-13	1.0527e-12	2.1532e-13	1.0647e-12	1.5551e-13	9.6895e-13	8.7325e-14	9.6895e-13	3.3495e-13	1.4355e-12	9.4503e-13	1.7944e-12	3.3495e-13	5.8616e-13	1.7944e-13	1.6747e-12	8.7325e-14	9.6895e-14	5.8616e-14
15951.3	0.0052325	0.00028957	1.3324e-06	6.2731e-07	1.5062e-06	7.9412e-06	1.7068e-06	8.2861e-06	1.1117e-07	1.2202e-06	1.888e-07	1.7398e-06	2.5336e-07	1.4114e-06	3.8421e-08	2.6618e-07	3.7807e-08	9.2691e-08	5.866e-08	2.1504e-07	2.9638e-08	8.7089e-08	4.5761e-08	1.0585e-07	8.8007e-08	1.1572e-06	6.2058e-09	5.8677e-08	7.8693e-10	1.0184e-09	7.5221e-11	1.6201e-10	1.0299e-11	6.0177e-11	1.1225e-11	3.1246e-11	1.0184e-11	3.356e-11	7.5221e-12	1.8516e-11	3.356e-12	9.3737e-12	1.0994e-12	3.5875e-12	1.8516e-12	5.3233e-12	1.7359e-12	4.629e-12	1.0184e-12	5.439e-12	1.1457e-12	6.5963e-12	1.273e-12	3.1246e-12	7.5221e-13	7.7535e-12	6.9435e-13	2.083e-12	4.9761e-13	1.8516e-12	2.1988e-13	2.083e-12	3.5875e-13	1.6201e-12	4.0504e-13	1.6201e-12	6.1334e-13	1.0184e-12	2.083e-13	1.0299e-12	1.5044e-13	9.3737e-13	8.4479e-14	9.3737e-13	3.2403e-13	1.3887e-12	9.1422e-13	1.7359e-12	3.2403e-13	5.6705e-13	1.7359e-13	1.6201e-12	8.4479e-14	9.3737e-14	5.6705e-14
16173	0.0050561	0.00027958	1.2872e-06	6.0447e-07	1.4495e-06	7.6674e-06	1.6448e-06	8.0057e-06	1.0698e-07	1.1781e-06	1.8193e-07	1.6809e-06	2.4446e-07	1.3645e-06	3.7e-08	2.5717e-07	3.6385e-08	8.9318e-08	5.6454e-08	2.0763e-07	2.8559e-08	8.3863e-08	4.4093e-08	1.0207e-07	8.5022e-08	1.1195e-06	5.9916e-09	5.6764e-08	7.6125e-10	9.8514e-10	7.2766e-11	1.5673e-10	9.9634e-12	5.8213e-11	1.0859e-11	3.0226e-11	9.8514e-12	3.2465e-11	7.2766e-12	1.7912e-11	3.2465e-12	9.0678e-12	1.0635e-12	3.4704e-12	1.7912e-12	5.1496e-12	1.6792e-12	4.4779e-12	9.8514e-13	5.2616e-12	1.1083e-12	6.381e-12	1.2314e-12	3.0226e-12	7.2766e-13	7.5005e-12	6.7169e-13	2.0151e-12	4.8138e-13	1.7912e-12	2.127e-13	2.0151e-12	3.4704e-13	1.5673e-12	3.9182e-13	1.5673e-12	5.9332e-13	9.8514e-13	2.0151e-13	9.9634e-13	1.4553e-13	9.0678e-13	8.1722e-14	9.0678e-13	3.1345e-13	1.3434e-12	8.8439e-13	1.6792e-12	3.1345e-13	5.4855e-13	1.6792e-13	1.5673e-12	8.1722e-14	9.0678e-14	5.4855e-14
16397.8	0.0048854	0.00026993	1.2435e-06	5.8244e-07	1.3948e-06	7.4028e-06	1.5849e-06	7.7344e-06	1.0295e-07	1.1374e-06	1.753e-07	1.624e-06	2.3586e-07	1.3191e-06	3.563e-08	2.4846e-07	3.5015e-08	8.6064e-08	5.4329e-08	2.0046e-07	2.7519e-08	8.0753e-08	4.2485e-08	9.8409e-08	8.2135e-08	1.0829e-06	5.7847e-09	5.4911e-08	7.3638e-10	9.5296e-10	7.0389e-11	1.5161e-10	9.6379e-12	5.6311e-11	1.0504e-11	2.9239e-11	9.5296e-12	3.1404e-11	7.0389e-12	1.7327e-11	3.1404e-12	8.7716e-12	1.0288e-12	3.357e-12	1.7327e-12	4.9814e-12	1.6244e-12	4.3316e-12	9.5296e-13	5.0897e-12	1.0721e-12	6.1726e-12	1.1912e-12	2.9239e-12	7.0389e-13	7.2555e-12	6.4975e-13	1.9492e-12	4.6565e-13	1.7327e-12	2.0575e-13	1.9492e-12	3.357e-13	1.5161e-12	3.7902e-13	1.5161e-12	5.7394e-13	9.5296e-13	1.9492e-13	9.6379e-13	1.4078e-13	8.7716e-13	7.9053e-14	8.7716e-13	3.0322e-13	1.2995e-12	8.555e-13	1.6244e-12	3.0322e-13	5.3063e-13	1.6244e-13	1.5161e-12	7.9053e-14	8.7716e-14	5.3063e-14
16625.7	0.0047202	0.00026061	1.2012e-06	5.612e-07	1.3422e-06	7.1471e-06	1.5272e-06	7.4721e-06	9.9068e-08	1.0981e-06	1.6891e-07	1.5689e-06	2.2756e-07	1.2752e-06	3.4309e-08	2.4004e-07	3.3696e-08	8.2926e-08	5.2282e-08	1.9354e-07	2.6515e-08	7.7756e-08	4.0934e-08	9.488e-08	7.9344e-08	1.0475e-06	5.5847e-09	5.3116e-08	7.123e-10	9.218e-10	6.8088e-11	1.4665e-10	9.3228e-12	5.447e-11	1.0161e-11	2.8283e-11	9.218e-12	3.0378e-11	6.8088e-12	1.676e-11	3.0378e-12	8.4848e-12	9.9513e-13	3.2473e-12	1.676e-12	4.8185e-12	1.5713e-12	4.19e-12	9.218e-13	4.9233e-12	1.037e-12	5.9708e-12	1.1523e-12	2.8283e-12	6.8088e-13	7.0183e-12	6.285e-13	1.8855e-12	4.5043e-13	1.676e-12	1.9903e-13	1.8855e-12	3.2473e-13	1.4665e-12	3.6663e-13	1.4665e-12	5.5518e-13	9.218e-13	1.8855e-13	9.3228e-13	1.3618e-13	8.4848e-13	7.6468e-14	8.4848e-13	2.933e-13	1.257e-12	8.2753e-13	1.5713e-12	2.933e-13	5.1328e-13	1.5713e-13	1.4665e-12	7.6468e-14	8.4848e-14	5.1328e-14
16856.7	0.0045605	0.0002516	1.1603e-06	5.4071e-07	1.2915e-06	6.9e-06	1.4715e-06	7.2184e-06	9.5328e-08	1.0601e-06	1.6274e-07	1.5156e-06	2.1954e-07	1.2327e-06	3.3036e-08	2.3189e-07	3.2425e-08	7.9899e-08	5.031e-08	1.8685e-07	2.5547e-08	7.4867e-08	3.9438e-08	9.1475e-08	7.6645e-08	1.0132e-06	5.3914e-09	5.1379e-08	6.8899e-10	8.9163e-10	6.5859e-11	1.4185e-10	9.0176e-12	5.2687e-11	9.8282e-12	2.7357e-11	8.9163e-12	2.9383e-11	6.5859e-12	1.6211e-11	2.9383e-12	8.2071e-12	9.6256e-13	3.141e-12	1.6211e-12	4.6608e-12	1.5198e-12	4.0529e-12	8.9163e-13	4.7621e-12	1.0031e-12	5.7753e-12	1.1145e-12	2.7357e-12	6.5859e-13	6.7886e-12	6.0793e-13	1.8238e-12	4.3568e-13	1.6211e-12	1.9251e-13	1.8238e-12	3.141e-13	1.4185e-12	3.5463e-13	1.4185e-12	5.3701e-13	8.9163e-13	1.8238e-13	9.0176e-13	1.3172e-13	8.2071e-13	7.3965e-14	8.2071e-13	2.837e-13	1.2159e-12	8.0044e-13	1.5198e-12	2.837e-13	4.9648e-13	1.5198e-13	1.4185e-12	7.3965e-14	8.2071e-14	4.9648e-14
17091	0.0044059	0.00024289	1.1208e-06	5.2095e-07	1.2427e-06	6.6611e-06	1.4178e-06	6.9731e-06	9.1725e-08	1.0234e-06	1.568e-07	1.4641e-06	2.1179e-07	1.1916e-06	3.1809e-08	2.2402e-07	3.12e-08	7.698e-08	4.841e-08	1.8038e-07	2.4613e-08	7.2083e-08	3.7996e-08	8.8188e-08	7.4035e-08	9.8002e-07	5.2046e-09	4.9697e-08	6.6642e-10	8.6242e-10	6.3701e-11	1.372e-10	8.7222e-12	5.0961e-11	9.5062e-12	2.6461e-11	8.6242e-12	2.8421e-11	6.3701e-12	1.568e-11	2.8421e-12	7.9382e-12	9.3102e-13	3.0381e-12	1.568e-12	4.5081e-12	1.47e-12	3.9201e-12	8.6242e-13	4.6061e-12	9.7022e-13	5.5861e-12	1.078e-12	2.6461e-12	6.3701e-13	6.5661e-12	5.8801e-13	1.764e-12	4.2141e-13	1.568e-12	1.862e-13	1.764e-12	3.0381e-13	1.372e-12	3.4301e-13	1.372e-12	5.1941e-13	8.6242e-13	1.764e-13	8.7222e-13	1.274e-13	7.9382e-13	7.1542e-14	7.9382e-13	2.7441e-13	1.176e-12	7.7422e-13	1.47e-12	2.7441e-13	4.8021e-13	1.47e-13	1.372e-12	7.1542e-14	7.9382e-14	4.8021e-14
17328.5	0.0042564	0.00023447	1.0825e-06	5.0189e-07	1.1957e-06	6.4303e-06	1.366e-06	6.7359e-06	8.8256e-08	9.8796e-07	1.5107e-07	1.4143e-06	2.0432e-07	1.1519e-06	3.0627e-08	2.164e-07	3.0021e-08	7.4165e-08	4.6581e-08	1.7413e-07	2.3713e-08	6.94e-08	3.6605e-08	8.5017e-08	7.1512e-08	9.4788e-07	5.0241e-09	4.8068e-08	6.4456e-10	8.3414e-10	6.1612e-11	1.327e-10	8.4362e-12	4.929e-11	9.1945e-12	2.5593e-11	8.3414e-12	2.7489e-11	6.1612e-12	1.5166e-11	2.7489e-12	7.6779e-12	9.0049e-13	2.9384e-12	1.5166e-12	4.3603e-12	1.4218e-12	3.7915e-12	8.3414e-13	4.4551e-12	9.384e-13	5.4029e-12	1.0427e-12	2.5593e-12	6.1612e-13	6.3508e-12	5.6873e-13	1.7062e-12	4.0759e-13	1.5166e-12	1.801e-13	1.7062e-12	2.9384e-13	1.327e-12	3.3176e-13	1.327e-12	5.0238e-13	8.3414e-13	1.7062e-13	8.4362e-13	1.2322e-13	7.6779e-13	6.9195e-14	7.6779e-13	2.6541e-13	1.1375e-12	7.4883e-13	1.4218e-12	2.6541e-13	4.6446e-13	1.4218e-13	1.327e-12	6.9195e-14	7.6779e-14	4.6446e-14
17569.3	0.0041118	0.00022634	1.0456e-06	4.8352e-07	1.1504e-06	6.2073e-06	1.3161e-06	6.5066e-06	8.4914e-08	9.5369e-07	1.4554e-07	1.3661e-06	1.971e-07	1.1134e-06	2.9488e-08	2.0903e-07	2.8885e-08	7.145e-08	4.4819e-08	1.6809e-07	2.2845e-08	6.6815e-08	3.5264e-08	8.1956e-08	6.9073e-08	9.1677e-07	4.8497e-09	4.6491e-08	6.234e-10	8.0676e-10	5.959e-11	1.2835e-10	8.1592e-12	4.7672e-11	8.8927e-12	2.4753e-11	8.0676e-12	2.6586e-11	5.959e-12	1.4668e-11	2.6586e-12	7.4258e-12	8.7093e-13	2.842e-12	1.4668e-12	4.2171e-12	1.3752e-12	3.6671e-12	8.0676e-13	4.3088e-12	9.076e-13	5.2256e-12	1.0084e-12	2.4753e-12	5.959e-13	6.1423e-12	5.5006e-13	1.6502e-12	3.9421e-13	1.4668e-12	1.7419e-13	1.6502e-12	2.842e-13	1.2835e-12	3.2087e-13	1.2835e-12	4.8589e-13	8.0676e-13	1.6502e-13	8.1592e-13	1.1918e-13	7.4258e-13	6.6924e-14	7.4258e-13	2.567e-13	1.1001e-12	7.2425e-13	1.3752e-12	2.567e-13	4.4922e-13	1.3752e-13	1.2835e-12	6.6924e-14	7.4258e-14	4.4922e-14
17813.5	0.0039719	0.00021848	1.0099e-06	4.658e-07	1.1068e-06	5.9919e-06	1.2679e-06	6.2848e-06	8.1697e-08	9.2058e-07	1.402e-07	1.3195e-06	1.9013e-07	1.0761e-06	2.8389e-08	2.0191e-07	2.7792e-08	6.8832e-08	4.3122e-08	1.6226e-07	2.2008e-08	6.4323e-08	3.397e-08	7.9003e-08	6.6714e-08	8.8665e-07	4.6812e-09	4.4964e-08	6.0292e-10	7.8025e-10	5.7632e-11	1.2413e-10	7.8912e-12	4.6106e-11	8.6005e-12	2.3939e-11	7.8025e-12	2.5713e-11	5.7632e-12	1.4186e-11	2.5713e-12	7.1818e-12	8.4231e-13	2.7486e-12	1.4186e-12	4.0786e-12	1.33e-12	3.5466e-12	7.8025e-13	4.1672e-12	8.7778e-13	5.0539e-12	9.7531e-13	2.3939e-12	5.7632e-13	5.9405e-12	5.3199e-13	1.596e-12	3.8126e-13	1.4186e-12	1.6846e-13	1.596e-12	2.7486e-13	1.2413e-12	3.1033e-13	1.2413e-12	4.6992e-13	7.8025e-13	1.596e-13	7.8912e-13	1.1526e-13	7.1818e-13	6.4725e-14	7.1818e-13	2.4826e-13	1.064e-12	7.0045e-13	1.33e-12	2.4826e-13	4.3446e-13	1.33e-13	1.2413e-12	6.4725e-14	7.1818e-14	4.3446e-14
18061.1	0.0038367	0.00021089	9.7535e-07	4.4871e-07	1.0648e-06	5.7837e-06	1.2214e-06	6.0704e-06	7.8598e-08	8.8859e-07	1.3506e-07	1.2745e-06	1.8339e-07	1.0401e-06	2.7331e-08	1.9503e-07	2.6738e-08	6.6308e-08	4.1487e-08	1.5662e-07	2.12e-08	6.1922e-08	3.2723e-08	7.6154e-08	6.4434e-08	8.5749e-07	4.5184e-09	4.3486e-08	5.8309e-10	7.5459e-10	5.5737e-11	1.2005e-10	7.6316e-12	4.4589e-11	8.3176e-12	2.3152e-11	7.5459e-12	2.4867e-11	5.5737e-12	1.372e-11	2.4867e-12	6.9456e-12	8.1461e-13	2.6582e-12	1.372e-12	3.9444e-12	1.2862e-12	3.43e-12	7.5459e-13	4.0302e-12	8.4891e-13	4.8877e-12	9.4324e-13	2.3152e-12	5.5737e-13	5.7452e-12	5.1449e-13	1.5435e-12	3.6872e-13	1.372e-12	1.6292e-13	1.5435e-12	2.6582e-13	1.2005e-12	3.0012e-13	1.2005e-12	4.5447e-13	7.5459e-13	1.5435e-13	7.6316e-13	1.1147e-13	6.9456e-13	6.2597e-14	6.9456e-13	2.401e-13	1.029e-12	6.7742e-13	1.2862e-12	2.401e-13	4.2017e-13	1.2862e-13	1.2005e-12	6.2597e-14	6.9456e-14	4.2017e-14
18312.1	0.0037058	0.00020355	9.4197e-07	4.3223e-07	1.0244e-06	5.5825e-06	1.1767e-06	5.8631e-06	7.5614e-08	8.5768e-07	1.3011e-07	1.231e-06	1.769e-07	1.0052e-06	2.6311e-08	1.8837e-07	2.5724e-08	6.3874e-08	3.9914e-08	1.5118e-07	2.0422e-08	5.9609e-08	3.1521e-08	7.3406e-08	6.223e-08	8.2926e-07	4.3612e-09	4.2056e-08	5.639e-10	7.2975e-10	5.3902e-11	1.161e-10	7.3804e-12	4.3122e-11	8.0438e-12	2.239e-11	7.2975e-12	2.4049e-11	5.3902e-12	1.3268e-11	2.4049e-12	6.717e-12	7.878e-13	2.5707e-12	1.3268e-12	3.8146e-12	1.2439e-12	3.317e-12	7.2975e-13	3.8975e-12	8.2097e-13	4.7268e-12	9.1219e-13	2.239e-12	5.3902e-13	5.5561e-12	4.9756e-13	1.4927e-12	3.5658e-13	1.3268e-12	1.5756e-13	1.4927e-12	2.5707e-13	1.161e-12	2.9024e-13	1.161e-12	4.3951e-13	7.2975e-13	1.4927e-13	7.3804e-13	1.078e-13	6.717e-13	6.0536e-14	6.717e-13	2.3219e-13	9.9511e-13	6.5512e-13	1.2439e-12	2.3219e-13	4.0634e-13	1.2439e-13	1.161e-12	6.0536e-14	6.717e-14	4.0634e-14
18566.6	0.0035793	0.00019647	9.097e-07	4.1635e-07	9.8542e-07	5.3882e-06	1.1335e-06	5.6628e-06	7.2741e-08	8.2782e-07	1.2533e-07	1.1889e-06	1.7062e-07	9.7153e-07	2.5329e-08	1.8193e-07	2.4747e-08	6.1527e-08	3.8398e-08	1.4591e-07	1.9672e-08	5.7381e-08	3.0362e-08	7.0754e-08	6.0099e-08	8.0194e-07	4.2092e-09	4.0671e-08	5.4532e-10	7.0571e-10	5.2126e-11	1.1227e-10	7.1373e-12	4.1701e-11	7.7788e-12	2.1652e-11	7.0571e-12	2.3256e-11	5.2126e-12	1.2831e-11	2.3256e-12	6.4957e-12	7.6184e-13	2.486e-12	1.2831e-12	3.6889e-12	1.2029e-12	3.2078e-12	7.0571e-13	3.7691e-12	7.9392e-13	4.5711e-12	8.8213e-13	2.1652e-12	5.2126e-13	5.373e-12	4.8116e-13	1.4435e-12	3.4483e-13	1.2831e-12	1.5237e-13	1.4435e-12	2.486e-13	1.1227e-12	2.8068e-13	1.1227e-12	4.2503e-13	7.0571e-13	1.4435e-13	7.1373e-13	1.0425e-13	6.4957e-13	5.8542e-14	6.4957e-13	2.2454e-13	9.6233e-13	6.3353e-13	1.2029e-12	2.2454e-13	3.9295e-13	1.2029e-13	1.1227e-12	5.8542e-14	6.4957e-14	3.9295e-14
18824.6	0.003457	0.00018962	8.7851e-07	4.0104e-07	9.4793e-07	5.2005e-06	1.0918e-06	5.4691e-06	6.9975e-08	7.9898e-07	1.2072e-07	1.1482e-06	1.6457e-07	9.3892e-07	2.4382e-08	1.7571e-07	2.3807e-08	5.9265e-08	3.6939e-08	1.4083e-07	1.8948e-08	5.5233e-08	2.9244e-08	6.8196e-08	5.804e-08	7.7549e-07	4.0624e-09	3.933e-08	5.2734e-10	6.8244e-10	5.0407e-11	1.0857e-10	6.9019e-12	4.0326e-11	7.5223e-12	2.0938e-11	6.8244e-12	2.2489e-11	5.0407e-12	1.2408e-11	2.2489e-12	6.2815e-12	7.3672e-13	2.404e-12	1.2408e-12	3.5673e-12	1.1632e-12	3.102e-12	6.8244e-13	3.6448e-12	7.6774e-13	4.4203e-12	8.5304e-13	2.0938e-12	5.0407e-13	5.1958e-12	4.653e-13	1.3959e-12	3.3346e-13	1.2408e-12	1.4734e-13	1.3959e-12	2.404e-13	1.0857e-12	2.7142e-13	1.0857e-12	4.1101e-13	6.8244e-13	1.3959e-13	6.9019e-13	1.0081e-13	6.2815e-13	5.6611e-14	6.2815e-13	2.1714e-13	9.3059e-13	6.1264e-13	1.1632e-12	2.1714e-13	3.7999e-13	1.1632e-13	1.0857e-12	5.6611e-14	6.2815e-14	3.7999e-14
19086.2	0.0033387	0.00018301	8.4837e-07	3.8627e-07	9.1184e-07	5.0192e-06	1.0517e-06	5.2818e-06	6.7311e-08	7.7111e-07	1.1628e-07	1.1089e-06	1.5872e-07	9.0737e-07	2.347e-08	1.697e-07	2.2901e-08	5.7083e-08	3.5534e-08	1.3592e-07	1.8251e-08	5.3165e-08	2.8167e-08	6.5728e-08	5.6049e-08	7.499e-07	3.9207e-09	3.8033e-08	5.0993e-10	6.5991e-10	4.8743e-11	1.0499e-10	6.6741e-12	3.8995e-11	7.274e-12	2.0247e-11	6.5991e-12	2.1747e-11	4.8743e-12	1.1998e-11	2.1747e-12	6.0742e-12	7.124e-13	2.3247e-12	1.1998e-12	3.4495e-12	1.1248e-12	2.9996e-12	6.5991e-13	3.5245e-12	7.424e-13	4.2744e-12	8.2489e-13	2.0247e-12	4.8743e-13	5.0243e-12	4.4994e-13	1.3498e-12	3.2246e-13	1.1998e-12	1.4248e-13	1.3498e-12	2.3247e-13	1.0499e-12	2.6246e-13	1.0499e-12	3.9745e-13	6.5991e-13	1.3498e-13	6.6741e-13	9.7487e-14	6.0742e-13	5.4743e-14	6.0742e-13	2.0997e-13	8.9988e-13	5.9242e-13	1.1248e-12	2.0997e-13	3.6745e-13	1.1248e-13	1.0499e-12	5.4743e-14	6.0742e-14	3.6745e-14
19351.4	0.0032244	0.00017662	8.1923e-07	3.7204e-07	8.7709e-07	4.844e-06	1.013e-06	5.1008e-06	6.4747e-08	7.4419e-07	1.1199e-07	1.0709e-06	1.5307e-07	8.7686e-07	2.2591e-08	1.6389e-07	2.203e-08	5.4981e-08	3.4182e-08	1.3118e-07	1.7578e-08	5.1172e-08	2.7129e-08	6.3347e-08	5.4125e-08	7.2513e-07	3.7837e-09	3.6777e-08	4.9309e-10	6.3811e-10	4.7133e-11	1.0152e-10	6.4536e-12	3.7707e-11	7.0337e-12	1.9578e-11	6.3811e-12	2.1029e-11	4.7133e-12	1.1602e-11	2.1029e-12	5.8735e-12	6.8887e-13	2.2479e-12	1.1602e-12	3.3356e-12	1.0877e-12	2.9005e-12	6.3811e-13	3.4081e-12	7.1788e-13	4.1332e-12	7.9764e-13	1.9578e-12	4.7133e-13	4.8584e-12	4.3508e-13	1.3052e-12	3.118e-13	1.1602e-12	1.3777e-13	1.3052e-12	2.2479e-13	1.0152e-12	2.5379e-13	1.0152e-12	3.8432e-13	6.3811e-13	1.3052e-13	6.4536e-13	9.4267e-14	5.8735e-13	5.2934e-14	5.8735e-13	2.0304e-13	8.7015e-13	5.7285e-13	1.0877e-12	2.0304e-13	3.5531e-13	1.0877e-13	1.0152e-12	5.2934e-14	5.8735e-14	3.5531e-14
19620.4	0.0031138	0.00017045	7.9108e-07	3.5832e-07	8.4364e-07	4.6748e-06	9.7571e-07	4.9259e-06	6.2279e-08	7.1819e-07	1.0787e-07	1.0342e-06	1.4763e-07	8.4734e-07	2.1745e-08	1.5827e-07	2.119e-08	5.2954e-08	3.288e-08	1.266e-07	1.693e-08	4.9252e-08	2.6128e-08	6.1051e-08	5.2266e-08	7.0115e-07	3.6514e-09	3.5562e-08	4.7678e-10	6.1701e-10	4.5575e-11	9.8161e-11	6.2403e-12	3.646e-11	6.8012e-12	1.8931e-11	6.1701e-12	2.0333e-11	4.5575e-12	1.1218e-11	2.0333e-12	5.6793e-12	6.6609e-13	2.1736e-12	1.1218e-12	3.2253e-12	1.0517e-12	2.8046e-12	6.1701e-13	3.2954e-12	6.9414e-13	3.9966e-12	7.7127e-13	1.8931e-12	4.5575e-13	4.6977e-12	4.2069e-13	1.2621e-12	3.015e-13	1.1218e-12	1.3322e-13	1.2621e-12	2.1736e-13	9.8161e-13	2.454e-13	9.8161e-13	3.7161e-13	6.1701e-13	1.2621e-13	6.2403e-13	9.115e-14	5.6793e-13	5.1184e-14	5.6793e-13	1.9632e-13	8.4138e-13	5.5391e-13	1.0517e-12	1.9632e-13	3.4356e-13	1.0517e-13	9.8161e-13	5.1184e-14	5.6793e-14	3.4356e-14
19893	0.0030069	0.00016449	7.6386e-07	3.451e-07	8.1144e-07	4.5113e-06	9.3974e-07	4.7568e-06	5.9902e-08	6.9308e-07	1.0389e-07	9.9865e-07	1.4237e-07	8.188e-07	2.0929e-08	1.5284e-07	2.0382e-08	5.1e-08	3.1626e-08	1.2217e-07	1.6306e-08	4.7403e-08	2.5163e-08	5.8836e-08	5.0469e-08	6.7795e-07	3.5237e-09	3.4386e-08	4.6101e-10	5.966e-10	4.4067e-11	9.4913e-11	6.0338e-12	3.5253e-11	6.5761e-12	1.8305e-11	5.966e-12	1.9661e-11	4.4067e-12	1.0847e-11	1.9661e-12	5.4914e-12	6.4405e-13	2.1016e-12	1.0847e-12	3.1186e-12	1.0169e-12	2.7118e-12	5.966e-13	3.1864e-12	6.7117e-13	3.8643e-12	7.4575e-13	1.8305e-12	4.4067e-13	4.5423e-12	4.0677e-13	1.2203e-12	2.9152e-13	1.0847e-12	1.2881e-13	1.2203e-12	2.1016e-13	9.4913e-13	2.3728e-13	9.4913e-13	3.5931e-13	5.966e-13	1.2203e-13	6.0338e-13	8.8134e-14	5.4914e-13	4.949e-14	5.4914e-13	1.8983e-13	8.1354e-13	5.3558e-13	1.0169e-12	1.8983e-13	3.322e-13	1.0169e-13	9.4913e-13	4.949e-14	5.4914e-14	3.322e-14
20169.5	0.0029036	0.00015874	7.3757e-07	3.3235e-07	7.8045e-07	4.3535e-06	9.0508e-07	4.5934e-06	5.7615e-08	6.6882e-07	1.0005e-07	9.6433e-07	1.3729e-07	7.9119e-07	2.0144e-08	1.4759e-07	1.9604e-08	4.9117e-08	3.0419e-08	1.179e-07	1.5703e-08	4.5622e-08	2.4233e-08	5.67e-08	4.8732e-08	6.555e-07	3.4003e-09	3.3248e-08	4.4574e-10	5.7684e-10	4.2607e-11	9.177e-11	5.8339e-12	3.4086e-11	6.3583e-12	1.7698e-11	5.7684e-12	1.9009e-11	4.2607e-12	1.0488e-11	1.9009e-12	5.3095e-12	6.2272e-13	2.032e-12	1.0488e-12	3.0153e-12	9.8325e-13	2.622e-12	5.7684e-13	3.0808e-12	6.4894e-13	3.7363e-12	7.2105e-13	1.7698e-12	4.2607e-13	4.3918e-12	3.933e-13	1.1799e-12	2.8186e-13	1.0488e-12	1.2454e-13	1.1799e-12	2.032e-13	9.177e-13	2.2942e-13	9.177e-13	3.4741e-13	5.7684e-13	1.1799e-13	5.8339e-13	8.5215e-14	5.3095e-13	4.7851e-14	5.3095e-13	1.8354e-13	7.866e-13	5.1784e-13	9.8325e-13	1.8354e-13	3.2119e-13	9.8325e-14	9.177e-13	4.7851e-14	5.3095e-14	3.2119e-14
20449.8	0.0028037	0.00015318	7.1215e-07	3.2007e-07	7.5061e-07	4.201e-06	8.7166e-07	4.4355e-06	5.5413e-08	6.454e-07	9.6354e-08	9.3117e-07	1.324e-07	7.6449e-07	1.9387e-08	1.4251e-07	1.8856e-08	4.7301e-08	2.9257e-08	1.1377e-07	1.5123e-08	4.3906e-08	2.3337e-08	5.464e-08	4.7054e-08	6.3377e-07	3.2811e-09	3.2146e-08	4.3096e-10	5.5772e-10	4.1195e-11	8.8728e-11	5.6406e-12	3.2956e-11	6.1476e-12	1.7112e-11	5.5772e-12	1.8379e-11	4.1195e-12	1.014e-11	1.8379e-12	5.1335e-12	6.0208e-13	1.9647e-12	1.014e-12	2.9153e-12	9.5066e-13	2.5351e-12	5.5772e-13	2.9787e-12	6.2743e-13	3.6125e-12	6.9715e-13	1.7112e-12	4.1195e-13	4.2463e-12	3.8026e-13	1.1408e-12	2.7252e-13	1.014e-12	1.2042e-13	1.1408e-12	1.9647e-13	8.8728e-13	2.2182e-13	8.8728e-13	3.359e-13	5.5772e-13	1.1408e-13	5.6406e-13	8.239e-14	5.1335e-13	4.6265e-14	5.1335e-13	1.7746e-13	7.6052e-13	5.0068e-13	9.5066e-13	1.7746e-13	3.1055e-13	9.5066e-14	8.8728e-13	4.6265e-14	5.1335e-14	3.1055e-14
20734	0.0027072	0.00014781	6.876e-07	3.0822e-07	7.2189e-07	4.0538e-06	8.3946e-07	4.2828e-06	5.3293e-08	6.2278e-07	9.2791e-08	8.9912e-07	1.2767e-07	7.3868e-07	1.8658e-08	1.3761e-07	1.8135e-08	4.5552e-08	2.8139e-08	1.0978e-07	1.4564e-08	4.2254e-08	2.2473e-08	5.2653e-08	4.5432e-08	6.1275e-07	3.166e-09	3.108e-08	4.1667e-10	5.3922e-10	3.9829e-11	8.5785e-11	5.4534e-12	3.1863e-11	5.9436e-12	1.6544e-11	5.3922e-12	1.777e-11	3.9829e-12	9.8039e-12	1.777e-12	4.9632e-12	5.8211e-13	1.8995e-12	9.8039e-13	2.8186e-12	9.1912e-13	2.451e-12	5.3922e-13	2.8799e-12	6.0662e-13	3.4927e-12	6.7402e-13	1.6544e-12	3.9829e-13	4.1054e-12	3.6765e-13	1.1029e-12	2.6348e-13	9.8039e-13	1.1642e-13	1.1029e-12	1.8995e-13	8.5785e-13	2.1446e-13	8.5785e-13	3.2476e-13	5.3922e-13	1.1029e-13	5.4534e-13	7.9657e-14	4.9632e-13	4.4731e-14	4.9632e-13	1.7157e-13	7.353e-13	4.8407e-13	9.1912e-13	1.7157e-13	3.0025e-13	9.1912e-14	8.5785e-13	4.4731e-14	4.9632e-14	3.0025e-14
21022.2	0.0026138	0.00014262	6.6387e-07	2.9681e-07	6.9425e-07	3.9116e-06	8.0842e-07	4.1353e-06	5.1253e-08	6.0093e-07	8.9357e-08	8.6815e-07	1.2311e-07	7.1371e-07	1.7956e-08	1.3287e-07	1.7441e-08	4.3866e-08	2.7062e-08	1.0593e-07	1.4025e-08	4.0662e-08	2.164e-08	5.0736e-08	4.3865e-08	5.924e-07	3.0548e-09	3.0049e-08	4.0283e-10	5.2132e-10	3.8506e-11	8.2937e-11	5.2724e-12	3.0805e-11	5.7463e-12	1.5995e-11	5.2132e-12	1.718e-11	3.8506e-12	9.4785e-12	1.718e-12	4.7985e-12	5.6278e-13	1.8365e-12	9.4785e-13	2.7251e-12	8.8861e-13	2.3696e-12	5.2132e-13	2.7843e-12	5.8648e-13	3.3767e-12	6.5164e-13	1.5995e-12	3.8506e-13	3.9691e-12	3.5544e-13	1.0663e-12	2.5473e-13	9.4785e-13	1.1256e-13	1.0663e-12	1.8365e-13	8.2937e-13	2.0734e-13	8.2937e-13	3.1397e-13	5.2132e-13	1.0663e-13	5.2724e-13	7.7013e-14	4.7985e-13	4.3245e-14	4.7985e-13	1.6587e-13	7.1088e-13	4.68e-13	8.8861e-13	1.6587e-13	2.9028e-13	8.8861e-14	8.2937e-13	4.3245e-14	4.7985e-14	2.9028e-14
21314.3	0.0025236	0.00013762	6.4094e-07	2.8581e-07	6.6765e-07	3.7743e-06	7.785e-07	3.9928e-06	4.929e-08	5.7983e-07	8.6048e-08	8.3822e-07	1.187e-07	6.8957e-07	1.728e-08	1.283e-07	1.6773e-08	4.2241e-08	2.6026e-08	1.0221e-07	1.3505e-08	3.9129e-08	2.0838e-08	4.8888e-08	4.2351e-08	5.7272e-07	2.9475e-09	2.9051e-08	3.8945e-10	5.0399e-10	3.7227e-11	8.0181e-11	5.0972e-12	2.9781e-11	5.5554e-12	1.5463e-11	5.0399e-12	1.6609e-11	3.7227e-12	9.1635e-12	1.6609e-12	4.639e-12	5.4408e-13	1.7754e-12	9.1635e-13	2.6345e-12	8.5908e-13	2.2909e-12	5.0399e-13	2.6918e-12	5.6699e-13	3.2645e-12	6.2999e-13	1.5463e-12	3.7227e-13	3.8372e-12	3.4363e-13	1.0309e-12	2.4627e-13	9.1635e-13	1.0882e-13	1.0309e-12	1.7754e-13	8.0181e-13	2.0045e-13	8.0181e-13	3.0354e-13	5.0399e-13	1.0309e-13	5.0972e-13	7.4454e-14	4.639e-13	4.1809e-14	4.639e-13	1.6036e-13	6.8726e-13	4.5245e-13	8.5908e-13	1.6036e-13	2.8063e-13	8.5908e-14	8.0181e-13	4.1809e-14	4.639e-14	2.8063e-14
21610.5	0.0024365	0.00013278	6.1879e-07	2.7522e-07	6.4204e-07	3.6417e-06	7.4967e-07	3.8551e-06	4.74e-08	5.5946e-07	8.2858e-08	8.093e-07	1.1446e-07	6.6622e-07	1.6629e-08	1.2387e-07	1.6131e-08	4.0675e-08	2.5029e-08	9.8621e-08	1.3004e-08	3.7653e-08	2.0065e-08	4.7106e-08	4.0888e-08	5.5368e-07	2.8439e-09	2.8085e-08	3.765e-10	4.8724e-10	3.5989e-11	7.7515e-11	4.9277e-12	2.8791e-11	5.3707e-12	1.4949e-11	4.8724e-12	1.6057e-11	3.5989e-12	8.8588e-12	1.6057e-12	4.4848e-12	5.2599e-13	1.7164e-12	8.8588e-13	2.5469e-12	8.3051e-13	2.2147e-12	4.8724e-13	2.6023e-12	5.4814e-13	3.156e-12	6.0904e-13	1.4949e-12	3.5989e-13	3.7096e-12	3.3221e-13	9.9662e-13	2.3808e-13	8.8588e-13	1.052e-13	9.9662e-13	1.7164e-13	7.7515e-13	1.9379e-13	7.7515e-13	2.9345e-13	4.8724e-13	9.9662e-14	4.9277e-13	7.1978e-14	4.4848e-13	4.0418e-14	4.4848e-13	1.5503e-13	6.6441e-13	4.374e-13	8.3051e-13	1.5503e-13	2.713e-13	8.3051e-14	7.7515e-13	4.0418e-14	4.4848e-14	2.713e-14
21910.9	0.0023522	0.00012811	5.9738e-07	2.65e-07	6.174e-07	3.5137e-06	7.2188e-07	3.722e-06	4.5582e-08	5.3978e-07	7.9784e-08	7.8135e-07	1.1036e-07	6.4365e-07	1.6002e-08	1.196e-07	1.5512e-08	3.9165e-08	2.407e-08	9.5154e-08	1.2522e-08	3.6232e-08	1.932e-08	4.5388e-08	3.9474e-08	5.3525e-07	2.7438e-09	2.7151e-08	3.6397e-10	4.7102e-10	3.4791e-11	7.4935e-11	4.7637e-12	2.7833e-11	5.1919e-12	1.4452e-11	4.7102e-12	1.5522e-11	3.4791e-12	8.564e-12	1.5522e-12	4.3355e-12	5.0849e-13	1.6593e-12	8.564e-13	2.4622e-12	8.0288e-13	2.141e-12	4.7102e-13	2.5157e-12	5.299e-13	3.0509e-12	5.8878e-13	1.4452e-12	3.4791e-13	3.5862e-12	3.2115e-13	9.6345e-13	2.3016e-13	8.564e-13	1.017e-13	9.6345e-13	1.6593e-13	7.4935e-13	1.8734e-13	7.4935e-13	2.8368e-13	4.7102e-13	9.6345e-14	4.7637e-13	6.9583e-14	4.3355e-13	3.9073e-14	4.3355e-13	1.4987e-13	6.423e-13	4.2285e-13	8.0288e-13	1.4987e-13	2.6227e-13	8.0288e-14	7.4935e-13	3.9073e-14	4.3355e-14	2.6227e-14
22215.4	0.0022708	0.00012361	5.767e-07	2.5516e-07	5.9369e-07	3.3901e-06	6.9511e-07	3.5934e-06	4.3831e-08	5.2079e-07	7.6823e-08	7.5436e-07	1.064e-07	6.2183e-07	1.5398e-08	1.1547e-07	1.4917e-08	3.7711e-08	2.3146e-08	9.1806e-08	1.2057e-08	3.4863e-08	1.8602e-08	4.3731e-08	3.8108e-08	5.1743e-07	2.6472e-09	2.6247e-08	3.5185e-10	4.5533e-10	3.3633e-11	7.244e-11	4.6051e-12	2.6906e-11	5.019e-12	1.397e-11	4.5533e-12	1.5005e-11	3.3633e-12	8.2788e-12	1.5005e-12	4.1911e-12	4.9155e-13	1.604e-12	8.2788e-13	2.3802e-12	7.7614e-13	2.0697e-12	4.5533e-13	2.4319e-12	5.1225e-13	2.9493e-12	5.6917e-13	1.397e-12	3.3633e-13	3.4668e-12	3.1046e-13	9.3137e-13	2.2249e-13	8.2788e-13	9.8311e-14	9.3137e-13	1.604e-13	7.244e-13	1.811e-13	7.244e-13	2.7424e-13	4.5533e-13	9.3137e-14	4.6051e-13	6.7265e-14	4.1911e-13	3.7772e-14	4.1911e-13	1.4488e-13	6.2091e-13	4.0877e-13	7.7614e-13	1.4488e-13	2.5354e-13	7.7614e-14	7.244e-13	3.7772e-14	4.1911e-14	2.5354e-14
22524.1	0.0021921	0.00011925	5.5673e-07	2.4568e-07	5.7087e-07	3.2707e-06	6.693e-07	3.4692e-06	4.2147e-08	5.0245e-07	7.3969e-08	7.2827e-07	1.0258e-07	6.0073e-07	1.4816e-08	1.1147e-07	1.4344e-08	3.631e-08	2.2257e-08	8.8574e-08	1.1609e-08	3.3545e-08	1.791e-08	4.2134e-08	3.6789e-08	5.0018e-07	2.5539e-09	2.5373e-08	3.4012e-10	4.4016e-10	3.2512e-11	7.0025e-11	4.4516e-12	2.6009e-11	4.8517e-12	1.3505e-11	4.4016e-12	1.4505e-11	3.2512e-12	8.0029e-12	1.4505e-12	4.0515e-12	4.7517e-13	1.5506e-12	8.0029e-13	2.3008e-12	7.5027e-13	2.0007e-12	4.4016e-13	2.3508e-12	4.9518e-13	2.851e-12	5.502e-13	1.3505e-12	3.2512e-13	3.3512e-12	3.0011e-13	9.0032e-13	2.1508e-13	8.0029e-13	9.5034e-14	9.0032e-13	1.5506e-13	7.0025e-13	1.7506e-13	7.0025e-13	2.651e-13	4.4016e-13	9.0032e-14	4.4516e-13	6.5023e-14	4.0515e-13	3.6513e-14	4.0515e-13	1.4005e-13	6.0022e-13	3.9514e-13	7.5027e-13	1.4005e-13	2.4509e-13	7.5027e-14	7.0025e-13	3.6513e-14	4.0515e-14	2.4509e-14
22837.1	0.0021161	0.00011505	5.3743e-07	2.3654e-07	5.4892e-07	3.1554e-06	6.4444e-07	3.3492e-06	4.0527e-08	4.8474e-07	7.1219e-08	7.0307e-07	9.8901e-08	5.8033e-07	1.4256e-08	1.0762e-07	1.3793e-08	3.496e-08	2.1402e-08	8.5453e-08	1.1177e-08	3.2276e-08	1.7244e-08	4.0593e-08	3.5514e-08	4.835e-07	2.4638e-09	2.4527e-08	3.2878e-10	4.2548e-10	3.1427e-11	6.769e-11	4.3031e-12	2.5142e-11	4.6899e-12	1.3054e-11	4.2548e-12	1.4021e-11	3.1427e-12	7.736e-12	1.4021e-12	3.9163e-12	4.5932e-13	1.4988e-12	7.736e-13	2.2241e-12	7.2525e-13	1.934e-12	4.2548e-13	2.2724e-12	4.7866e-13	2.7559e-12	5.3185e-13	1.3054e-12	3.1427e-13	3.2394e-12	2.901e-13	8.703e-13	2.079e-13	7.736e-13	9.1865e-14	8.703e-13	1.4988e-13	6.769e-13	1.6922e-13	6.769e-13	2.5625e-13	4.2548e-13	8.703e-14	4.3031e-13	6.2855e-14	3.9163e-13	3.5295e-14	3.9163e-13	1.3538e-13	5.802e-13	3.8196e-13	7.2525e-13	1.3538e-13	2.3691e-13	7.2525e-14	6.769e-13	3.5295e-14	3.9163e-14	2.3691e-14
23154.5	0.0020426	0.00011099	5.1878e-07	2.2774e-07	5.2779e-07	3.0442e-06	6.2048e-07	3.2332e-06	3.8967e-08	4.6764e-07	6.8569e-08	6.7872e-07	9.5348e-08	5.606e-07	1.3717e-08	1.0389e-07	1.3262e-08	3.3659e-08	2.0579e-08	8.244e-08	1.0761e-08	3.1054e-08	1.6602e-08	3.9108e-08	3.4282e-08	4.6736e-07	2.3769e-09	2.3709e-08	3.178e-10	4.1128e-10	3.0378e-11	6.543e-11	4.1595e-12	2.4303e-11	4.5334e-12	1.2619e-11	4.1128e-12	1.3553e-11	3.0378e-12	7.4777e-12	1.3553e-12	3.7856e-12	4.4399e-13	1.4488e-12	7.4777e-13	2.1499e-12	7.0104e-13	1.8694e-12	4.1128e-13	2.1966e-12	4.6269e-13	2.6639e-12	5.141e-13	1.2619e-12	3.0378e-13	3.1313e-12	2.8042e-13	8.4125e-13	2.0096e-13	7.4777e-13	8.8798e-14	8.4125e-13	1.4488e-13	6.543e-13	1.6358e-13	6.543e-13	2.477e-13	4.1128e-13	8.4125e-14	4.1595e-13	6.0757e-14	3.7856e-13	3.4117e-14	3.7856e-13	1.3086e-13	5.6083e-13	3.6921e-13	7.0104e-13	1.3086e-13	2.2901e-13	7.0104e-14	6.543e-13	3.4117e-14	3.7856e-14	2.2901e-14
23476.3	0.0019717	0.00010708	5.0077e-07	2.1925e-07	5.0746e-07	2.9367e-06	5.974e-07	3.1212e-06	3.7467e-08	4.5114e-07	6.6017e-08	6.552e-07	9.192e-08	5.4154e-07	1.3198e-08	1.0029e-07	1.2752e-08	3.2405e-08	1.9787e-08	7.9531e-08	1.036e-08	2.9878e-08	1.5983e-08	3.7676e-08	3.3093e-08	4.5175e-07	2.2929e-09	2.2917e-08	3.0719e-10	3.9754e-10	2.9364e-11	6.3245e-11	4.0206e-12	2.3491e-11	4.382e-12	1.2197e-11	3.9754e-12	1.3101e-11	2.9364e-12	7.228e-12	1.3101e-12	3.6592e-12	4.2916e-13	1.4004e-12	7.228e-13	2.078e-12	6.7762e-13	1.807e-12	3.9754e-13	2.1232e-12	4.4723e-13	2.575e-12	4.9692e-13	1.2197e-12	2.9364e-13	3.0267e-12	2.7105e-13	8.1315e-13	1.9425e-13	7.228e-13	8.5832e-14	8.1315e-13	1.4004e-13	6.3245e-13	1.5811e-13	6.3245e-13	2.3943e-13	3.9754e-13	8.1315e-14	4.0206e-13	5.8727e-14	3.6592e-13	3.2978e-14	3.6592e-13	1.2649e-13	5.421e-13	3.5688e-13	6.7762e-13	1.2649e-13	2.2136e-13	6.7762e-14	6.3245e-13	3.2978e-14	3.6592e-14	2.2136e-14
23802.5	0.0019031	0.00010329	4.8338e-07	2.1108e-07	4.879e-07	2.833e-06	5.7516e-07	3.0129e-06	3.6023e-08	4.352e-07	6.3557e-08	6.3247e-07	8.8614e-08	5.2311e-07	1.2698e-08	9.6817e-08	1.2261e-08	3.1198e-08	1.9025e-08	7.6722e-08	9.9744e-09	2.8745e-08	1.5387e-08	3.6296e-08	3.1944e-08	4.3665e-07	2.2119e-09	2.2151e-08	2.9692e-10	3.8425e-10	2.8382e-11	6.1131e-11	3.8862e-12	2.2706e-11	4.2355e-12	1.179e-11	3.8425e-12	1.2663e-11	2.8382e-12	6.9864e-12	1.2663e-12	3.5369e-12	4.1482e-13	1.3536e-12	6.9864e-13	2.0086e-12	6.5497e-13	1.7466e-12	3.8425e-13	2.0522e-12	4.3228e-13	2.4889e-12	4.8031e-13	1.179e-12	2.8382e-13	2.9255e-12	2.6199e-13	7.8597e-13	1.8776e-13	6.9864e-13	8.2963e-14	7.8597e-13	1.3536e-13	6.1131e-13	1.5283e-13	6.1131e-13	2.3142e-13	3.8425e-13	7.8597e-14	3.8862e-13	5.6764e-14	3.5369e-13	3.1875e-14	3.5369e-13	1.2226e-13	5.2398e-13	3.4495e-13	6.5497e-13	1.2226e-13	2.1396e-13	6.5497e-14	6.1131e-13	3.1875e-14	3.5369e-14	2.1396e-14
24133.3	0.0018369	9.9644e-05	4.6657e-07	2.0321e-07	4.6908e-07	2.7329e-06	5.5373e-07	2.9084e-06	3.4634e-08	4.1982e-07	6.1188e-08	6.1052e-07	8.5423e-08	5.0529e-07	1.2217e-08	9.3458e-08	1.1788e-08	3.0034e-08	1.8292e-08	7.4011e-08	9.6024e-09	2.7654e-08	1.4813e-08	3.4966e-08	3.0834e-08	4.2204e-07	2.1336e-09	2.1411e-08	2.8699e-10	3.714e-10	2.7433e-11	5.9086e-11	3.7562e-12	2.1946e-11	4.0938e-12	1.1395e-11	3.714e-12	1.2239e-11	2.7433e-12	6.7527e-12	1.2239e-12	3.4185e-12	4.0094e-13	1.3083e-12	6.7527e-13	1.9414e-12	6.3306e-13	1.6882e-12	3.714e-13	1.9836e-12	4.1782e-13	2.4056e-12	4.6425e-13	1.1395e-12	2.7433e-13	2.8277e-12	2.5323e-13	7.5968e-13	1.8148e-13	6.7527e-13	8.0188e-14	7.5968e-13	1.3083e-13	5.9086e-13	1.4771e-13	5.9086e-13	2.2368e-13	3.714e-13	7.5968e-14	3.7562e-13	5.4866e-14	3.4185e-13	3.0809e-14	3.4185e-13	1.1817e-13	5.0645e-13	3.3341e-13	6.3306e-13	1.1817e-13	2.068e-13	6.3306e-14	5.9086e-13	3.0809e-14	3.4185e-14	2.068e-14
24468.7	0.0017729	9.612e-05	4.5034e-07	1.9562e-07	4.5098e-07	2.6363e-06	5.3309e-07	2.8074e-06	3.3298e-08	4.0497e-07	5.8905e-08	5.8932e-07	8.2346e-08	4.8807e-07	1.1753e-08	9.0213e-08	1.1333e-08	2.8914e-08	1.7586e-08	7.1394e-08	9.2441e-09	2.6604e-08	1.426e-08	3.3683e-08	2.9762e-08	4.0792e-07	2.0581e-09	2.0694e-08	2.7738e-10	3.5897e-10	2.6515e-11	5.7108e-11	3.6304e-12	2.1212e-11	3.9568e-12	1.1014e-11	3.5897e-12	1.183e-11	2.6515e-12	6.5266e-12	1.183e-12	3.3041e-12	3.8752e-13	1.2645e-12	6.5266e-13	1.8764e-12	6.1187e-13	1.6317e-12	3.5897e-13	1.9172e-12	4.0384e-13	2.3251e-12	4.4871e-13	1.1014e-12	2.6515e-13	2.733e-12	2.4475e-13	7.3425e-13	1.754e-13	6.5266e-13	7.7504e-14	7.3425e-13	1.2645e-13	5.7108e-13	1.4277e-13	5.7108e-13	2.162e-13	3.5897e-13	7.3425e-14	3.6304e-13	5.3029e-14	3.3041e-13	2.9778e-14	3.3041e-13	1.1422e-13	4.895e-13	3.2225e-13	6.1187e-13	1.1422e-13	1.9988e-13	6.1187e-14	5.7108e-13	2.9778e-14	3.3041e-14	1.9988e-14
24808.8	0.001711	9.2718e-05	4.3467e-07	1.8832e-07	4.3356e-07	2.543e-06	5.132e-07	2.7098e-06	3.2012e-08	3.9064e-07	5.6706e-08	5.6884e-07	7.9378e-08	4.7143e-07	1.1307e-08	8.7079e-08	1.0896e-08	2.7834e-08	1.6908e-08	6.8867e-08	8.8989e-09	2.5594e-08	1.3727e-08	3.2446e-08	2.8726e-08	3.9425e-07	1.9852e-09	2.0001e-08	2.6809e-10	3.4694e-10	2.5626e-11	5.5195e-11	3.5088e-12	2.0501e-11	3.8242e-12	1.0645e-11	3.4694e-12	1.1433e-11	2.5626e-12	6.308e-12	1.1433e-12	3.1934e-12	3.7454e-13	1.2222e-12	6.308e-13	1.8136e-12	5.9138e-13	1.577e-12	3.4694e-13	1.853e-12	3.9031e-13	2.2472e-12	4.3368e-13	1.0645e-12	2.5626e-13	2.6415e-12	2.3655e-13	7.0965e-13	1.6953e-13	6.308e-13	7.4908e-14	7.0965e-13	1.2222e-13	5.5195e-13	1.3799e-13	5.5195e-13	2.0895e-13	3.4694e-13	7.0965e-14	3.5088e-13	5.1253e-14	3.1934e-13	2.878e-14	3.1934e-13	1.1039e-13	4.731e-13	3.1146e-13	5.9138e-13	1.1039e-13	1.9318e-13	5.9138e-14	5.5195e-13	2.878e-14	3.1934e-14	1.9318e-14
25153.6	0.0016513	8.9435e-05	4.1952e-07	1.8128e-07	4.1681e-07	2.4529e-06	4.9405e-07	2.6156e-06	3.0775e-08	3.768e-07	5.4588e-08	5.4905e-07	7.6514e-08	4.5534e-07	1.0878e-08	8.4052e-08	1.0475e-08	2.6794e-08	1.6255e-08	6.6429e-08	8.5664e-09	2.4621e-08	1.3214e-08	3.1254e-08	2.7726e-08	3.8104e-07	1.9149e-09	1.9331e-08	2.591e-10	3.3531e-10	2.4767e-11	5.3345e-11	3.3912e-12	1.9814e-11	3.6961e-12	1.0288e-11	3.3531e-12	1.105e-11	2.4767e-12	6.0966e-12	1.105e-12	3.0864e-12	3.6198e-13	1.1812e-12	6.0966e-13	1.7528e-12	5.7155e-13	1.5241e-12	3.3531e-13	1.7909e-12	3.7723e-13	2.1719e-12	4.1914e-13	1.0288e-12	2.4767e-13	2.5529e-12	2.2862e-13	6.8587e-13	1.6385e-13	6.0966e-13	7.2397e-14	6.8587e-13	1.1812e-13	5.3345e-13	1.3336e-13	5.3345e-13	2.0195e-13	3.3531e-13	6.8587e-14	3.3912e-13	4.9535e-14	3.0864e-13	2.7816e-14	3.0864e-13	1.0669e-13	4.5724e-13	3.0102e-13	5.7155e-13	1.0669e-13	1.8671e-13	5.7155e-14	5.3345e-13	2.7816e-14	3.0864e-14	1.8671e-14
25503.1	0.0015936	8.6265e-05	4.049e-07	1.745e-07	4.0069e-07	2.366e-06	4.7559e-07	2.5246e-06	2.9585e-08	3.6345e-07	5.2547e-08	5.2995e-07	7.3752e-08	4.3979e-07	1.0464e-08	8.1128e-08	1.007e-08	2.5792e-08	1.5627e-08	6.4075e-08	8.2461e-09	2.3684e-08	1.272e-08	3.0106e-08	2.676e-08	3.6826e-07	1.847e-09	1.8683e-08	2.5041e-10	3.2407e-10	2.3937e-11	5.1556e-11	3.2775e-12	1.9149e-11	3.5721e-12	9.9429e-12	3.2407e-12	1.0679e-11	2.3937e-12	5.8921e-12	1.0679e-12	2.9829e-12	3.4984e-13	1.1416e-12	5.8921e-13	1.694e-12	5.5238e-13	1.473e-12	3.2407e-13	1.7308e-12	3.6457e-13	2.0991e-12	4.0508e-13	9.9429e-13	2.3937e-13	2.4673e-12	2.2095e-13	6.6286e-13	1.5835e-13	5.8921e-13	6.9969e-14	6.6286e-13	1.1416e-13	5.1556e-13	1.2889e-13	5.1556e-13	1.9518e-13	3.2407e-13	6.6286e-14	3.2775e-13	4.7873e-14	2.9829e-13	2.6883e-14	2.9829e-13	1.0311e-13	4.4191e-13	2.9092e-13	5.5238e-13	1.0311e-13	1.8045e-13	5.5238e-14	5.1556e-13	2.6883e-14	2.9829e-14	1.8045e-14
25857.6	0.0015379	8.3206e-05	3.9078e-07	1.6797e-07	3.8518e-07	2.2821e-06	4.5781e-07	2.4367e-06	2.8441e-08	3.5056e-07	5.0581e-08	5.1149e-07	7.1088e-08	4.2476e-07	1.0066e-08	7.8304e-08	9.681e-09	2.4827e-08	1.5022e-08	6.1803e-08	7.9376e-09	2.2783e-08	1.2244e-08	2.8998e-08	2.5827e-08	3.559e-07	1.7814e-09	1.8056e-08	2.4201e-10	3.1319e-10	2.3133e-11	4.9825e-11	3.1675e-12	1.8507e-11	3.4522e-12	9.6092e-12	3.1319e-12	1.0321e-11	2.3133e-12	5.6943e-12	1.0321e-12	2.8828e-12	3.381e-13	1.1033e-12	5.6943e-13	1.6371e-12	5.3384e-13	1.4236e-12	3.1319e-13	1.6727e-12	3.5234e-13	2.0286e-12	3.9149e-13	9.6092e-13	2.3133e-13	2.3845e-12	2.1354e-13	6.4061e-13	1.5304e-13	5.6943e-13	6.762e-14	6.4061e-13	1.1033e-13	4.9825e-13	1.2456e-13	4.9825e-13	1.8862e-13	3.1319e-13	6.4061e-14	3.1675e-13	4.6266e-14	2.8828e-13	2.598e-14	2.8828e-13	9.9651e-14	4.2708e-13	2.8116e-13	5.3384e-13	9.9651e-14	1.7439e-13	5.3384e-14	4.9825e-13	2.598e-14	2.8828e-14	1.7439e-14
26216.9	0.0014841	8.0253e-05	3.7714e-07	1.6168e-07	3.7027e-07	2.2011e-06	4.4069e-07	2.3518e-06	2.734e-08	3.3812e-07	4.8688e-08	4.9367e-07	6.8519e-08	4.1023e-07	9.6831e-09	7.5576e-08	9.3064e-09	2.3897e-08	1.4441e-08	5.961e-08	7.6404e-09	2.1915e-08	1.1785e-08	2.7931e-08	2.4926e-08	3.4394e-07	1.7182e-09	1.745e-08	2.3388e-10	3.0267e-10	2.2356e-11	4.8152e-11	3.0611e-12	1.7885e-11	3.3362e-12	9.2865e-12	3.0267e-12	9.9743e-12	2.2356e-12	5.5031e-12	9.9743e-13	2.7859e-12	3.2675e-13	1.0662e-12	5.5031e-13	1.5821e-12	5.1591e-13	1.3758e-12	3.0267e-13	1.6165e-12	3.405e-13	1.9605e-12	3.7834e-13	9.2865e-13	2.2356e-13	2.3044e-12	2.0637e-13	6.191e-13	1.479e-13	5.5031e-13	6.5349e-14	6.191e-13	1.0662e-13	4.8152e-13	1.2038e-13	4.8152e-13	1.8229e-13	3.0267e-13	6.191e-14	3.0611e-13	4.4713e-14	2.7859e-13	2.5108e-14	2.7859e-13	9.6304e-14	4.1273e-13	2.7171e-13	5.1591e-13	9.6304e-14	1.6853e-13	5.1591e-14	4.8152e-13	2.5108e-14	2.7859e-14	1.6853e-14
26581.3	0.0014321	7.7404e-05	3.6397e-07	1.5562e-07	3.5592e-07	2.123e-06	4.2419e-07	2.2698e-06	2.6281e-08	3.2611e-07	4.6865e-08	4.7645e-07	6.6041e-08	3.9619e-07	9.3144e-09	7.2941e-08	8.9461e-09	2.3002e-08	1.3882e-08	5.7493e-08	7.3542e-09	2.108e-08	1.1343e-08	2.6902e-08	2.4056e-08	3.3238e-07	1.6571e-09	1.6864e-08	2.2602e-10	2.925e-10	2.1605e-11	4.6534e-11	2.9582e-12	1.7284e-11	3.2241e-12	8.9744e-12	2.925e-12	9.6391e-12	2.1605e-12	5.3181e-12	9.6391e-13	2.6923e-12	3.1576e-13	1.0304e-12	5.3181e-13	1.529e-12	4.9858e-13	1.3295e-12	2.925e-13	1.5622e-12	3.2906e-13	1.8946e-12	3.6562e-13	8.9744e-13	2.1605e-13	2.227e-12	1.9943e-13	5.9829e-13	1.4293e-13	5.3181e-13	6.3153e-14	5.9829e-13	1.0304e-13	4.6534e-13	1.1633e-13	4.6534e-13	1.7616e-13	2.925e-13	5.9829e-14	2.9582e-13	4.321e-14	2.6923e-13	2.4264e-14	2.6923e-13	9.3067e-14	3.9886e-13	2.6258e-13	4.9858e-13	9.3067e-14	1.6287e-13	4.9858e-14	4.6534e-13	2.4264e-14	2.6923e-14	1.6287e-14
26950.7	0.0013819	7.4654e-05	3.5125e-07	1.4979e-07	3.4213e-07	2.0475e-06	4.0831e-07	2.1906e-06	2.5262e-08	3.1452e-07	4.5108e-08	4.5983e-07	6.3651e-08	3.8263e-07	8.9595e-09	7.0397e-08	8.5995e-09	2.214e-08	1.3344e-08	5.5451e-08	7.0785e-09	2.0276e-08	1.0918e-08	2.5911e-08	2.3215e-08	3.2121e-07	1.5982e-09	1.6297e-08	2.1842e-10	2.8266e-10	2.0878e-11	4.4969e-11	2.8587e-12	1.6703e-11	3.1157e-12	8.6726e-12	2.8266e-12	9.315e-12	2.0878e-12	5.1393e-12	9.315e-13	2.6018e-12	3.0515e-13	9.9574e-13	5.1393e-13	1.4775e-12	4.8181e-13	1.2848e-12	2.8266e-13	1.5097e-12	3.1799e-13	1.8309e-12	3.5333e-13	8.6726e-13	2.0878e-13	2.1521e-12	1.9272e-13	5.7817e-13	1.3812e-13	5.1393e-13	6.1029e-14	5.7817e-13	9.9574e-14	4.4969e-13	1.1242e-13	4.4969e-13	1.7024e-13	2.8266e-13	5.7817e-14	2.8587e-13	4.1757e-14	2.6018e-13	2.3448e-14	2.6018e-13	8.9938e-14	3.8545e-13	2.5375e-13	4.8181e-13	8.9938e-14	1.5739e-13	4.8181e-14	4.4969e-13	2.3448e-14	2.6018e-14	1.5739e-14
27325.2	0.0013335	7.1999e-05	3.3897e-07	1.4417e-07	3.2885e-07	1.9747e-06	3.9301e-07	2.1142e-06	2.4283e-08	3.0334e-07	4.3417e-08	4.4377e-07	6.1346e-08	3.6952e-07	8.6179e-09	6.794e-08	8.2661e-09	2.1309e-08	1.2827e-08	5.348e-08	6.813e-09	1.9502e-08	1.0508e-08	2.4955e-08	2.2404e-08	3.104e-07	1.5413e-09	1.5749e-08	2.1107e-10	2.7315e-10	2.0176e-11	4.3456e-11	2.7625e-12	1.6141e-11	3.0109e-12	8.3807e-12	2.7315e-12	9.0015e-12	2.0176e-12	4.9664e-12	9.0015e-13	2.5142e-12	2.9488e-13	9.6223e-13	4.9664e-13	1.4278e-12	4.656e-13	1.2416e-12	2.7315e-13	1.4589e-12	3.0729e-13	1.7693e-12	3.4144e-13	8.3807e-13	2.0176e-13	2.0797e-12	1.8624e-13	5.5872e-13	1.3347e-13	4.9664e-13	5.8976e-14	5.5872e-13	9.6223e-14	4.3456e-13	1.0864e-13	4.3456e-13	1.6451e-13	2.7315e-13	5.5872e-14	2.7625e-13	4.0352e-14	2.5142e-13	2.2659e-14	2.5142e-13	8.6911e-14	3.7248e-13	2.4521e-13	4.656e-13	8.6911e-14	1.5209e-13	4.656e-14	4.3456e-13	2.2659e-14	2.5142e-14	1.5209e-14
27705	0.0012867	6.9438e-05	3.2711e-07	1.3876e-07	3.1609e-07	1.9045e-06	3.7827e-07	2.0403e-06	2.334e-08	2.9255e-07	4.1788e-08	4.2827e-07	5.9123e-08	3.5685e-07	8.2891e-09	6.5567e-08	7.9454e-09	2.051e-08	1.233e-08	5.1577e-08	6.5573e-09	1.8758e-08	1.0114e-08	2.4035e-08	2.1621e-08	2.9995e-07	1.4864e-09	1.5219e-08	2.0396e-10	2.6395e-10	1.9496e-11	4.1992e-11	2.6695e-12	1.5597e-11	2.9095e-12	8.0985e-12	2.6395e-12	8.6984e-12	1.9496e-12	4.7991e-12	8.6984e-13	2.4296e-12	2.8495e-13	9.2983e-13	4.7991e-13	1.3798e-12	4.4992e-13	1.1998e-12	2.6395e-13	1.4097e-12	2.9695e-13	1.7097e-12	3.2994e-13	8.0985e-13	1.9496e-13	2.0096e-12	1.7997e-13	5.399e-13	1.2898e-13	4.7991e-13	5.699e-14	5.399e-13	9.2983e-14	4.1992e-13	1.0498e-13	4.1992e-13	1.5897e-13	2.6395e-13	5.399e-14	2.6695e-13	3.8993e-14	2.4296e-13	2.1896e-14	2.4296e-13	8.3985e-14	3.5994e-13	2.3696e-13	4.4992e-13	8.3985e-14	1.4697e-13	4.4992e-14	4.1992e-13	2.1896e-14	2.4296e-14	1.4697e-14
28090	0.0012415	6.6966e-05	3.1566e-07	1.3354e-07	3.0381e-07	1.8367e-06	3.6408e-07	1.969e-06	2.2434e-08	2.8213e-07	4.0219e-08	4.133e-07	5.698e-08	3.4461e-07	7.9727e-09	6.3276e-08	7.637e-09	1.9739e-08	1.1851e-08	4.9741e-08	6.3111e-09	1.8041e-08	9.7337e-09	2.3147e-08	2.0864e-08	2.8984e-07	1.4335e-09	1.4706e-08	1.9709e-10	2.5506e-10	1.884e-11	4.0578e-11	2.5796e-12	1.5072e-11	2.8115e-12	7.8257e-12	2.5506e-12	8.4054e-12	1.884e-12	4.6374e-12	8.4054e-13	2.3477e-12	2.7535e-13	8.985e-13	4.6374e-13	1.3333e-12	4.3476e-13	1.1594e-12	2.5506e-13	1.3622e-12	2.8694e-13	1.6521e-12	3.1882e-13	7.8257e-13	1.884e-13	1.9419e-12	1.739e-13	5.2171e-13	1.2463e-13	4.6374e-13	5.507e-14	5.2171e-13	8.985e-14	4.0578e-13	1.0144e-13	4.0578e-13	1.5362e-13	2.5506e-13	5.2171e-14	2.5796e-13	3.7679e-14	2.3477e-13	2.1158e-14	2.3477e-13	8.1155e-14	3.4781e-13	2.2897e-13	4.3476e-13	8.1155e-14	1.4202e-13	4.3476e-14	4.0578e-13	2.1158e-14	2.3477e-14	1.4202e-14
28480.4	0.0011978	6.4581e-05	3.046e-07	1.2852e-07	2.9201e-07	1.7713e-06	3.5041e-07	1.9001e-06	2.1562e-08	2.7208e-07	3.8708e-08	3.9884e-07	5.4912e-08	3.3278e-07	7.6681e-09	6.1063e-08	7.3404e-09	1.8998e-08	1.1391e-08	4.797e-08	6.074e-09	1.7352e-08	9.3678e-09	2.2292e-08	2.0133e-08	2.8007e-07	1.3824e-09	1.4211e-08	1.9045e-10	2.4646e-10	1.8205e-11	3.921e-11	2.4926e-12	1.4564e-11	2.7167e-12	7.5619e-12	2.4646e-12	8.122e-12	1.8205e-12	4.4811e-12	8.122e-13	2.2686e-12	2.6607e-13	8.6821e-13	4.4811e-13	1.2883e-12	4.201e-13	1.1203e-12	2.4646e-13	1.3163e-12	2.7727e-13	1.5964e-12	3.0808e-13	7.5619e-13	1.8205e-13	1.8765e-12	1.6804e-13	5.0412e-13	1.2043e-13	4.4811e-13	5.3213e-14	5.0412e-13	8.6821e-14	3.921e-13	9.8024e-14	3.921e-13	1.4844e-13	2.4646e-13	5.0412e-14	2.4926e-13	3.6409e-14	2.2686e-13	2.0445e-14	2.2686e-13	7.8419e-14	3.3608e-13	2.2125e-13	4.201e-13	7.8419e-14	1.3723e-13	4.201e-14	3.921e-13	2.0445e-14	2.2686e-14	1.3723e-14
28876.2	0.0011557	6.2279e-05	2.9392e-07	1.2369e-07	2.8065e-07	1.7082e-06	3.3724e-07	1.8336e-06	2.0724e-08	2.6238e-07	3.7253e-08	3.8488e-07	5.2919e-08	3.2135e-07	7.3751e-09	5.8927e-08	7.0552e-09	1.8283e-08	1.0948e-08	4.626e-08	5.8456e-09	1.6688e-08	9.0155e-09	2.1468e-08	1.9428e-08	2.7062e-07	1.3331e-09	1.3731e-08	1.8402e-10	2.3815e-10	1.759e-11	3.7887e-11	2.4085e-12	1.4072e-11	2.625e-12	7.3068e-12	2.3815e-12	7.848e-12	1.759e-12	4.33e-12	7.848e-13	2.192e-12	2.5709e-13	8.3893e-13	4.33e-13	1.2449e-12	4.0593e-13	1.0825e-12	2.3815e-13	1.2719e-12	2.6792e-13	1.5425e-12	2.9768e-13	7.3068e-13	1.759e-13	1.8132e-12	1.6237e-13	4.8712e-13	1.1637e-13	4.33e-13	5.1418e-14	4.8712e-13	8.3893e-14	3.7887e-13	9.4718e-14	3.7887e-13	1.4343e-13	2.3815e-13	4.8712e-14	2.4085e-13	3.5181e-14	2.192e-13	1.9755e-14	2.192e-13	7.5774e-14	3.2475e-13	2.1379e-13	4.0593e-13	7.5774e-14	1.326e-13	4.0593e-14	3.7887e-13	1.9755e-14	2.192e-14	1.326e-14
29277.5	0.001115	6.0059e-05	2.8362e-07	1.1904e-07	2.6973e-07	1.6472e-06	3.2457e-07	1.7694e-06	1.9918e-08	2.5303e-07	3.5852e-08	3.714e-07	5.0997e-08	3.103e-07	7.093e-09	5.6864e-08	6.7809e-09	1.7596e-08	1.0523e-08	4.4611e-08	5.6257e-09	1.6049e-08	8.6762e-09	2.0675e-08	1.8747e-08	2.6149e-07	1.2855e-09	1.3268e-08	1.7781e-10	2.3011e-10	1.6997e-11	3.6608e-11	2.3272e-12	1.3597e-11	2.5364e-12	7.0602e-12	2.3011e-12	7.5832e-12	1.6997e-12	4.1838e-12	7.5832e-13	2.1181e-12	2.4841e-13	8.1061e-13	4.1838e-13	1.2028e-12	3.9223e-13	1.046e-12	2.3011e-13	1.229e-12	2.5887e-13	1.4905e-12	2.8764e-13	7.0602e-13	1.6997e-13	1.752e-12	1.5689e-13	4.7068e-13	1.1244e-13	4.1838e-13	4.9683e-14	4.7068e-13	8.1061e-14	3.6608e-13	9.1521e-14	3.6608e-13	1.3859e-13	2.3011e-13	4.7068e-14	2.3272e-13	3.3993e-14	2.1181e-13	1.9089e-14	2.1181e-13	7.3217e-14	3.1379e-13	2.0658e-13	3.9223e-13	7.3217e-14	1.2813e-13	3.9223e-14	3.6608e-13	1.9089e-14	2.1181e-14	1.2813e-14
29684.3	0.0010752	5.7916e-05	2.7366e-07	1.1456e-07	2.5923e-07	1.5885e-06	3.1236e-07	1.7074e-06	1.9143e-08	2.44e-07	3.4503e-08	3.5839e-07	4.9144e-08	2.9963e-07	6.8216e-09	5.4872e-08	6.5171e-09	1.6933e-08	1.0113e-08	4.3019e-08	5.414e-09	1.5435e-08	8.3495e-09	1.991e-08	1.8089e-08	2.5266e-07	1.2396e-09	1.282e-08	1.7181e-10	2.2234e-10	1.6423e-11	3.5372e-11	2.2486e-12	1.3138e-11	2.4508e-12	6.8217e-12	2.2234e-12	7.3271e-12	1.6423e-12	4.0425e-12	7.3271e-13	2.0465e-12	2.4002e-13	7.8324e-13	4.0425e-13	1.1622e-12	3.7899e-13	1.0106e-12	2.2234e-13	1.1875e-12	2.5013e-13	1.4401e-12	2.7792e-13	6.8217e-13	1.6423e-13	1.6928e-12	1.5159e-13	4.5478e-13	1.0864e-13	4.0425e-13	4.8005e-14	4.5478e-13	7.8324e-14	3.5372e-13	8.843e-14	3.5372e-13	1.3391e-13	2.2234e-13	4.5478e-14	2.2486e-13	3.2845e-14	2.0465e-13	1.8444e-14	2.0465e-13	7.0744e-14	3.0319e-13	1.996e-13	3.7899e-13	7.0744e-14	1.238e-13	3.7899e-14	3.5372e-13	1.8444e-14	2.0465e-14	1.238e-14
30096.9	0.0010373	5.5848e-05	2.6406e-07	1.1024e-07	2.4914e-07	1.5318e-06	3.0061e-07	1.6476e-06	1.8397e-08	2.3529e-07	3.3204e-08	3.4582e-07	4.7357e-08	2.8932e-07	6.5605e-09	5.2949e-08	6.2634e-09	1.6295e-08	9.7196e-09	4.1483e-08	5.2101e-09	1.4843e-08	8.0349e-09	1.9172e-08	1.7455e-08	2.4412e-07	1.1953e-09	1.2387e-08	1.66e-10	2.1483e-10	1.5868e-11	3.4177e-11	2.1727e-12	1.2694e-11	2.368e-12	6.5912e-12	2.1483e-12	7.0795e-12	1.5868e-12	3.9059e-12	7.0795e-13	1.9774e-12	2.3191e-13	7.5677e-13	3.9059e-13	1.123e-12	3.6618e-13	9.7648e-13	2.1483e-13	1.1474e-12	2.4168e-13	1.3915e-12	2.6853e-13	6.5912e-13	1.5868e-13	1.6356e-12	1.4647e-13	4.3942e-13	1.0497e-13	3.9059e-13	4.6383e-14	4.3942e-13	7.5677e-14	3.4177e-13	8.5442e-14	3.4177e-13	1.2938e-13	2.1483e-13	4.3942e-14	2.1727e-13	3.1736e-14	1.9774e-13	1.7821e-14	1.9774e-13	6.8354e-14	2.9294e-13	1.9285e-13	3.6618e-13	6.8354e-14	1.1962e-13	3.6618e-14	3.4177e-13	1.7821e-14	1.9774e-14	1.1962e-14
30515.1	0.0010007	5.3853e-05	2.5478e-07	1.0609e-07	2.3943e-07	1.477e-06	2.8929e-07	1.5898e-06	1.7681e-08	2.2688e-07	3.1953e-08	3.3369e-07	4.5634e-08	2.7936e-07	6.3092e-09	5.1092e-08	6.0194e-09	1.5681e-08	9.341e-09	4.0001e-08	5.0138e-09	1.4274e-08	7.732e-09	1.8462e-08	1.6842e-08	2.3587e-07	1.1526e-09	1.1968e-08	1.6039e-10	2.0756e-10	1.5331e-11	3.3021e-11	2.0992e-12	1.2265e-11	2.2879e-12	6.3684e-12	2.0756e-12	6.8401e-12	1.5331e-12	3.7739e-12	6.8401e-13	1.9105e-12	2.2407e-13	7.3118e-13	3.7739e-13	1.085e-12	3.538e-13	9.4346e-13	2.0756e-13	1.1086e-12	2.3351e-13	1.3444e-12	2.5945e-13	6.3684e-13	1.5331e-13	1.5803e-12	1.4152e-13	4.2456e-13	1.0142e-13	3.7739e-13	4.4815e-14	4.2456e-13	7.3118e-14	3.3021e-13	8.2553e-14	3.3021e-13	1.2501e-13	2.0756e-13	4.2456e-14	2.0992e-13	3.0663e-14	1.9105e-13	1.7218e-14	1.9105e-13	6.6042e-14	2.8304e-13	1.8633e-13	3.538e-13	6.6042e-14	1.1557e-13	3.538e-14	3.3021e-13	1.7218e-14	1.9105e-14	1.1557e-14
30939.2	0.00096539	5.1928e-05	2.4583e-07	1.0209e-07	2.3009e-07	1.4243e-06	2.7839e-07	1.534e-06	1.6991e-08	2.1877e-07	3.0749e-08	3.2198e-07	4.3973e-08	2.6974e-07	6.0674e-09	4.9299e-08	5.7848e-09	1.509e-08	8.9771e-09	3.8572e-08	4.8247e-09	1.3727e-08	7.4404e-09	1.7778e-08	1.625e-08	2.2789e-07	1.1114e-09	1.1564e-08	1.5496e-10	2.0054e-10	1.4813e-11	3.1904e-11	2.0282e-12	1.185e-11	2.2105e-12	6.1529e-12	2.0054e-12	6.6087e-12	1.4813e-12	3.6462e-12	6.6087e-13	1.8459e-12	2.1649e-13	7.0645e-13	3.6462e-13	1.0483e-12	3.4183e-13	9.1155e-13	2.0054e-13	1.0711e-12	2.2561e-13	1.299e-12	2.5068e-13	6.1529e-13	1.4813e-13	1.5268e-12	1.3673e-13	4.102e-13	9.7991e-14	3.6462e-13	4.3299e-14	4.102e-13	7.0645e-14	3.1904e-13	7.976e-14	3.1904e-13	1.2078e-13	2.0054e-13	4.102e-14	2.0282e-13	2.9625e-14	1.8459e-13	1.6636e-14	1.8459e-13	6.3808e-14	2.7346e-13	1.8003e-13	3.4183e-13	6.3808e-14	1.1166e-13	3.4183e-14	3.1904e-13	1.6636e-14	1.8459e-14	1.1166e-14
31369.2	0.00093128	5.0071e-05	2.3718e-07	9.8233e-08	2.2112e-07	1.3733e-06	2.679e-07	1.4801e-06	1.6329e-08	2.1095e-07	2.9589e-08	3.1067e-07	4.2371e-08	2.6044e-07	5.8347e-09	4.7568e-08	5.5593e-09	1.4521e-08	8.6271e-09	3.7193e-08	4.6427e-09	1.32e-08	7.1596e-09	1.7119e-08	1.5679e-08	2.2017e-07	1.0716e-09	1.1172e-08	1.4972e-10	1.9375e-10	1.4311e-11	3.0824e-11	1.9595e-12	1.1449e-11	2.1357e-12	5.9447e-12	1.9375e-12	6.385e-12	1.4311e-12	3.5228e-12	6.385e-13	1.7834e-12	2.0916e-13	6.8254e-13	3.5228e-13	1.0128e-12	3.3026e-13	8.8069e-13	1.9375e-13	1.0348e-12	2.1797e-13	1.255e-12	2.4219e-13	5.9447e-13	1.4311e-13	1.4752e-12	1.321e-13	3.9631e-13	9.4675e-14	3.5228e-13	4.1833e-14	3.9631e-13	6.8254e-14	3.0824e-13	7.7061e-14	3.0824e-13	1.1669e-13	1.9375e-13	3.9631e-14	1.9595e-13	2.8623e-14	1.7834e-13	1.6073e-14	1.7834e-13	6.1649e-14	2.6421e-13	1.7394e-13	3.3026e-13	6.1649e-14	1.0788e-13	3.3026e-14	3.0824e-13	1.6073e-14	1.7834e-14	1.0788e-14
31805.2	0.00089834	4.828e-05	2.2884e-07	9.4525e-08	2.1249e-07	1.3242e-06	2.5779e-07	1.4281e-06	1.5692e-08	2.034e-07	2.8472e-08	2.9975e-07	4.0827e-08	2.5146e-07	5.6108e-09	4.5897e-08	5.3424e-09	1.3973e-08	8.2905e-09	3.5862e-08	4.4675e-09	1.2693e-08	6.8893e-09	1.6483e-08	1.5127e-08	2.1272e-07	1.0332e-09	1.0794e-08	1.4465e-10	1.8719e-10	1.3827e-11	2.978e-11	1.8932e-12	1.1061e-11	2.0634e-12	5.7434e-12	1.8719e-12	6.1688e-12	1.3827e-12	3.4035e-12	6.1688e-13	1.723e-12	2.0208e-13	6.5942e-13	3.4035e-13	9.785e-13	3.1908e-13	8.5087e-13	1.8719e-13	9.9977e-13	2.1059e-13	1.2125e-12	2.3399e-13	5.7434e-13	1.3827e-13	1.4252e-12	1.2763e-13	3.8289e-13	9.1468e-14	3.4035e-13	4.0416e-14	3.8289e-13	6.5942e-14	2.978e-13	7.4451e-14	2.978e-13	1.1274e-13	1.8719e-13	3.8289e-14	1.8932e-13	2.7653e-14	1.723e-13	1.5528e-14	1.723e-13	5.9561e-14	2.5526e-13	1.6805e-13	3.1908e-13	5.9561e-14	1.0423e-13	3.1908e-14	2.978e-13	1.5528e-14	1.723e-14	1.0423e-14
32247.2	0.00086655	4.6551e-05	2.2078e-07	9.0955e-08	2.0419e-07	1.2768e-06	2.4807e-07	1.3779e-06	1.5079e-08	1.9612e-07	2.7397e-08	2.8922e-07	3.9339e-08	2.4278e-07	5.3954e-09	4.4284e-08	5.1339e-09	1.3445e-08	7.967e-09	3.4578e-08	4.2988e-09	1.2206e-08	6.629e-09	1.5872e-08	1.4595e-08	2.0551e-07	9.9622e-10	1.0428e-08	1.3975e-10	1.8085e-10	1.3358e-11	2.8771e-11	1.829e-12	1.0686e-11	1.9934e-12	5.5487e-12	1.8085e-12	5.9598e-12	1.3358e-12	3.2881e-12	5.9598e-13	1.6646e-12	1.9523e-13	6.3708e-13	3.2881e-13	9.4534e-13	3.0826e-13	8.2204e-13	1.8085e-13	9.6589e-13	2.0345e-13	1.1714e-12	2.2606e-13	5.5487e-13	1.3358e-13	1.3769e-12	1.2331e-13	3.6992e-13	8.8369e-14	3.2881e-13	3.9047e-14	3.6992e-13	6.3708e-14	2.8771e-13	7.1928e-14	2.8771e-13	1.0892e-13	1.8085e-13	3.6992e-14	1.829e-13	2.6716e-14	1.6646e-13	1.5002e-14	1.6646e-13	5.7543e-14	2.4661e-13	1.6235e-13	3.0826e-13	5.7543e-14	1.007e-13	3.0826e-14	2.8771e-13	1.5002e-14	1.6646e-14	1.007e-14
32695.3	0.00083587	4.4884e-05	2.13e-07	8.7518e-08	1.9621e-07	1.231e-06	2.387e-07	1.3295e-06	1.449e-08	1.8909e-07	2.6363e-08	2.7904e-07	3.7904e-08	2.344e-07	5.1882e-09	4.2726e-08	4.9334e-09	1.2937e-08	7.6559e-09	3.334e-08	4.1364e-09	1.1737e-08	6.3785e-09	1.5282e-08	1.4081e-08	1.9854e-07	9.6052e-10	1.0075e-08	1.3501e-10	1.7472e-10	1.2905e-11	2.7796e-11	1.767e-12	1.0324e-11	1.9259e-12	5.3606e-12	1.7472e-12	5.7577e-12	1.2905e-12	3.1767e-12	5.7577e-13	1.6082e-12	1.8861e-13	6.1548e-13	3.1767e-13	9.1329e-13	2.9781e-13	7.9417e-13	1.7472e-13	9.3315e-13	1.9656e-13	1.1317e-12	2.184e-13	5.3606e-13	1.2905e-13	1.3302e-12	1.1913e-13	3.5738e-13	8.5373e-14	3.1767e-13	3.7723e-14	3.5738e-13	6.1548e-14	2.7796e-13	6.949e-14	2.7796e-13	1.0523e-13	1.7472e-13	3.5738e-14	1.767e-13	2.581e-14	1.6082e-13	1.4494e-14	1.6082e-13	5.5592e-14	2.3825e-13	1.5685e-13	2.9781e-13	5.5592e-14	9.7286e-14	2.9781e-14	2.7796e-13	1.4494e-14	1.6082e-14	9.7286e-15
33149.7	0.00080625	4.3275e-05	2.055e-07	8.4209e-08	1.8854e-07	1.1869e-06	2.2969e-07	1.2827e-06	1.3923e-08	1.8231e-07	2.5366e-08	2.6922e-07	3.652e-08	2.263e-07	4.9888e-09	4.1223e-08	4.7406e-09	1.2448e-08	7.3568e-09	3.2145e-08	3.9801e-09	1.1285e-08	6.1373e-09	1.4714e-08	1.3585e-08	1.9181e-07	9.2607e-10	9.7334e-09	1.3043e-10	1.6879e-10	1.2467e-11	2.6853e-11	1.7071e-12	9.974e-12	1.8605e-12	5.1788e-12	1.6879e-12	5.5624e-12	1.2467e-12	3.0689e-12	5.5624e-13	1.5536e-12	1.8222e-13	5.946e-13	3.0689e-13	8.8231e-13	2.8771e-13	7.6723e-13	1.6879e-13	9.0149e-13	1.8989e-13	1.0933e-12	2.1099e-13	5.1788e-13	1.2467e-13	1.2851e-12	1.1508e-13	3.4525e-13	8.2477e-14	3.0689e-13	3.6443e-14	3.4525e-13	5.946e-14	2.6853e-13	6.7133e-14	2.6853e-13	1.0166e-13	1.6879e-13	3.4525e-14	1.7071e-13	2.4935e-14	1.5536e-13	1.4002e-14	1.5536e-13	5.3706e-14	2.3017e-13	1.5153e-13	2.8771e-13	5.3706e-14	9.3986e-14	2.8771e-14	2.6853e-13	1.4002e-14	1.5536e-14	9.3986e-15
33610.4	0.00077766	4.1723e-05	1.9825e-07	8.1023e-08	1.8117e-07	1.1444e-06	2.21e-07	1.2375e-06	1.3379e-08	1.7578e-07	2.4407e-08	2.5974e-07	3.5187e-08	2.1848e-07	4.797e-09	3.9772e-08	4.5553e-09	1.1977e-08	7.0692e-09	3.0992e-08	3.8295e-09	1.0851e-08	5.9051e-09	1.4167e-08	1.3106e-08	1.853e-07	8.9284e-10	9.4031e-09	1.26e-10	1.6306e-10	1.2044e-11	2.5942e-11	1.6492e-12	9.6355e-12	1.7974e-12	5.003e-12	1.6306e-12	5.3736e-12	1.2044e-12	2.9648e-12	5.3736e-13	1.5009e-12	1.7603e-13	5.7442e-13	2.9648e-13	8.5237e-13	2.7795e-13	7.4119e-13	1.6306e-13	8.709e-13	1.8344e-13	1.0562e-12	2.0383e-13	5.003e-13	1.2044e-13	1.2415e-12	1.1118e-13	3.3354e-13	7.9678e-14	2.9648e-13	3.5207e-14	3.3354e-13	5.7442e-14	2.5942e-13	6.4854e-14	2.5942e-13	9.8208e-14	1.6306e-13	3.3354e-14	1.6492e-13	2.4089e-14	1.5009e-13	1.3527e-14	1.5009e-13	5.1883e-14	2.2236e-13	1.4639e-13	2.7795e-13	5.1883e-14	9.0796e-14	2.7795e-14	2.5942e-13	1.3527e-14	1.5009e-14	9.0796e-15
34077.5	0.00075007	4.0227e-05	1.9126e-07	7.7957e-08	1.7408e-07	1.1033e-06	2.1265e-07	1.1939e-06	1.2856e-08	1.6947e-07	2.3484e-08	2.5059e-07	3.3901e-08	2.1093e-07	4.6125e-09	3.8371e-08	4.3771e-09	1.1524e-08	6.7927e-09	2.9881e-08	3.6846e-09	1.0434e-08	5.6816e-09	1.364e-08	1.2644e-08	1.7901e-07	8.6079e-10	9.0839e-09	1.2172e-10	1.5753e-10	1.1635e-11	2.5061e-11	1.5932e-12	9.3083e-12	1.7364e-12	4.8332e-12	1.5753e-12	5.1912e-12	1.1635e-12	2.8641e-12	5.1912e-13	1.45e-12	1.7006e-13	5.5492e-13	2.8641e-13	8.2343e-13	2.6851e-13	7.1602e-13	1.5753e-13	8.4133e-13	1.7722e-13	1.0203e-12	1.9691e-13	4.8332e-13	1.1635e-13	1.1993e-12	1.074e-13	3.2221e-13	7.6973e-14	2.8641e-13	3.4011e-14	3.2221e-13	5.5492e-14	2.5061e-13	6.2652e-14	2.5061e-13	9.4873e-14	1.5753e-13	3.2221e-14	1.5932e-13	2.3271e-14	1.45e-13	1.3067e-14	1.45e-13	5.0122e-14	2.1481e-13	1.4141e-13	2.6851e-13	5.0122e-14	8.7713e-14	2.6851e-14	2.5061e-13	1.3067e-14	1.45e-14	8.7713e-15
34551.1	0.00072344	3.8783e-05	1.8451e-07	7.5005e-08	1.6726e-07	1.0637e-06	2.046e-07	1.1518e-06	1.2352e-08	1.6339e-07	2.2595e-08	2.4176e-07	3.2662e-08	2.0363e-07	4.435e-09	3.7019e-08	4.2059e-09	1.1088e-08	6.527e-09	2.8808e-08	3.5451e-09	1.0032e-08	5.4664e-09	1.3133e-08	1.2198e-08	1.7293e-07	8.2987e-10	8.7754e-09	1.1759e-10	1.5217e-10	1.124e-11	2.421e-11	1.539e-12	8.9921e-12	1.6774e-12	4.669e-12	1.5217e-12	5.0148e-12	1.124e-12	2.7668e-12	5.0148e-13	1.4007e-12	1.6428e-13	5.3607e-13	2.7668e-13	7.9546e-13	2.5939e-13	6.917e-13	1.5217e-13	8.1275e-13	1.712e-13	9.8567e-13	1.9022e-13	4.669e-13	1.124e-13	1.1586e-12	1.0376e-13	3.1127e-13	7.4358e-14	2.7668e-13	3.2856e-14	3.1127e-13	5.3607e-14	2.421e-13	6.0524e-14	2.421e-13	9.165e-14	1.5217e-13	3.1127e-14	1.539e-13	2.248e-14	1.4007e-13	1.2624e-14	1.4007e-13	4.8419e-14	2.0751e-13	1.3661e-13	2.5939e-13	4.8419e-14	8.4733e-14	2.5939e-14	2.421e-13	1.2624e-14	1.4007e-14	8.4733e-15
35031.2	0.00069773	3.739e-05	1.78e-07	7.2164e-08	1.6071e-07	1.0255e-06	1.9686e-07	1.1112e-06	1.1869e-08	1.5752e-07	2.1739e-08	2.3323e-07	3.1467e-08	1.9658e-07	4.2642e-09	3.5713e-08	4.0412e-09	1.0668e-08	6.2715e-09	2.7774e-08	3.4109e-09	9.6454e-09	5.2593e-09	1.2644e-08	1.1767e-08	1.6705e-07	8.0005e-10	8.4772e-09	1.1359e-10	1.47e-10	1.0858e-11	2.3387e-11	1.4867e-12	8.6865e-12	1.6204e-12	4.5103e-12	1.47e-12	4.8444e-12	1.0858e-12	2.6728e-12	4.8444e-13	1.3531e-12	1.587e-13	5.1785e-13	2.6728e-13	7.6842e-13	2.5057e-13	6.6819e-13	1.47e-13	7.8512e-13	1.6538e-13	9.5217e-13	1.8375e-13	4.5103e-13	1.0858e-13	1.1192e-12	1.0023e-13	3.0069e-13	7.183e-14	2.6728e-13	3.1739e-14	3.0069e-13	5.1785e-14	2.3387e-13	5.8467e-14	2.3387e-13	8.8535e-14	1.47e-13	3.0069e-14	1.4867e-13	2.1716e-14	1.3531e-13	1.2194e-14	1.3531e-13	4.6773e-14	2.0046e-13	1.3197e-13	2.5057e-13	4.6773e-14	8.1853e-14	2.5057e-14	2.3387e-13	1.2194e-14	1.3531e-14	8.1853e-15
35518.1	0.00067293	3.6047e-05	1.7171e-07	6.9428e-08	1.5441e-07	9.8868e-07	1.8941e-07	1.072e-06	1.1404e-08	1.5186e-07	2.0916e-08	2.25e-07	3.0316e-08	1.8977e-07	4.1e-09	3.4454e-08	3.8829e-09	1.0263e-08	6.0258e-09	2.6776e-08	3.2816e-09	9.2736e-09	5.0599e-09	1.2173e-08	1.1352e-08	1.6137e-07	7.7129e-10	8.1891e-09	1.0973e-10	1.42e-10	1.0489e-11	2.2591e-11	1.4362e-12	8.3911e-12	1.5653e-12	4.3569e-12	1.42e-12	4.6796e-12	1.0489e-12	2.5819e-12	4.6796e-13	1.3071e-12	1.533e-13	5.0024e-13	2.5819e-13	7.4229e-13	2.4205e-13	6.4547e-13	1.42e-13	7.5842e-13	1.5975e-13	9.1979e-13	1.775e-13	4.3569e-13	1.0489e-13	1.0812e-12	9.682e-14	2.9046e-13	6.9388e-14	2.5819e-13	3.066e-14	2.9046e-13	5.0024e-14	2.2591e-13	5.6478e-14	2.2591e-13	8.5525e-14	1.42e-13	2.9046e-14	1.4362e-13	2.0978e-14	1.3071e-13	1.178e-14	1.3071e-13	4.5183e-14	1.9364e-13	1.2748e-13	2.4205e-13	4.5183e-14	7.907e-14	2.4205e-14	2.2591e-13	1.178e-14	1.3071e-14	7.907e-15
36011.7	0.00064899	3.4751e-05	1.6564e-07	6.6796e-08	1.4836e-07	9.5314e-07	1.8223e-07	1.0342e-06	1.0957e-08	1.464e-07	2.0123e-08	2.1706e-07	2.9206e-08	1.832e-07	3.9419e-09	3.3238e-08	3.7307e-09	9.8743e-09	5.7897e-09	2.5813e-08	3.1572e-09	8.916e-09	4.868e-09	1.1719e-08	1.0951e-08	1.5588e-07	7.4355e-10	7.9105e-09	1.06e-10	1.3717e-10	1.0132e-11	2.1823e-11	1.3873e-12	8.1056e-12	1.512e-12	4.2087e-12	1.3717e-12	4.5204e-12	1.0132e-12	2.494e-12	4.5204e-13	1.2626e-12	1.4808e-13	4.8322e-13	2.494e-13	7.1703e-13	2.3382e-13	6.2351e-13	1.3717e-13	7.3262e-13	1.5432e-13	8.885e-13	1.7146e-13	4.2087e-13	1.0132e-13	1.0444e-12	9.3526e-14	2.8058e-13	6.7027e-14	2.494e-13	2.9617e-14	2.8058e-13	4.8322e-14	2.1823e-13	5.4557e-14	2.1823e-13	8.2615e-14	1.3717e-13	2.8058e-14	1.3873e-13	2.0264e-14	1.2626e-13	1.1379e-14	1.2626e-13	4.3646e-14	1.8705e-13	1.2314e-13	2.3382e-13	4.3646e-14	7.638e-14	2.3382e-14	2.1823e-13	1.1379e-14	1.2626e-14	7.638e-15
36512.2	0.00062589	3.3501e-05	1.5978e-07	6.4262e-08	1.4254e-07	9.1886e-07	1.7532e-07	9.9767e-07	1.0527e-08	1.4113e-07	1.936e-08	2.0939e-07	2.8137e-08	1.7685e-07	3.7899e-09	3.2064e-08	3.5845e-09	9.4997e-09	5.5627e-09	2.4885e-08	3.0375e-09	8.572e-09	4.6833e-09	1.1282e-08	1.0564e-08	1.5057e-07	7.1679e-10	7.6413e-09	1.0239e-10	1.325e-10	9.7871e-12	2.108e-11	1.3401e-12	7.8297e-12	1.4605e-12	4.0654e-12	1.325e-12	4.3666e-12	9.7871e-13	2.4091e-12	4.3666e-13	1.2196e-12	1.4304e-13	4.6677e-13	2.4091e-13	6.9263e-13	2.2586e-13	6.0229e-13	1.325e-13	7.0769e-13	1.4907e-13	8.5826e-13	1.6563e-13	4.0654e-13	9.7871e-14	1.0088e-12	9.0343e-14	2.7103e-13	6.4746e-14	2.4091e-13	2.8609e-14	2.7103e-13	4.6677e-14	2.108e-13	5.27e-14	2.108e-13	7.9803e-14	1.325e-13	2.7103e-14	1.3401e-13	1.9574e-14	1.2196e-13	1.0992e-14	1.2196e-13	4.216e-14	1.8069e-13	1.1895e-13	2.2586e-13	4.216e-14	7.378e-14	2.2586e-14	2.108e-13	1.0992e-14	1.2196e-14	7.378e-15
37019.6	0.0006036	3.2296e-05	1.5413e-07	6.1823e-08	1.3695e-07	8.858e-07	1.6867e-07	9.6242e-07	1.0114e-08	1.3606e-07	1.8625e-08	2.0199e-07	2.7106e-08	1.7072e-07	3.6437e-09	3.0931e-08	3.4439e-09	9.1392e-09	5.3446e-09	2.399e-08	2.9222e-09	8.2411e-09	4.5056e-09	1.0861e-08	1.019e-08	1.4544e-07	6.9099e-10	7.3812e-09	9.8902e-11	1.2799e-10	9.4538e-12	2.0362e-11	1.2944e-12	7.5631e-12	1.4108e-12	3.927e-12	1.2799e-12	4.2179e-12	9.4538e-13	2.3271e-12	4.2179e-13	1.1781e-12	1.3817e-13	4.5088e-13	2.3271e-13	6.6904e-13	2.1817e-13	5.8177e-13	1.2799e-13	6.8359e-13	1.4399e-13	8.2903e-13	1.5999e-13	3.927e-13	9.4538e-14	9.7447e-13	8.7266e-14	2.618e-13	6.2541e-14	2.3271e-13	2.7634e-14	2.618e-13	4.5088e-14	2.0362e-13	5.0905e-14	2.0362e-13	7.7085e-14	1.2799e-13	2.618e-14	1.2944e-13	1.8908e-14	1.1781e-13	1.0617e-14	1.1781e-13	4.0724e-14	1.7453e-13	1.149e-13	2.1817e-13	4.0724e-14	7.1267e-14	2.1817e-14	2.0362e-13	1.0617e-14	1.1781e-14	7.1267e-15
37534.1	0.00058209	3.1133e-05	1.4868e-07	5.9475e-08	1.3157e-07	8.5392e-07	1.6228e-07	9.284e-07	9.7171e-09	1.3116e-07	1.7919e-08	1.9485e-07	2.6112e-08	1.6479e-07	3.5031e-09	2.9838e-08	3.3087e-09	8.7923e-09	5.1349e-09	2.3126e-08	2.8113e-09	7.9229e-09	4.3345e-09	1.0456e-08	9.8297e-09	1.4049e-07	6.661e-10	7.1298e-09	9.5532e-11	1.2363e-10	9.1318e-12	1.9668e-11	1.2503e-12	7.3054e-12	1.3627e-12	3.7932e-12	1.2363e-12	4.0742e-12	9.1318e-13	2.2478e-12	4.0742e-13	1.138e-12	1.3346e-13	4.3551e-13	2.2478e-13	6.4625e-13	2.1073e-13	5.6195e-13	1.2363e-13	6.603e-13	1.3908e-13	8.0078e-13	1.5454e-13	3.7932e-13	9.1318e-14	9.4127e-13	8.4293e-14	2.5288e-13	6.041e-14	2.2478e-13	2.6693e-14	2.5288e-13	4.3551e-14	1.9668e-13	4.9171e-14	1.9668e-13	7.4459e-14	1.2363e-13	2.5288e-14	1.2503e-13	1.8264e-14	1.138e-13	1.0256e-14	1.138e-13	3.9337e-14	1.6859e-13	1.1099e-13	2.1073e-13	3.9337e-14	6.8839e-14	2.1073e-14	1.9668e-13	1.0256e-14	1.138e-14	6.8839e-15
38055.7	0.00056133	3.0012e-05	1.4341e-07	5.7216e-08	1.264e-07	8.2317e-07	1.5612e-07	8.9557e-07	9.3355e-09	1.2643e-07	1.7238e-08	1.8796e-07	2.5154e-08	1.5907e-07	3.3679e-09	2.8783e-08	3.1788e-09	8.4583e-09	4.9333e-09	2.2293e-08	2.7045e-09	7.6168e-09	4.1698e-09	1.0065e-08	9.4818e-09	1.357e-07	6.421e-10	6.8868e-09	9.2276e-11	1.1942e-10	8.8205e-12	1.8998e-11	1.2077e-12	7.0564e-12	1.3163e-12	3.6639e-12	1.1942e-12	3.9353e-12	8.8205e-13	2.1712e-12	3.9353e-13	1.0992e-12	1.2891e-13	4.2067e-13	2.1712e-13	6.2422e-13	2.0355e-13	5.428e-13	1.1942e-13	6.3779e-13	1.3434e-13	7.7349e-13	1.4927e-13	3.6639e-13	8.8205e-14	9.0919e-13	8.142e-14	2.4426e-13	5.8351e-14	2.1712e-13	2.5783e-14	2.4426e-13	4.2067e-14	1.8998e-13	4.7495e-14	1.8998e-13	7.1921e-14	1.1942e-13	2.4426e-14	1.2077e-13	1.7641e-14	1.0992e-13	9.9061e-15	1.0992e-13	3.7996e-14	1.6284e-13	1.072e-13	2.0355e-13	3.7996e-14	6.6493e-14	2.0355e-14	1.8998e-13	9.9061e-15	1.0992e-14	6.6493e-15
38584.6	0.0005413	2.8931e-05	1.3833e-07	5.5042e-08	1.2144e-07	7.9351e-07	1.5019e-07	8.6389e-07	8.9687e-09	1.2188e-07	1.6583e-08	1.8131e-07	2.4232e-08	1.5355e-07	3.2378e-09	2.7765e-08	3.054e-09	8.1369e-09	4.7396e-09	2.149e-08	2.6018e-09	7.3224e-09	4.0113e-09	9.6894e-09	9.146e-09	1.3107e-07	6.1895e-10	6.652e-09	8.9129e-11	1.1534e-10	8.5197e-12	1.835e-11	1.1665e-12	6.8158e-12	1.2714e-12	3.539e-12	1.1534e-12	3.8011e-12	8.5197e-13	2.0972e-12	3.8011e-13	1.0617e-12	1.2452e-13	4.0632e-13	2.0972e-13	6.0293e-13	1.9661e-13	5.2429e-13	1.1534e-13	6.1604e-13	1.2976e-13	7.4711e-13	1.4418e-13	3.539e-13	8.5197e-14	8.7819e-13	7.8643e-14	2.3593e-13	5.6361e-14	2.0972e-13	2.4904e-14	2.3593e-13	4.0632e-14	1.835e-13	4.5875e-14	1.835e-13	6.9468e-14	1.1534e-13	2.3593e-14	1.1665e-13	1.7039e-14	1.0617e-13	9.5683e-15	1.0617e-13	3.67e-14	1.5729e-13	1.0355e-13	1.9661e-13	3.67e-14	6.4225e-14	1.9661e-14	1.835e-13	9.5683e-15	1.0617e-14	6.4225e-15
39120.8	0.00052198	2.7888e-05	1.3343e-07	5.2949e-08	1.1666e-07	7.6491e-07	1.4448e-07	8.3331e-07	8.6163e-09	1.1748e-07	1.5953e-08	1.7489e-07	2.3342e-08	1.4821e-07	3.1126e-09	2.6782e-08	2.934e-09	7.8276e-09	4.5533e-09	2.0716e-08	2.5029e-09	7.0393e-09	3.8588e-09	9.3274e-09	8.822e-09	1.266e-07	5.9662e-10	6.4251e-09	8.6089e-11	1.1141e-10	8.229e-12	1.7724e-11	1.1267e-12	6.5832e-12	1.228e-12	3.4182e-12	1.1141e-12	3.6714e-12	8.229e-13	2.0256e-12	3.6714e-13	1.0255e-12	1.2027e-13	3.9246e-13	2.0256e-13	5.8236e-13	1.899e-13	5.064e-13	1.1141e-13	5.9502e-13	1.2533e-13	7.2162e-13	1.3926e-13	3.4182e-13	8.229e-14	8.4823e-13	7.596e-14	2.2788e-13	5.4438e-14	2.0256e-13	2.4054e-14	2.2788e-13	3.9246e-14	1.7724e-13	4.431e-14	1.7724e-13	6.7098e-14	1.1141e-13	2.2788e-14	1.1267e-13	1.6458e-14	1.0255e-13	9.2419e-15	1.0255e-13	3.5448e-14	1.5192e-13	1.0001e-13	1.899e-13	3.5448e-14	6.2034e-14	1.899e-14	1.7724e-13	9.2419e-15	1.0255e-14	6.2034e-15
39664.5	0.00050333	2.6882e-05	1.287e-07	5.0935e-08	1.1208e-07	7.3733e-07	1.3899e-07	8.038e-07	8.2775e-09	1.1325e-07	1.5346e-08	1.687e-07	2.2485e-08	1.4306e-07	2.9923e-09	2.5834e-08	2.8187e-09	7.5298e-09	4.3744e-09	1.9969e-08	2.4077e-09	6.767e-09	3.712e-09	8.9787e-09	8.5094e-09	1.2228e-07	5.751e-10	6.2059e-09	8.315e-11	1.0761e-10	7.9482e-12	1.7119e-11	1.0883e-12	6.3585e-12	1.1861e-12	3.3016e-12	1.0761e-12	3.5461e-12	7.9482e-13	1.9565e-12	3.5461e-13	9.9047e-13	1.1617e-13	3.7907e-13	1.9565e-13	5.6249e-13	1.8342e-13	4.8912e-13	1.0761e-13	5.7472e-13	1.2106e-13	6.9699e-13	1.3451e-13	3.3016e-13	7.9482e-14	8.1927e-13	7.3368e-14	2.201e-13	5.258e-14	1.9565e-13	2.3233e-14	2.201e-13	3.7907e-14	1.7119e-13	4.2798e-14	1.7119e-13	6.4808e-14	1.0761e-13	2.201e-14	1.0883e-13	1.5896e-14	9.9047e-14	8.9264e-15	9.9047e-14	3.4238e-14	1.4674e-13	9.6601e-14	1.8342e-13	3.4238e-14	5.9917e-14	1.8342e-14	1.7119e-13	8.9264e-15	9.9047e-15	5.9917e-15
40215.7	0.00048534	2.5913e-05	1.2413e-07	4.8997e-08	1.0767e-07	7.1073e-07	1.3371e-07	7.7533e-07	7.9519e-09	1.0916e-07	1.4763e-08	1.6272e-07	2.1659e-08	1.3809e-07	2.8766e-09	2.4919e-08	2.7078e-09	7.2433e-09	4.2023e-09	1.9248e-08	2.3161e-09	6.5051e-09	3.5707e-09	8.6429e-09	8.2077e-09	1.181e-07	5.5434e-10	5.994e-09	8.0311e-11	1.0393e-10	7.6768e-12	1.6535e-11	1.0511e-12	6.1414e-12	1.1456e-12	3.1888e-12	1.0393e-12	3.425e-12	7.6768e-13	1.8897e-12	3.425e-13	9.5665e-13	1.122e-13	3.6612e-13	1.8897e-13	5.4328e-13	1.7716e-13	4.7242e-13	1.0393e-13	5.5509e-13	1.1692e-13	6.732e-13	1.2991e-13	3.1888e-13	7.6768e-14	7.913e-13	7.0863e-14	2.1259e-13	5.0785e-14	1.8897e-13	2.244e-14	2.1259e-13	3.6612e-14	1.6535e-13	4.1337e-14	1.6535e-13	6.2595e-14	1.0393e-13	2.1259e-14	1.0511e-13	1.5354e-14	9.5665e-14	8.6216e-15	9.5665e-14	3.3069e-14	1.4173e-13	9.3302e-14	1.7716e-13	3.3069e-14	5.7871e-14	1.7716e-14	1.6535e-13	8.6216e-15	9.5665e-15	5.7871e-15
40774.6	0.00046799	2.4977e-05	1.1973e-07	4.7131e-08	1.0343e-07	6.8508e-07	1.2862e-07	7.4785e-07	7.639e-09	1.0522e-07	1.4201e-08	1.5695e-07	2.0863e-08	1.3328e-07	2.7652e-09	2.4036e-08	2.6013e-09	6.9676e-09	4.037e-09	1.8554e-08	2.2279e-09	6.2533e-09	3.4348e-09	8.3195e-09	7.9165e-09	1.1407e-07	5.3432e-10	5.7893e-09	7.7568e-11	1.0038e-10	7.4145e-12	1.597e-11	1.0152e-12	5.9316e-12	1.1065e-12	3.0799e-12	1.0038e-12	3.308e-12	7.4145e-13	1.8251e-12	3.308e-13	9.2397e-13	1.0837e-13	3.5362e-13	1.8251e-13	5.2472e-13	1.711e-13	4.5628e-13	1.0038e-13	5.3613e-13	1.1293e-13	6.502e-13	1.2548e-13	3.0799e-13	7.4145e-14	7.6427e-13	6.8442e-14	2.0533e-13	4.905e-14	1.8251e-13	2.1673e-14	2.0533e-13	3.5362e-14	1.597e-13	3.9924e-14	1.597e-13	6.0457e-14	1.0038e-13	2.0533e-14	1.0152e-13	1.4829e-14	9.2397e-14	8.3271e-15	9.2397e-14	3.194e-14	1.3688e-13	9.0115e-14	1.711e-13	3.194e-14	5.5894e-14	1.711e-14	1.597e-13	8.3271e-15	9.2397e-15	5.5894e-15
41341.3	0.00045124	2.4075e-05	1.1548e-07	4.5336e-08	9.9357e-08	6.6034e-07	1.2373e-07	7.2133e-07	7.3382e-09	1.0142e-07	1.366e-08	1.5139e-07	2.0096e-08	1.2864e-07	2.6582e-09	2.3183e-08	2.4989e-09	6.7023e-09	3.8781e-09	1.7884e-08	2.1431e-09	6.0111e-09	3.304e-09	8.0081e-09	7.6356e-09	1.1017e-07	5.1501e-10	5.5915e-09	7.4917e-11	9.6951e-11	7.1612e-12	1.5424e-11	9.8053e-13	5.7289e-12	1.0687e-12	2.9746e-12	9.6951e-13	3.195e-12	7.1612e-13	1.7627e-12	3.195e-13	8.9239e-13	1.0466e-13	3.4153e-13	1.7627e-13	5.0679e-13	1.6526e-13	4.4069e-13	9.6951e-14	5.1781e-13	1.0907e-13	6.2798e-13	1.2119e-13	2.9746e-13	7.1612e-14	7.3815e-13	6.6103e-14	1.9831e-13	4.7374e-14	1.7627e-13	2.0933e-14	1.9831e-13	3.4153e-14	1.5424e-13	3.856e-14	1.5424e-13	5.8391e-14	9.6951e-14	1.9831e-14	9.8053e-14	1.4322e-14	8.9239e-14	8.0425e-15	8.9239e-14	3.0848e-14	1.3221e-13	8.7036e-14	1.6526e-13	3.0848e-14	5.3984e-14	1.6526e-14	1.5424e-13	8.0425e-15	8.9239e-15	5.3984e-15
41915.8	0.00043509	2.3206e-05	1.1138e-07	4.3609e-08	9.5443e-08	6.3649e-07	1.1902e-07	6.9575e-07	7.0492e-09	9.7758e-08	1.314e-08	1.4602e-07	1.9357e-08	1.2416e-07	2.5553e-09	2.2361e-08	2.4005e-09	6.447e-09	3.7255e-09	1.7238e-08	2.0615e-09	5.7782e-09	3.1781e-09	7.7082e-09	7.3645e-09	1.064e-07	4.964e-10	5.4004e-09	7.2355e-11	9.3636e-11	6.9163e-12	1.4897e-11	9.47e-13	5.5331e-12	1.0321e-12	2.8729e-12	9.3636e-13	3.0857e-12	6.9163e-13	1.7025e-12	3.0857e-13	8.6188e-13	1.0108e-13	3.2986e-13	1.7025e-13	4.8946e-13	1.5961e-13	4.2562e-13	9.3636e-14	5.001e-13	1.0534e-13	6.0651e-13	1.1705e-13	2.8729e-13	6.9163e-14	7.1291e-13	6.3843e-14	1.9153e-13	4.5754e-14	1.7025e-13	2.0217e-14	1.9153e-13	3.2986e-14	1.4897e-13	3.7242e-14	1.4897e-13	5.6395e-14	9.3636e-14	1.9153e-14	9.47e-14	1.3833e-14	8.6188e-14	7.7676e-15	8.6188e-14	2.9793e-14	1.2769e-13	8.406e-14	1.5961e-13	2.9793e-14	5.2138e-14	1.5961e-14	1.4897e-13	7.7676e-15	8.6188e-15	5.2138e-15
42498.3	0.00041951	2.2367e-05	1.0742e-07	4.1947e-08	9.1682e-08	6.1349e-07	1.1448e-07	6.7106e-07	6.7715e-09	9.4225e-08	1.2639e-08	1.4084e-07	1.8644e-08	1.1984e-07	2.4563e-09	2.1568e-08	2.3059e-09	6.2013e-09	3.5787e-09	1.6615e-08	1.9829e-09	5.5543e-09	3.0569e-09	7.4194e-09	7.103e-09	1.0277e-07	4.7845e-10	5.2157e-09	6.9881e-11	9.0434e-11	6.6798e-12	1.4387e-11	9.1461e-13	5.3438e-12	9.9683e-13	2.7747e-12	9.0434e-13	2.9802e-12	6.6798e-13	1.6442e-12	2.9802e-13	8.324e-13	9.7627e-14	3.1857e-13	1.6442e-13	4.7272e-13	1.5415e-13	4.1106e-13	9.0434e-14	4.83e-13	1.0174e-13	5.8576e-13	1.1304e-13	2.7747e-13	6.6798e-14	6.8853e-13	6.1659e-14	1.8498e-13	4.4189e-14	1.6442e-13	1.9525e-14	1.8498e-13	3.1857e-14	1.4387e-13	3.5968e-14	1.4387e-13	5.4466e-14	9.0434e-14	1.8498e-14	9.1461e-14	1.336e-14	8.324e-14	7.5019e-15	8.324e-14	2.8774e-14	1.2332e-13	8.1185e-14	1.5415e-13	2.8774e-14	5.0355e-14	1.5415e-14	1.4387e-13	7.5019e-15	8.324e-15	5.0355e-15
43088.9	0.00040447	2.1559e-05	1.036e-07	4.0348e-08	8.8068e-08	5.9131e-07	1.1012e-07	6.4723e-07	6.5046e-09	9.0819e-08	1.2158e-08	1.3584e-07	1.7958e-08	1.1566e-07	2.3611e-09	2.0802e-08	2.2151e-09	5.9649e-09	3.4377e-09	1.6014e-08	1.9073e-09	5.3389e-09	2.9404e-09	7.1414e-09	6.8506e-09	9.9249e-08	4.6114e-10	5.0373e-09	6.7489e-11	8.7339e-11	6.4512e-12	1.3895e-11	8.8332e-13	5.161e-12	9.6272e-13	2.6797e-12	8.7339e-13	2.8782e-12	6.4512e-13	1.588e-12	2.8782e-13	8.0392e-13	9.4287e-14	3.0767e-13	1.588e-13	4.5655e-13	1.4887e-13	3.97e-13	8.7339e-14	4.6647e-13	9.8257e-14	5.6572e-13	1.0917e-13	2.6797e-13	6.4512e-14	6.6497e-13	5.955e-14	1.7865e-13	4.2677e-14	1.588e-13	1.8857e-14	1.7865e-13	3.0767e-14	1.3895e-13	3.4737e-14	1.3895e-13	5.2602e-14	8.7339e-14	1.7865e-14	8.8332e-14	1.2902e-14	8.0392e-14	7.2452e-15	8.0392e-14	2.779e-14	1.191e-13	7.8407e-14	1.4887e-13	2.779e-14	4.8632e-14	1.4887e-14	1.3895e-13	7.2452e-15	8.0392e-15	4.8632e-15
43687.7	0.00038997	2.0779e-05	9.9921e-08	3.8808e-08	8.4595e-08	5.6992e-07	1.0592e-07	6.2425e-07	6.2481e-09	8.7534e-08	1.1694e-08	1.3101e-07	1.7297e-08	1.1163e-07	2.2695e-09	2.0063e-08	2.1277e-09	5.7374e-09	3.3022e-09	1.5435e-08	1.8346e-09	5.1318e-09	2.8282e-09	6.8737e-09	6.6071e-09	9.5852e-08	4.4446e-10	4.8649e-09	6.5179e-11	8.435e-11	6.2304e-12	1.3419e-11	8.5308e-13	4.9843e-12	9.2976e-13	2.588e-12	8.435e-13	2.7797e-12	6.2304e-13	1.5336e-12	2.7797e-13	7.764e-13	9.1059e-14	2.9714e-13	1.5336e-13	4.4092e-13	1.4378e-13	3.8341e-13	8.435e-14	4.505e-13	9.4893e-14	5.4636e-13	1.0544e-13	2.588e-13	6.2304e-14	6.4221e-13	5.7511e-14	1.7253e-13	4.1216e-14	1.5336e-13	1.8212e-14	1.7253e-13	2.9714e-14	1.3419e-13	3.3548e-14	1.3419e-13	5.0801e-14	8.435e-14	1.7253e-14	8.5308e-14	1.2461e-14	7.764e-14	6.9972e-15	7.764e-14	2.6839e-14	1.1502e-13	7.5723e-14	1.4378e-13	2.6839e-14	4.6967e-14	1.4378e-14	1.3419e-13	6.9972e-15	7.764e-15	4.6967e-15
44294.9	0.00037598	2.0027e-05	9.6367e-08	3.7328e-08	8.1258e-08	5.493e-07	1.0189e-07	6.0207e-07	6.0017e-09	8.4367e-08	1.1248e-08	1.2636e-07	1.6659e-08	1.0774e-07	2.1815e-09	1.9351e-08	2.0438e-09	5.5184e-09	3.172e-09	1.4877e-08	1.7646e-09	4.9326e-09	2.7203e-09	6.6159e-09	6.3722e-09	9.2569e-08	4.2837e-10	4.6984e-09	6.2947e-11	8.1461e-11	6.017e-12	1.296e-11	8.2387e-13	4.8136e-12	8.9792e-13	2.4994e-12	8.1461e-13	2.6845e-12	6.017e-13	1.4811e-12	2.6845e-13	7.4981e-13	8.7941e-14	2.8697e-13	1.4811e-13	4.2582e-13	1.3885e-13	3.7028e-13	8.1461e-14	4.3508e-13	9.1644e-14	5.2765e-13	1.0183e-13	2.4994e-13	6.017e-14	6.2022e-13	5.5542e-14	1.6663e-13	3.9805e-14	1.4811e-13	1.7588e-14	1.6663e-13	2.8697e-14	1.296e-13	3.2399e-14	1.296e-13	4.9062e-14	8.1461e-14	1.6663e-14	8.2387e-14	1.2034e-14	7.4981e-14	6.7576e-15	7.4981e-14	2.5919e-14	1.1108e-13	7.313e-14	1.3885e-13	2.5919e-14	4.5359e-14	1.3885e-14	1.296e-13	6.7576e-15	7.4981e-15	4.5359e-15
44910.5	0.00036249	1.9302e-05	9.2938e-08	3.5903e-08	7.8051e-08	5.2942e-07	9.7999e-08	5.8067e-07	5.7648e-09	8.1313e-08	1.0819e-08	1.2186e-07	1.6045e-08	1.0398e-07	2.0968e-09	1.8663e-08	1.9632e-09	5.3078e-09	3.0468e-09	1.4338e-08	1.6973e-09	4.7412e-09	2.6164e-09	6.3676e-09	6.1456e-09	8.9398e-08	4.1285e-10	4.5374e-09	6.0791e-11	7.867e-11	5.8109e-12	1.2516e-11	7.9564e-13	4.6487e-12	8.6716e-13	2.4138e-12	7.867e-13	2.5925e-12	5.8109e-13	1.4304e-12	2.5925e-13	7.2413e-13	8.4928e-14	2.7713e-13	1.4304e-13	4.1123e-13	1.341e-13	3.5759e-13	7.867e-14	4.2017e-13	8.8504e-14	5.0957e-13	9.8338e-14	2.4138e-13	5.8109e-14	5.9897e-13	5.3639e-14	1.6092e-13	3.8441e-14	1.4304e-13	1.6986e-14	1.6092e-13	2.7713e-14	1.2516e-13	3.1289e-14	1.2516e-13	4.7381e-14	7.867e-14	1.6092e-14	7.9564e-14	1.1622e-14	7.2413e-14	6.5261e-15	7.2413e-14	2.5032e-14	1.0728e-13	7.0625e-14	1.341e-13	2.5032e-14	4.3805e-14	1.341e-14	1.2516e-13	6.5261e-15	7.2413e-15	4.3805e-15
45534.6	0.00034947	1.8603e-05	8.963e-08	3.4532e-08	7.4969e-08	5.1025e-07	9.4259e-08	5.6002e-07	5.5373e-09	7.8368e-08	1.0406e-08	1.1753e-07	1.5454e-08	1.0035e-07	2.0154e-09	1.7999e-08	1.8857e-09	5.1051e-09	2.9266e-09	1.3819e-08	1.6325e-09	4.557e-09	2.5165e-09	6.1286e-09	5.9269e-09	8.6334e-08	3.979e-10	4.382e-09	5.8707e-11	7.5974e-11	5.6117e-12	1.2087e-11	7.6838e-13	4.4894e-12	8.3744e-13	2.331e-12	7.5974e-13	2.5037e-12	5.6117e-13	1.3814e-12	2.5037e-13	6.9931e-13	8.2018e-14	2.6764e-13	1.3814e-13	3.9714e-13	1.295e-13	3.4534e-13	7.5974e-14	4.0577e-13	8.5471e-14	4.9211e-13	9.4968e-14	2.331e-13	5.6117e-14	5.7844e-13	5.1801e-14	1.554e-13	3.7124e-14	1.3814e-13	1.6404e-14	1.554e-13	2.6764e-14	1.2087e-13	3.0217e-14	1.2087e-13	4.5757e-14	7.5974e-14	1.554e-14	7.6838e-14	1.1223e-14	6.9931e-14	6.3024e-15	6.9931e-14	2.4174e-14	1.036e-13	6.8204e-14	1.295e-13	2.4174e-14	4.2304e-14	1.295e-14	1.2087e-13	6.3024e-15	6.9931e-15	4.2304e-15
46167.4	0.00033691	1.7929e-05	8.6439e-08	3.3212e-08	7.2008e-08	4.9177e-07	9.0661e-08	5.401e-07	5.3186e-09	7.553e-08	1.0008e-08	1.1335e-07	1.4884e-08	9.6845e-08	1.9372e-09	1.7359e-08	1.8113e-09	4.9101e-09	2.8111e-09	1.3319e-08	1.5701e-09	4.38e-09	2.4204e-09	5.8985e-09	5.7159e-09	8.3375e-08	3.8348e-10	4.2318e-09	5.6695e-11	7.337e-11	5.4193e-12	1.1672e-11	7.4203e-13	4.3355e-12	8.0873e-13	2.2511e-12	7.337e-13	2.4179e-12	5.4193e-13	1.334e-12	2.4179e-13	6.7533e-13	7.9206e-14	2.5846e-13	1.334e-13	3.8352e-13	1.2506e-13	3.335e-13	7.337e-14	3.9186e-13	8.2541e-14	4.7524e-13	9.1712e-14	2.2511e-13	5.4193e-14	5.5861e-13	5.0025e-14	1.5007e-13	3.5851e-14	1.334e-13	1.5841e-14	1.5007e-13	2.5846e-14	1.1672e-13	2.9181e-14	1.1672e-13	4.4189e-14	7.337e-14	1.5007e-14	7.4203e-14	1.0839e-14	6.7533e-14	6.0863e-15	6.7533e-14	2.3345e-14	1.0005e-13	6.5866e-14	1.2506e-13	2.3345e-14	4.0854e-14	1.2506e-14	1.1672e-13	6.0863e-15	6.7533e-15	4.0854e-15
46809	0.0003248	1.728e-05	8.336e-08	3.1943e-08	6.9163e-08	4.7395e-07	8.7199e-08	5.2088e-07	5.1085e-09	7.2793e-08	9.6261e-09	1.0932e-07	1.4335e-08	9.3462e-08	1.8619e-09	1.6741e-08	1.7397e-09	4.7225e-09	2.7e-09	1.2836e-08	1.5101e-09	4.2098e-09	2.3279e-09	5.677e-09	5.5124e-09	8.0515e-08	3.6957e-10	4.0867e-09	5.475e-11	7.0853e-11	5.2335e-12	1.1272e-11	7.1658e-13	4.1868e-12	7.81e-13	2.1739e-12	7.0853e-13	2.3349e-12	5.2335e-13	1.2882e-12	2.3349e-13	6.5217e-13	7.6489e-14	2.496e-13	1.2882e-13	3.7037e-13	1.2077e-13	3.2206e-13	7.0853e-14	3.7842e-13	7.971e-14	4.5894e-13	8.8567e-14	2.1739e-13	5.2335e-14	5.3945e-13	4.8309e-14	1.4493e-13	3.4622e-14	1.2882e-13	1.5298e-14	1.4493e-13	2.496e-14	1.1272e-13	2.818e-14	1.1272e-13	4.2673e-14	7.0853e-14	1.4493e-14	7.1658e-14	1.0467e-14	6.5217e-14	5.8776e-15	6.5217e-14	2.2544e-14	9.6618e-14	6.3607e-14	1.2077e-13	2.2544e-14	3.9452e-14	1.2077e-14	1.1272e-13	5.8776e-15	6.5217e-15	3.9452e-15
47459.6	0.00031312	1.6653e-05	8.039e-08	3.0722e-08	6.643e-08	4.5677e-07	8.3868e-08	5.0234e-07	4.9066e-09	7.0154e-08	9.2583e-09	1.0542e-07	1.3805e-08	9.0196e-08	1.7896e-09	1.6146e-08	1.671e-09	4.542e-09	2.5934e-09	1.2371e-08	1.4524e-09	4.0461e-09	2.2389e-09	5.4637e-09	5.316e-09	7.7753e-08	3.5617e-10	3.9465e-09	5.2872e-11	6.8422e-11	5.0539e-12	1.0885e-11	6.92e-13	4.0431e-12	7.542e-13	2.0993e-12	6.8422e-13	2.2548e-12	5.0539e-13	1.244e-12	2.2548e-13	6.298e-13	7.3865e-14	2.4103e-13	1.244e-13	3.5766e-13	1.1663e-13	3.1101e-13	6.8422e-14	3.6544e-13	7.6975e-14	4.4319e-13	8.5528e-14	2.0993e-13	5.0539e-14	5.2094e-13	4.6652e-14	1.3995e-13	3.3434e-14	1.244e-13	1.4773e-14	1.3995e-13	2.4103e-14	1.0885e-13	2.7213e-14	1.0885e-13	4.1209e-14	6.8422e-14	1.3995e-14	6.92e-14	1.0108e-14	6.298e-14	5.6759e-15	6.298e-14	2.1771e-14	9.3303e-14	6.1425e-14	1.1663e-13	2.1771e-14	3.8099e-14	1.1663e-14	1.0885e-13	5.6759e-15	6.298e-15	3.8099e-15
48119.1	0.00030186	1.6049e-05	7.7524e-08	2.9547e-08	6.3803e-08	4.4021e-07	8.0663e-08	4.8445e-07	4.7127e-09	6.761e-08	8.9043e-09	1.0167e-07	1.3296e-08	8.7043e-08	1.72e-09	1.5571e-08	1.6049e-09	4.3683e-09	2.4909e-09	1.1922e-08	1.3969e-09	3.8888e-09	2.1532e-09	5.2583e-09	5.1266e-09	7.5084e-08	3.4325e-10	3.8111e-09	5.1057e-11	6.6074e-11	4.8805e-12	1.0512e-11	6.6825e-13	3.9044e-12	7.2832e-13	2.0273e-12	6.6074e-13	2.1774e-12	4.8805e-13	1.2013e-12	2.1774e-13	6.0818e-13	7.133e-14	2.3276e-13	1.2013e-13	3.4539e-13	1.1263e-13	3.0034e-13	6.6074e-14	3.529e-13	7.4333e-14	4.2798e-13	8.2592e-14	2.0273e-13	4.8805e-14	5.0306e-13	4.505e-14	1.3515e-13	3.2286e-14	1.2013e-13	1.4266e-14	1.3515e-13	2.3276e-14	1.0512e-13	2.6279e-14	1.0512e-13	3.9795e-14	6.6074e-14	1.3515e-14	6.6825e-14	9.7609e-15	6.0818e-14	5.4811e-15	6.0818e-14	2.1024e-14	9.0101e-14	5.9316e-14	1.1263e-13	2.1024e-14	3.6791e-14	1.1263e-14	1.0512e-13	5.4811e-15	6.0818e-15	3.6791e-15
48787.9	0.00029099	1.5467e-05	7.476e-08	2.8417e-08	6.128e-08	4.2424e-07	7.7579e-08	4.672e-07	4.5263e-09	6.5157e-08	8.5638e-09	9.8047e-08	1.2805e-08	8.3999e-08	1.6531e-09	1.5016e-08	1.5415e-09	4.2012e-09	2.3924e-09	1.149e-08	1.3434e-09	3.7375e-09	2.0709e-09	5.0606e-09	4.9438e-09	7.2506e-08	3.3079e-10	3.6802e-09	4.9304e-11	6.3805e-11	4.7129e-12	1.0151e-11	6.453e-13	3.7703e-12	7.0331e-13	1.9577e-12	6.3805e-13	2.1027e-12	4.7129e-13	1.1601e-12	2.1027e-13	5.873e-13	6.8881e-14	2.2477e-13	1.1601e-13	3.3353e-13	1.0876e-13	2.9002e-13	6.3805e-14	3.4078e-13	7.1781e-14	4.1328e-13	7.9757e-14	1.9577e-13	4.7129e-14	4.8579e-13	4.3504e-14	1.3051e-13	3.1178e-14	1.1601e-13	1.3776e-14	1.3051e-13	2.2477e-14	1.0151e-13	2.5377e-14	1.0151e-13	3.8428e-14	6.3805e-14	1.3051e-14	6.453e-14	9.4258e-15	5.873e-14	5.2929e-15	5.873e-14	2.0302e-14	8.7007e-14	5.728e-14	1.0876e-13	2.0302e-14	3.5528e-14	1.0876e-14	1.0151e-13	5.2929e-15	5.873e-15	3.5528e-15
49465.9	0.00028051	1.4906e-05	7.2093e-08	2.7329e-08	5.8855e-08	4.0884e-07	7.4612e-08	4.5055e-07	4.3473e-09	6.2792e-08	8.2362e-09	9.4553e-08	1.2331e-08	8.1061e-08	1.5888e-09	1.4481e-08	1.4805e-09	4.0404e-09	2.2978e-09	1.1073e-08	1.292e-09	3.592e-09	1.9916e-09	4.8702e-09	4.7675e-09	7.0016e-08	3.1878e-10	3.5539e-09	4.7611e-11	6.1614e-11	4.551e-12	9.8022e-12	6.2314e-13	3.6408e-12	6.7915e-13	1.8904e-12	6.1614e-13	2.0305e-12	4.551e-13	1.1203e-12	2.0305e-13	5.6713e-13	6.6515e-14	2.1705e-13	1.1203e-13	3.2207e-13	1.0502e-13	2.8006e-13	6.1614e-14	3.2907e-13	6.9316e-14	3.9909e-13	7.7017e-14	1.8904e-13	4.551e-14	4.6911e-13	4.2009e-14	1.2603e-13	3.0107e-14	1.1203e-13	1.3303e-14	1.2603e-13	2.1705e-14	9.8022e-14	2.4506e-14	9.8022e-14	3.7108e-14	6.1614e-14	1.2603e-14	6.2314e-14	9.1021e-15	5.6713e-14	5.1112e-15	5.6713e-14	1.9604e-14	8.4019e-14	5.5312e-14	1.0502e-13	1.9604e-14	3.4308e-14	1.0502e-14	9.8022e-14	5.1112e-15	5.6713e-15	3.4308e-15
50153.3	0.0002704	1.4365e-05	6.9521e-08	2.6283e-08	5.6526e-08	3.94e-07	7.1758e-08	4.3449e-07	4.1752e-09	6.0513e-08	7.921e-09	9.1182e-08	1.1876e-08	7.8224e-08	1.527e-09	1.3965e-08	1.4219e-09	3.8858e-09	2.2069e-09	1.0671e-08	1.2426e-09	3.4522e-09	1.9154e-09	4.687e-09	4.5974e-09	6.761e-08	3.072e-10	3.4318e-09	4.5975e-11	5.9497e-11	4.3947e-12	9.4654e-12	6.0173e-13	3.5157e-12	6.5582e-13	1.8255e-12	5.9497e-13	1.9607e-12	4.3947e-13	1.0818e-12	1.9607e-13	5.4764e-13	6.423e-14	2.0959e-13	1.0818e-13	3.1101e-13	1.0142e-13	2.7044e-13	5.9497e-14	3.1777e-13	6.6934e-14	3.8538e-13	7.4371e-14	1.8255e-13	4.3947e-14	4.5299e-13	4.0566e-14	1.217e-13	2.9072e-14	1.0818e-13	1.2846e-14	1.217e-13	2.0959e-14	9.4654e-14	2.3664e-14	9.4654e-14	3.5833e-14	5.9497e-14	1.217e-14	6.0173e-14	8.7893e-15	5.4764e-14	4.9355e-15	5.4764e-14	1.8931e-14	8.1132e-14	5.3412e-14	1.0142e-13	1.8931e-14	3.3129e-14	1.0142e-14	9.4654e-14	4.9355e-15	5.4764e-15	3.3129e-15
50850.3	0.00026066	1.3843e-05	6.7039e-08	2.5276e-08	5.4288e-08	3.7969e-07	6.9012e-08	4.1899e-07	4.0099e-09	5.8315e-08	7.6178e-09	8.793e-08	1.1436e-08	7.5486e-08	1.4675e-09	1.3467e-08	1.3656e-09	3.737e-09	2.1195e-09	1.0283e-08	1.195e-09	3.3178e-09	1.842e-09	4.5106e-09	4.4334e-09	6.5286e-08	2.9604e-10	3.3138e-09	4.4395e-11	5.7452e-11	4.2436e-12	9.1401e-12	5.8105e-13	3.3949e-12	6.3328e-13	1.7627e-12	5.7452e-13	1.8933e-12	4.2436e-13	1.0446e-12	1.8933e-13	5.2882e-13	6.2022e-14	2.0239e-13	1.0446e-13	3.0032e-13	9.793e-14	2.6115e-13	5.7452e-14	3.0685e-13	6.4633e-14	3.7213e-13	7.1815e-14	1.7627e-13	4.2436e-14	4.3742e-13	3.9172e-14	1.1752e-13	2.8073e-14	1.0446e-13	1.2404e-14	1.1752e-13	2.0239e-14	9.1401e-14	2.285e-14	9.1401e-14	3.4602e-14	5.7452e-14	1.1752e-14	5.8105e-14	8.4872e-15	5.2882e-14	4.7659e-15	5.2882e-14	1.828e-14	7.8344e-14	5.1576e-14	9.793e-14	1.828e-14	3.199e-14	9.793e-15	9.1401e-14	4.7659e-15	5.2882e-15	3.199e-15
51557	0.00025126	1.334e-05	6.4646e-08	2.4308e-08	5.2138e-08	3.659e-07	6.637e-08	4.0405e-07	3.8512e-09	5.6196e-08	7.3261e-09	8.4793e-08	1.1013e-08	7.2842e-08	1.4104e-09	1.2986e-08	1.3116e-09	3.5938e-09	2.0356e-09	9.9097e-09	1.1492e-09	3.1885e-09	1.7714e-09	4.3407e-09	4.2751e-09	6.3042e-08	2.8528e-10	3.1999e-09	4.2868e-11	5.5477e-11	4.0977e-12	8.8258e-12	5.6107e-13	3.2782e-12	6.115e-13	1.7021e-12	5.5477e-13	1.8282e-12	4.0977e-13	1.0087e-12	1.8282e-13	5.1064e-13	5.989e-14	1.9543e-13	1.0087e-13	2.8999e-13	9.4563e-14	2.5217e-13	5.5477e-14	2.963e-13	6.2411e-14	3.5934e-13	6.9346e-14	1.7021e-13	4.0977e-14	4.2238e-13	3.7825e-14	1.1348e-13	2.7108e-14	1.0087e-13	1.1978e-14	1.1348e-13	1.9543e-14	8.8258e-14	2.2065e-14	8.8258e-14	3.3412e-14	5.5477e-14	1.1348e-14	5.6107e-14	8.1954e-15	5.1064e-14	4.602e-15	5.1064e-14	1.7652e-14	7.565e-14	4.9803e-14	9.4563e-14	1.7652e-14	3.089e-14	9.4563e-15	8.8258e-14	4.602e-15	5.1064e-15	3.089e-15
52273.5	0.00024219	1.2856e-05	6.2336e-08	2.3377e-08	5.0073e-08	3.5261e-07	6.3828e-08	3.8963e-07	3.6986e-09	5.4154e-08	7.0454e-09	8.1767e-08	1.0606e-08	7.0291e-08	1.3555e-09	1.2523e-08	1.2596e-09	3.4561e-09	1.955e-09	9.5496e-09	1.1052e-09	3.0643e-09	1.7036e-09	4.1773e-09	4.1225e-09	6.0873e-08	2.7491e-10	3.0899e-09	4.1394e-11	5.3569e-11	3.9568e-12	8.5223e-12	5.4177e-13	3.1654e-12	5.9047e-13	1.6436e-12	5.3569e-13	1.7653e-12	3.9568e-13	9.7397e-13	1.7653e-13	4.9307e-13	5.783e-14	1.8871e-13	9.7397e-14	2.8002e-13	9.131e-14	2.4349e-13	5.3569e-14	2.8611e-13	6.0265e-14	3.4698e-13	6.6961e-14	1.6436e-13	3.9568e-14	4.0785e-13	3.6524e-14	1.0957e-13	2.6176e-14	9.7397e-14	1.1566e-14	1.0957e-13	1.8871e-14	8.5223e-14	2.1306e-14	8.5223e-14	3.2263e-14	5.3569e-14	1.0957e-14	5.4177e-14	7.9135e-15	4.9307e-14	4.4438e-15	4.9307e-14	1.7045e-14	7.3048e-14	4.809e-14	9.131e-14	1.7045e-14	2.9828e-14	9.131e-15	8.5223e-14	4.4438e-15	4.9307e-15	2.9828e-15
53000	0.00023345	1.2388e-05	6.0109e-08	2.2481e-08	4.8088e-08	3.3979e-07	6.1383e-08	3.7572e-07	3.5521e-09	5.2186e-08	6.7754e-09	7.8848e-08	1.0213e-08	6.7827e-08	1.3026e-09	1.2076e-08	1.2097e-09	3.3237e-09	1.8776e-09	9.2025e-09	1.0629e-09	2.9448e-09	1.6383e-09	4.0199e-09	3.9752e-09	5.8779e-08	2.6491e-10	2.9836e-09	3.997e-11	5.1726e-11	3.8206e-12	8.2291e-12	5.2313e-13	3.0565e-12	5.7016e-13	1.587e-12	5.1726e-13	1.7046e-12	3.8206e-13	9.4047e-13	1.7046e-13	4.7611e-13	5.584e-14	1.8222e-13	9.4047e-14	2.7038e-13	8.8169e-14	2.3512e-13	5.1726e-14	2.7626e-13	5.8191e-14	3.3504e-13	6.4657e-14	1.587e-13	3.8206e-14	3.9382e-13	3.5267e-14	1.058e-13	2.5275e-14	9.4047e-14	1.1168e-14	1.058e-13	1.8222e-14	8.2291e-14	2.0573e-14	8.2291e-14	3.1153e-14	5.1726e-14	1.058e-14	5.2313e-14	7.6413e-15	4.7611e-14	4.2909e-15	4.7611e-14	1.6458e-14	7.0535e-14	4.6435e-14	8.8169e-14	1.6458e-14	2.8802e-14	8.8169e-15	8.2291e-14	4.2909e-15	4.7611e-15	2.8802e-15
53736.5	0.00022502	1.1938e-05	5.7961e-08	2.1619e-08	4.6182e-08	3.2743e-07	5.9031e-08	3.623e-07	3.4113e-09	5.0288e-08	6.5157e-09	7.6032e-08	9.8352e-09	6.545e-08	1.2519e-09	1.1645e-08	1.1618e-09	3.1962e-09	1.8031e-09	8.8678e-09	1.0221e-09	2.83e-09	1.5754e-09	3.8684e-09	3.8332e-09	5.6756e-08	2.5527e-10	2.8809e-09	3.8594e-11	4.9945e-11	3.6891e-12	7.9459e-12	5.0513e-13	2.9513e-12	5.5053e-13	1.5324e-12	4.9945e-13	1.6459e-12	3.6891e-13	9.081e-13	1.6459e-13	4.5972e-13	5.3918e-14	1.7594e-13	9.081e-14	2.6108e-13	8.5134e-14	2.2702e-13	4.9945e-14	2.6675e-13	5.6189e-14	3.2351e-13	6.2432e-14	1.5324e-13	3.6891e-14	3.8027e-13	3.4054e-14	1.0216e-13	2.4405e-14	9.081e-14	1.0784e-14	1.0216e-13	1.7594e-14	7.9459e-14	1.9865e-14	7.9459e-14	3.0081e-14	4.9945e-14	1.0216e-14	5.0513e-14	7.3783e-15	4.5972e-14	4.1432e-15	4.5972e-14	1.5892e-14	6.8107e-14	4.4837e-14	8.5134e-14	1.5892e-14	2.781e-14	8.5134e-15	7.9459e-14	4.1432e-15	4.5972e-15	2.781e-15
54483.3	0.00021689	1.1504e-05	5.5889e-08	2.0789e-08	4.4351e-08	3.1552e-07	5.6768e-08	3.4936e-07	3.276e-09	4.8459e-08	6.2659e-09	7.3316e-08	9.471e-09	6.3155e-08	1.2031e-09	1.1229e-08	1.1157e-09	3.0736e-09	1.7317e-09	8.5453e-09	9.8291e-10	2.7196e-09	1.515e-09	3.7225e-09	3.6962e-09	5.4802e-08	2.4598e-10	2.7818e-09	3.7265e-11	4.8226e-11	3.5621e-12	7.6723e-12	4.8774e-13	2.8497e-12	5.3158e-13	1.4797e-12	4.8226e-13	1.5893e-12	3.5621e-13	8.7683e-13	1.5893e-13	4.439e-13	5.2062e-14	1.6989e-13	8.7683e-14	2.5209e-13	8.2203e-14	2.1921e-13	4.8226e-14	2.5757e-13	5.4254e-14	3.1237e-13	6.0282e-14	1.4797e-13	3.5621e-14	3.6717e-13	3.2881e-14	9.8644e-14	2.3565e-14	8.7683e-14	1.0412e-14	9.8644e-14	1.6989e-14	7.6723e-14	1.9181e-14	7.6723e-14	2.9045e-14	4.8226e-14	9.8644e-15	4.8774e-14	7.1243e-15	4.439e-14	4.0006e-15	4.439e-14	1.5345e-14	6.5763e-14	4.3294e-14	8.2203e-14	1.5345e-14	2.6853e-14	8.2203e-15	7.6723e-14	4.0006e-15	4.439e-15	2.6853e-15
55240.5	0.00020906	1.1085e-05	5.389e-08	1.9992e-08	4.2592e-08	3.0404e-07	5.4592e-08	3.3688e-07	3.1461e-09	4.6695e-08	6.0256e-09	7.0696e-08	9.1201e-09	6.094e-08	1.1561e-09	1.0828e-08	1.0715e-09	2.9557e-09	1.663e-09	8.2344e-09	9.4521e-10	2.6135e-09	1.4569e-09	3.5822e-09	3.564e-09	5.2915e-08	2.3703e-10	2.686e-09	3.5982e-11	4.6565e-11	3.4395e-12	7.4081e-12	4.7094e-13	2.7516e-12	5.1327e-13	1.4287e-12	4.6565e-13	1.5345e-12	3.4395e-13	8.4664e-13	1.5345e-13	4.2861e-13	5.0269e-14	1.6404e-13	8.4664e-14	2.4341e-13	7.9372e-14	2.1166e-13	4.6565e-14	2.487e-13	5.2386e-14	3.0161e-13	5.8206e-14	1.4287e-13	3.4395e-14	3.5453e-13	3.1749e-14	9.5247e-14	2.2753e-14	8.4664e-14	1.0054e-14	9.5247e-14	1.6404e-14	7.4081e-14	1.852e-14	7.4081e-14	2.8045e-14	4.6565e-14	9.5247e-15	4.7094e-14	6.8789e-15	4.2861e-14	3.8628e-15	4.2861e-14	1.4816e-14	6.3498e-14	4.1803e-14	7.9372e-14	1.4816e-14	2.5928e-14	7.9372e-15	7.4081e-14	3.8628e-15	4.2861e-15	2.5928e-15
56008.2	0.0002015	1.0682e-05	5.1962e-08	1.9224e-08	4.0902e-08	2.9298e-07	5.2498e-08	3.2484e-07	3.0213e-09	4.4996e-08	5.7944e-09	6.8169e-08	8.7821e-09	5.8801e-08	1.111e-09	1.0441e-08	1.029e-09	2.8423e-09	1.597e-09	7.9347e-09	9.0894e-10	2.5115e-09	1.401e-09	3.447e-09	3.4365e-09	5.1092e-08	2.284e-10	2.5935e-09	3.4743e-11	4.4961e-11	3.321e-12	7.1529e-12	4.5472e-13	2.6568e-12	4.9559e-13	1.3795e-12	4.4961e-13	1.4817e-12	3.321e-13	8.1747e-13	1.4817e-13	4.1384e-13	4.8537e-14	1.5839e-13	8.1747e-14	2.3502e-13	7.6638e-14	2.0437e-13	4.4961e-14	2.4013e-13	5.0581e-14	2.9122e-13	5.6201e-14	1.3795e-13	3.321e-14	3.4232e-13	3.0655e-14	9.1966e-14	2.197e-14	8.1747e-14	9.7075e-15	9.1966e-14	1.5839e-14	7.1529e-14	1.7882e-14	7.1529e-14	2.7079e-14	4.4961e-14	9.1966e-15	4.5472e-14	6.642e-15	4.1384e-14	3.7297e-15	4.1384e-14	1.4306e-14	6.131e-14	4.0363e-14	7.6638e-14	1.4306e-14	2.5035e-14	7.6638e-15	7.1529e-14	3.7297e-15	4.1384e-15	2.5035e-15
56786.6	0.00019421	1.0293e-05	5.0103e-08	1.8486e-08	3.9278e-08	2.8231e-07	5.0483e-08	3.1322e-07	2.9014e-09	4.3357e-08	5.572e-09	6.5732e-08	8.4565e-09	5.6737e-08	1.0677e-09	1.0067e-08	9.8815e-10	2.7332e-09	1.5337e-09	7.6458e-09	8.7405e-10	2.4135e-09	1.3472e-09	3.317e-09	3.3136e-09	4.9331e-08	2.2008e-10	2.5041e-09	3.3545e-11	4.3412e-11	3.2065e-12	6.9064e-12	4.3905e-13	2.5652e-12	4.7851e-13	1.3319e-12	4.3412e-13	1.4306e-12	3.2065e-13	7.893e-13	1.4306e-13	3.9958e-13	4.6865e-14	1.5293e-13	7.893e-14	2.2692e-13	7.3997e-14	1.9733e-13	4.3412e-14	2.3186e-13	4.8838e-14	2.8119e-13	5.4264e-14	1.3319e-13	3.2065e-14	3.3052e-13	2.9599e-14	8.8796e-14	2.1212e-14	7.893e-14	9.373e-15	8.8796e-14	1.5293e-14	6.9064e-14	1.7266e-14	6.9064e-14	2.6146e-14	4.3412e-14	8.8796e-15	4.3905e-14	6.4131e-15	3.9958e-14	3.6012e-15	3.9958e-14	1.3813e-14	5.9198e-14	3.8972e-14	7.3997e-14	1.3813e-14	2.4172e-14	7.3997e-15	6.9064e-14	3.6012e-15	3.9958e-15	2.4172e-15
57575.8	0.00018718	9.9178e-06	4.8309e-08	1.7776e-08	3.7719e-08	2.7203e-07	4.8546e-08	3.0202e-07	2.7862e-09	4.1778e-08	5.3581e-09	6.338e-08	8.1429e-09	5.4745e-08	1.026e-09	9.7073e-09	9.4893e-10	2.6282e-09	1.4728e-09	7.3673e-09	8.4049e-10	2.3192e-09	1.2954e-09	3.1918e-09	3.195e-09	4.7631e-08	2.1206e-10	2.4178e-09	3.2389e-11	4.1915e-11	3.096e-12	6.6683e-12	4.2391e-13	2.4768e-12	4.6202e-13	1.286e-12	4.1915e-13	1.3813e-12	3.096e-13	7.6209e-13	1.3813e-13	3.8581e-13	4.5249e-14	1.4766e-13	7.6209e-14	2.191e-13	7.1446e-14	1.9052e-13	4.1915e-14	2.2387e-13	4.7155e-14	2.715e-13	5.2394e-14	1.286e-13	3.096e-14	3.1913e-13	2.8579e-14	8.5736e-14	2.0481e-14	7.6209e-14	9.0499e-15	8.5736e-14	1.4766e-14	6.6683e-14	1.6671e-14	6.6683e-14	2.5244e-14	4.1915e-14	8.5736e-15	4.2391e-14	6.192e-15	3.8581e-14	3.4771e-15	3.8581e-14	1.3337e-14	5.7157e-14	3.7628e-14	7.1446e-14	1.3337e-14	2.3339e-14	7.1446e-15	6.6683e-14	3.4771e-15	3.8581e-15	2.3339e-15
58375.9	0.00018041	9.5565e-06	4.658e-08	1.7094e-08	3.6221e-08	2.6212e-07	4.6682e-08	2.9121e-07	2.6756e-09	4.0256e-08	5.1523e-09	6.1113e-08	7.8409e-09	5.2823e-08	9.8592e-10	9.36e-09	9.1125e-10	2.5273e-09	1.4143e-09	7.0989e-09	8.0821e-10	2.2286e-09	1.2457e-09	3.0712e-09	3.0806e-09	4.5989e-08	2.0433e-10	2.3345e-09	3.1272e-11	4.047e-11	2.9893e-12	6.4384e-12	4.093e-13	2.3914e-12	4.4609e-13	1.2417e-12	4.047e-13	1.3337e-12	2.9893e-13	7.3582e-13	1.3337e-13	3.7251e-13	4.3689e-14	1.4256e-13	7.3582e-14	2.1155e-13	6.8983e-14	1.8395e-13	4.047e-14	2.1615e-13	4.5529e-14	2.6213e-13	5.0587e-14	1.2417e-13	2.9893e-14	3.0812e-13	2.7593e-14	8.2779e-14	1.9775e-14	7.3582e-14	8.7378e-15	8.2779e-14	1.4256e-14	6.4384e-14	1.6096e-14	6.4384e-14	2.4374e-14	4.047e-14	8.2779e-15	4.093e-14	5.9785e-15	3.7251e-14	3.3572e-15	3.7251e-14	1.2877e-14	5.5186e-14	3.6331e-14	6.8983e-14	1.2877e-14	2.2534e-14	6.8983e-15	6.4384e-14	3.3572e-15	3.7251e-15	2.2534e-15
59187.2	0.00017388	9.2082e-06	4.4911e-08	1.6437e-08	3.4782e-08	2.5257e-07	4.4889e-08	2.8079e-07	2.5693e-09	3.8789e-08	4.9544e-09	5.8926e-08	7.55e-09	5.0967e-08	9.4741e-10	9.0251e-09	8.7506e-10	2.4302e-09	1.3582e-09	6.8402e-09	7.7716e-10	2.1415e-09	1.1978e-09	2.9553e-09	2.9703e-09	4.4402e-08	1.9688e-10	2.2539e-09	3.0194e-11	3.9074e-11	2.8861e-12	6.2163e-12	3.9518e-13	2.3089e-12	4.307e-13	1.1989e-12	3.9074e-13	1.2877e-12	2.8861e-13	7.1044e-13	1.2877e-13	3.5966e-13	4.2182e-14	1.3765e-13	7.1044e-14	2.0425e-13	6.6603e-14	1.7761e-13	3.9074e-14	2.0869e-13	4.3958e-14	2.5309e-13	4.8843e-14	1.1989e-13	2.8861e-14	2.975e-13	2.6641e-14	7.9924e-14	1.9093e-14	7.1044e-14	8.4364e-15	7.9924e-14	1.3765e-14	6.2163e-14	1.5541e-14	6.2163e-14	2.3533e-14	3.9074e-14	7.9924e-15	3.9518e-14	5.7723e-15	3.5966e-14	3.2414e-15	3.5966e-14	1.2433e-14	5.3283e-14	3.5078e-14	6.6603e-14	1.2433e-14	2.1757e-14	6.6603e-15	6.2163e-14	3.2414e-15	3.5966e-15	2.1757e-15
60009.7	0.00016758	8.8726e-06	4.3302e-08	1.5805e-08	3.34e-08	2.4336e-07	4.3165e-08	2.7074e-07	2.4672e-09	3.7375e-08	4.764e-09	5.6816e-08	7.2697e-09	4.9176e-08	9.1039e-10	8.702e-09	8.403e-10	2.3368e-09	1.3042e-09	6.5909e-09	7.4729e-10	2.0578e-09	1.1518e-09	2.8436e-09	2.8639e-09	4.287e-08	1.897e-10	2.1762e-09	2.9152e-11	3.7726e-11	2.7866e-12	6.0018e-12	3.8155e-13	2.2293e-12	4.1584e-13	1.1575e-12	3.7726e-13	1.2432e-12	2.7866e-13	6.8593e-13	1.2432e-13	3.4725e-13	4.0727e-14	1.329e-13	6.8593e-14	1.972e-13	6.4306e-14	1.7148e-13	3.7726e-14	2.0149e-13	4.2442e-14	2.4436e-13	4.7157e-14	1.1575e-13	2.7866e-14	2.8723e-13	2.5722e-14	7.7167e-14	1.8434e-14	6.8593e-14	8.1454e-15	7.7167e-14	1.329e-14	6.0018e-14	1.5005e-14	6.0018e-14	2.2721e-14	3.7726e-14	7.7167e-15	3.8155e-14	5.5731e-15	3.4725e-14	3.1295e-15	3.4725e-14	1.2004e-14	5.1444e-14	3.3868e-14	6.4306e-14	1.2004e-14	2.1006e-14	6.4306e-15	6.0018e-14	3.1295e-15	3.4725e-15	2.1006e-15
60843.7	0.00016151	8.549e-06	4.175e-08	1.5197e-08	3.2072e-08	2.3449e-07	4.1507e-08	2.6105e-07	2.3692e-09	3.6012e-08	4.5809e-09	5.4781e-08	6.9999e-09	4.7447e-08	8.7481e-10	8.3904e-09	8.0691e-10	2.2469e-09	1.2524e-09	6.3506e-09	7.1857e-10	1.9774e-09	1.1075e-09	2.7362e-09	2.7613e-09	4.1391e-08	1.8278e-10	2.1011e-09	2.8146e-11	3.6424e-11	2.6904e-12	5.7947e-12	3.6838e-13	2.1523e-12	4.0149e-13	1.1176e-12	3.6424e-13	1.2003e-12	2.6904e-13	6.6225e-13	1.2003e-13	3.3527e-13	3.9321e-14	1.2831e-13	6.6225e-14	1.904e-13	6.2086e-14	1.6556e-13	3.6424e-14	1.9454e-13	4.0977e-14	2.3593e-13	4.553e-14	1.1176e-13	2.6904e-14	2.7732e-13	2.4834e-14	7.4503e-14	1.7798e-14	6.6225e-14	7.8643e-15	7.4503e-14	1.2831e-14	5.7947e-14	1.4487e-14	5.7947e-14	2.1937e-14	3.6424e-14	7.4503e-15	3.6838e-14	5.3808e-15	3.3527e-14	3.0215e-15	3.3527e-14	1.1589e-14	4.9669e-14	3.2699e-14	6.2086e-14	1.1589e-14	2.0282e-14	6.2086e-15	5.7947e-14	3.0215e-15	3.3527e-15	2.0282e-15
61689.3	0.00015565	8.2372e-06	4.0254e-08	1.4613e-08	3.0797e-08	2.2593e-07	3.9911e-08	2.517e-07	2.275e-09	3.4698e-08	4.4048e-09	5.2819e-08	6.7399e-09	4.5779e-08	8.4061e-10	8.0899e-09	7.7483e-10	2.1605e-09	1.2026e-09	6.1189e-09	6.9094e-10	1.9e-09	1.0649e-09	2.6327e-09	2.6624e-09	3.9962e-08	1.7611e-10	2.0286e-09	2.7174e-11	3.5167e-11	2.5975e-12	5.5947e-12	3.5566e-13	2.078e-12	3.8763e-13	1.079e-12	3.5167e-13	1.1589e-12	2.5975e-13	6.3939e-13	1.1589e-13	3.2369e-13	3.7964e-14	1.2388e-13	6.3939e-14	1.8383e-13	5.9943e-14	1.5985e-13	3.5167e-14	1.8782e-13	3.9562e-14	2.2778e-13	4.3958e-14	1.079e-13	2.5975e-14	2.6775e-13	2.3977e-14	7.1932e-14	1.7184e-14	6.3939e-14	7.5928e-15	7.1932e-14	1.2388e-14	5.5947e-14	1.3987e-14	5.5947e-14	2.118e-14	3.5167e-14	7.1932e-15	3.5566e-14	5.1951e-15	3.2369e-14	2.9172e-15	3.2369e-14	1.1189e-14	4.7954e-14	3.157e-14	5.9943e-14	1.1189e-14	1.9581e-14	5.9943e-15	5.5947e-14	2.9172e-15	3.2369e-15	1.9581e-15
62546.6	0.00015001	7.9367e-06	3.881e-08	1.4051e-08	2.9573e-08	2.1769e-07	3.8377e-08	2.4268e-07	2.1845e-09	3.3432e-08	4.2354e-09	5.0926e-08	6.4895e-09	4.4169e-08	8.0773e-10	7.8e-09	7.4403e-10	2.0774e-09	1.1548e-09	5.8957e-09	6.6437e-10	1.8257e-09	1.0239e-09	2.5332e-09	2.5669e-09	3.8582e-08	1.6968e-10	1.9585e-09	2.6236e-11	3.3952e-11	2.5078e-12	5.4015e-12	3.4338e-13	2.0063e-12	3.7425e-13	1.0417e-12	3.3952e-13	1.1189e-12	2.5078e-13	6.1731e-13	1.1189e-13	3.1251e-13	3.6653e-14	1.196e-13	6.1731e-14	1.7748e-13	5.7873e-14	1.5433e-13	3.3952e-14	1.8134e-13	3.8196e-14	2.1992e-13	4.244e-14	1.0417e-13	2.5078e-14	2.585e-13	2.3149e-14	6.9448e-14	1.659e-14	6.1731e-14	7.3306e-15	6.9448e-14	1.196e-14	5.4015e-14	1.3504e-14	5.4015e-14	2.0448e-14	3.3952e-14	6.9448e-15	3.4338e-14	5.0157e-15	3.1251e-14	2.8165e-15	3.1251e-14	1.0803e-14	4.6298e-14	3.048e-14	5.7873e-14	1.0803e-14	1.8905e-14	5.7873e-15	5.4015e-14	2.8165e-15	3.1251e-15	1.8905e-15
63415.8	0.00014457	7.647e-06	3.7418e-08	1.351e-08	2.8396e-08	2.0975e-07	3.6901e-08	2.3398e-07	2.0976e-09	3.2212e-08	4.0725e-09	4.9101e-08	6.2484e-09	4.2615e-08	7.7614e-10	7.5205e-09	7.1444e-10	1.9975e-09	1.1089e-09	5.6805e-09	6.3881e-10	1.7543e-09	9.8454e-10	2.4374e-09	2.4749e-09	3.7249e-08	1.6349e-10	1.8909e-09	2.533e-11	3.2779e-11	2.4212e-12	5.2149e-12	3.3152e-13	1.937e-12	3.6132e-13	1.0057e-12	3.2779e-13	1.0802e-12	2.4212e-13	5.9599e-13	1.0802e-13	3.0172e-13	3.5387e-14	1.1547e-13	5.9599e-14	1.7135e-13	5.5874e-14	1.49e-13	3.2779e-14	1.7507e-13	3.6877e-14	2.1232e-13	4.0974e-14	1.0057e-13	2.4212e-14	2.4957e-13	2.235e-14	6.7049e-14	1.6017e-14	5.9599e-14	7.0774e-15	6.7049e-14	1.1547e-14	5.2149e-14	1.3037e-14	5.2149e-14	1.9742e-14	3.2779e-14	6.7049e-15	3.3152e-14	4.8424e-15	3.0172e-14	2.7192e-15	3.0172e-14	1.043e-14	4.4699e-14	2.9427e-14	5.5874e-14	1.043e-14	1.8252e-14	5.5874e-15	5.2149e-14	2.7192e-15	3.0172e-15	1.8252e-15
64297.2	0.00013932	7.3679e-06	3.6076e-08	1.299e-08	2.7266e-08	2.0209e-07	3.5481e-08	2.2559e-07	2.0142e-09	3.1036e-08	3.9158e-09	4.7341e-08	6.0162e-09	4.1115e-08	7.4577e-10	7.2509e-09	6.8602e-10	1.9206e-09	1.0648e-09	5.4732e-09	6.1422e-10	1.6856e-09	9.4664e-10	2.3452e-09	2.3861e-09	3.5962e-08	1.5752e-10	1.8256e-09	2.4454e-11	3.1647e-11	2.3376e-12	5.0347e-12	3.2007e-13	1.87e-12	3.4884e-13	9.7099e-13	3.1647e-13	1.0429e-12	2.3376e-13	5.754e-13	1.0429e-13	2.913e-13	3.4164e-14	1.1148e-13	5.754e-14	1.6543e-13	5.3944e-14	1.4385e-13	3.1647e-14	1.6902e-13	3.5603e-14	2.0499e-13	3.9559e-14	9.7099e-14	2.3376e-14	2.4095e-13	2.1577e-14	6.4732e-14	1.5464e-14	5.754e-14	6.8329e-15	6.4732e-14	1.1148e-14	5.0347e-14	1.2587e-14	5.0347e-14	1.906e-14	3.1647e-14	6.4732e-15	3.2007e-14	4.6751e-15	2.913e-14	2.6253e-15	2.913e-14	1.0069e-14	4.3155e-14	2.841e-14	5.3944e-14	1.0069e-14	1.7622e-14	5.3944e-15	5.0347e-14	2.6253e-15	2.913e-15	1.7622e-15
65190.7	0.00013426	7.0989e-06	3.4782e-08	1.249e-08	2.6181e-08	1.9471e-07	3.4116e-08	2.175e-07	1.934e-09	2.9903e-08	3.7651e-09	4.5643e-08	5.7925e-09	3.9668e-08	7.1658e-10	6.9909e-09	6.5872e-10	1.8467e-09	1.0224e-09	5.2733e-09	5.9058e-10	1.6196e-09	9.102e-10	2.2564e-09	2.3005e-09	3.472e-08	1.5176e-10	1.7625e-09	2.3609e-11	3.0553e-11	2.2568e-12	4.8607e-12	3.09e-13	1.8054e-12	3.3678e-13	9.3743e-13	3.0553e-13	1.0069e-12	2.2568e-13	5.5551e-13	1.0069e-13	2.8123e-13	3.2984e-14	1.0763e-13	5.5551e-14	1.5971e-13	5.2079e-14	1.3888e-13	3.0553e-14	1.6318e-13	3.4372e-14	1.979e-13	3.8192e-14	9.3743e-14	2.2568e-14	2.3262e-13	2.0832e-14	6.2495e-14	1.4929e-14	5.5551e-14	6.5967e-15	6.2495e-14	1.0763e-14	4.8607e-14	1.2152e-14	4.8607e-14	1.8401e-14	3.0553e-14	6.2495e-15	3.09e-14	4.5135e-15	2.8123e-14	2.5345e-15	2.8123e-14	9.7215e-15	4.1663e-14	2.7428e-14	5.2079e-14	9.7215e-15	1.7013e-14	5.2079e-15	4.8607e-14	2.5345e-15	2.8123e-15	1.7013e-15
66096.7	0.00012939	6.8396e-06	3.3533e-08	1.2009e-08	2.5139e-08	1.876e-07	3.2803e-08	2.097e-07	1.857e-09	2.8811e-08	3.6202e-09	4.4006e-08	5.5771e-09	3.8271e-08	6.8853e-10	6.7402e-09	6.325e-10	1.7756e-09	9.8172e-10	5.0807e-09	5.6784e-10	1.5562e-09	8.7515e-10	2.171e-09	2.2179e-09	3.3519e-08	1.4622e-10	1.7016e-09	2.2793e-11	2.9497e-11	2.1788e-12	4.6927e-12	2.9832e-13	1.743e-12	3.2514e-13	9.0502e-13	2.9497e-13	9.7206e-13	2.1788e-13	5.3631e-13	9.7206e-14	2.7151e-13	3.1843e-14	1.0391e-13	5.3631e-14	1.5419e-13	5.0279e-14	1.3408e-13	2.9497e-14	1.5754e-13	3.3184e-14	1.9106e-13	3.6871e-14	9.0502e-14	2.1788e-14	2.2458e-13	2.0112e-14	6.0335e-14	1.4413e-14	5.3631e-14	6.3687e-15	6.0335e-14	1.0391e-14	4.6927e-14	1.1732e-14	4.6927e-14	1.7765e-14	2.9497e-14	6.0335e-15	2.9832e-14	4.3575e-15	2.7151e-14	2.4469e-15	2.7151e-14	9.3854e-15	4.0223e-14	2.648e-14	5.0279e-14	9.3854e-15	1.6424e-14	5.0279e-15	4.6927e-14	2.4469e-15	2.7151e-15	1.6424e-15
67015.3	0.00012469	6.5897e-06	3.2329e-08	1.1547e-08	2.4138e-08	1.8074e-07	3.154e-08	2.0218e-07	1.7831e-09	2.7758e-08	3.4808e-09	4.2427e-08	5.3697e-09	3.6923e-08	6.6157e-10	6.4984e-09	6.0732e-10	1.7072e-09	9.4263e-10	4.8951e-09	5.4597e-10	1.4953e-09	8.4144e-10	2.0888e-09	2.1383e-09	3.236e-08	1.4087e-10	1.6428e-09	2.2005e-11	2.8477e-11	2.1034e-12	4.5304e-12	2.8801e-13	1.6827e-12	3.139e-13	8.7373e-13	2.8477e-13	9.3845e-13	2.1034e-13	5.1777e-13	9.3845e-14	2.6212e-13	3.0742e-14	1.0032e-13	5.1777e-14	1.4886e-13	4.854e-14	1.2944e-13	2.8477e-14	1.5209e-13	3.2037e-14	1.8445e-13	3.5596e-14	8.7373e-14	2.1034e-14	2.1681e-13	1.9416e-14	5.8249e-14	1.3915e-14	5.1777e-14	6.1485e-15	5.8249e-14	1.0032e-14	4.5304e-14	1.1326e-14	4.5304e-14	1.7151e-14	2.8477e-14	5.8249e-15	2.8801e-14	4.2068e-15	2.6212e-14	2.3623e-15	2.6212e-14	9.0609e-15	3.8832e-14	2.5565e-14	4.854e-14	9.0609e-15	1.5857e-14	4.854e-15	4.5304e-14	2.3623e-15	2.6212e-15	1.5857e-15
67946.6	0.00012015	6.3489e-06	3.1168e-08	1.1102e-08	2.3176e-08	1.7414e-07	3.0326e-08	1.9492e-07	1.7121e-09	2.6744e-08	3.3467e-09	4.0904e-08	5.1699e-09	3.5622e-08	6.3566e-10	6.2652e-09	5.8313e-10	1.6414e-09	9.051e-10	4.7162e-09	5.2494e-10	1.4367e-09	8.0902e-10	2.0097e-09	2.0616e-09	3.1241e-08	1.3572e-10	1.5859e-09	2.1244e-11	2.7492e-11	2.0307e-12	4.3738e-12	2.7805e-13	1.6245e-12	3.0304e-13	8.4351e-13	2.7492e-13	9.0599e-13	2.0307e-13	4.9986e-13	9.0599e-14	2.5305e-13	2.9679e-14	9.6847e-14	4.9986e-14	1.4371e-13	4.6862e-14	1.2496e-13	2.7492e-14	1.4683e-13	3.0929e-14	1.7807e-13	3.4365e-14	8.4351e-14	2.0307e-14	2.0932e-13	1.8745e-14	5.6234e-14	1.3434e-14	4.9986e-14	5.9358e-15	5.6234e-14	9.6847e-15	4.3738e-14	1.0934e-14	4.3738e-14	1.6558e-14	2.7492e-14	5.6234e-15	2.7805e-14	4.0613e-15	2.5305e-14	2.2806e-15	2.5305e-14	8.7475e-15	3.7489e-14	2.468e-14	4.6862e-14	8.7475e-15	1.5308e-14	4.6862e-15	4.3738e-14	2.2806e-15	2.5305e-15	1.5308e-15
68890.9	0.00011579	6.1168e-06	3.0048e-08	1.0674e-08	2.2253e-08	1.6777e-07	2.9158e-08	1.8793e-07	1.6439e-09	2.5766e-08	3.2177e-09	3.9436e-08	4.9775e-09	3.4367e-08	6.1075e-10	6.0403e-09	5.5991e-10	1.5782e-09	8.6905e-10	4.5439e-09	5.0472e-10	1.3804e-09	7.7784e-10	1.9336e-09	1.9875e-09	3.016e-08	1.3076e-10	1.5311e-09	2.0509e-11	2.6541e-11	1.9604e-12	4.2224e-12	2.6843e-13	1.5683e-12	2.9255e-13	8.1433e-13	2.6541e-13	8.7465e-13	1.9604e-13	4.8256e-13	8.7465e-14	2.443e-13	2.8652e-14	9.3497e-14	4.8256e-14	1.3874e-13	4.524e-14	1.2064e-13	2.6541e-14	1.4175e-13	2.9859e-14	1.7191e-13	3.3176e-14	8.1433e-14	1.9604e-14	2.0207e-13	1.8096e-14	5.4288e-14	1.2969e-14	4.8256e-14	5.7305e-15	5.4288e-14	9.3497e-15	4.2224e-14	1.0556e-14	4.2224e-14	1.5985e-14	2.6541e-14	5.4288e-15	2.6843e-14	3.9208e-15	2.443e-14	2.2017e-15	2.443e-14	8.4449e-15	3.6192e-14	2.3827e-14	4.524e-14	8.4449e-15	1.4779e-14	4.524e-15	4.2224e-14	2.2017e-15	2.443e-15	1.4779e-15
69848.3	0.00011158	5.8932e-06	2.8969e-08	1.0262e-08	2.1366e-08	1.6164e-07	2.8034e-08	1.8118e-07	1.5784e-09	2.4824e-08	3.0938e-09	3.802e-08	4.7922e-09	3.3155e-08	5.8682e-10	5.8234e-09	5.376e-10	1.5173e-09	8.3443e-10	4.3777e-09	4.8527e-10	1.3263e-09	7.4786e-10	1.8603e-09	1.9161e-09	2.9117e-08	1.2598e-10	1.4781e-09	1.9799e-11	2.5623e-11	1.8926e-12	4.0763e-12	2.5914e-13	1.5141e-12	2.8243e-13	7.8615e-13	2.5623e-13	8.4438e-13	1.8926e-13	4.6587e-13	8.4438e-14	2.3584e-13	2.7661e-14	9.0261e-14	4.6587e-14	1.3394e-13	4.3675e-14	1.1647e-13	2.5623e-14	1.3685e-13	2.8825e-14	1.6596e-13	3.2028e-14	7.8615e-14	1.8926e-14	1.9508e-13	1.747e-14	5.241e-14	1.252e-14	4.6587e-14	5.5322e-15	5.241e-14	9.0261e-15	4.0763e-14	1.0191e-14	4.0763e-14	1.5432e-14	2.5623e-14	5.241e-15	2.5914e-14	3.7852e-15	2.3584e-14	2.1255e-15	2.3584e-14	8.1526e-15	3.494e-14	2.3002e-14	4.3675e-14	8.1526e-15	1.4267e-14	4.3675e-15	4.0763e-14	2.1255e-15	2.3584e-15	1.4267e-15
70819	0.00010752	5.6777e-06	2.7928e-08	9.8667e-09	2.0515e-08	1.5573e-07	2.6954e-08	1.7467e-07	1.5155e-09	2.3916e-08	2.9745e-09	3.6654e-08	4.6138e-09	3.1986e-08	5.6382e-10	5.6143e-09	5.1617e-10	1.4588e-09	8.0118e-10	4.2176e-09	4.6656e-10	1.2743e-09	7.1903e-10	1.7898e-09	1.8473e-09	2.8109e-08	1.2137e-10	1.427e-09	1.9114e-11	2.4736e-11	1.8271e-12	3.9352e-12	2.5017e-13	1.4617e-12	2.7266e-13	7.5894e-13	2.4736e-13	8.1515e-13	1.8271e-13	4.4974e-13	8.1515e-14	2.2768e-13	2.6703e-14	8.7137e-14	4.4974e-14	1.293e-13	4.2163e-14	1.1244e-13	2.4736e-14	1.3211e-13	2.7828e-14	1.6022e-13	3.092e-14	7.5894e-14	1.8271e-14	1.8833e-13	1.6865e-14	5.0596e-14	1.2087e-14	4.4974e-14	5.3407e-15	5.0596e-14	8.7137e-15	3.9352e-14	9.8381e-15	3.9352e-14	1.4898e-14	2.4736e-14	5.0596e-15	2.5017e-14	3.6541e-15	2.2768e-14	2.0519e-15	2.2768e-14	7.8705e-15	3.3731e-14	2.2206e-14	4.2163e-14	7.8705e-15	1.3773e-14	4.2163e-15	3.9352e-14	2.0519e-15	2.2768e-15	1.3773e-15
71803.2	0.00010361	5.47e-06	2.6924e-08	9.4862e-09	1.9697e-08	1.5003e-07	2.5915e-08	1.684e-07	1.4551e-09	2.3041e-08	2.8598e-09	3.5337e-08	4.4419e-09	3.0858e-08	5.4171e-10	5.4126e-09	4.956e-10	1.4026e-09	7.6924e-10	4.0634e-09	4.4857e-10	1.2243e-09	6.913e-10	1.722e-09	1.7809e-09	2.7136e-08	1.1693e-10	1.3776e-09	1.8452e-11	2.3879e-11	1.7638e-12	3.799e-12	2.4151e-13	1.4111e-12	2.6322e-13	7.3266e-13	2.3879e-13	7.8693e-13	1.7638e-13	4.3417e-13	7.8693e-14	2.198e-13	2.5779e-14	8.412e-14	4.3417e-14	1.2482e-13	4.0703e-14	1.0854e-13	2.3879e-14	1.2754e-13	2.6864e-14	1.5467e-13	2.9849e-14	7.3266e-14	1.7638e-14	1.8181e-13	1.6281e-14	4.8844e-14	1.1668e-14	4.3417e-14	5.1558e-15	4.8844e-14	8.412e-15	3.799e-14	9.4975e-15	3.799e-14	1.4382e-14	2.3879e-14	4.8844e-15	2.4151e-14	3.5276e-15	2.198e-14	1.9809e-15	2.198e-14	7.598e-15	3.2563e-14	2.1437e-14	4.0703e-14	7.598e-15	1.3296e-14	4.0703e-15	3.799e-14	1.9809e-15	2.198e-15	1.3296e-15
72801.1	9.9834e-05	5.2698e-06	2.5956e-08	9.1203e-09	1.8911e-08	1.4454e-07	2.4916e-08	1.6235e-07	1.397e-09	2.2198e-08	2.7495e-09	3.4068e-08	4.2765e-09	2.977e-08	5.2047e-10	5.2181e-09	4.7584e-10	1.3485e-09	7.3857e-10	3.9147e-09	4.3127e-10	1.1763e-09	6.6463e-10	1.6567e-09	1.7169e-09	2.6196e-08	1.1265e-10	1.3299e-09	1.7813e-11	2.3052e-11	1.7027e-12	3.6674e-12	2.3314e-13	1.3622e-12	2.541e-13	7.0729e-13	2.3052e-13	7.5968e-13	1.7027e-13	4.1913e-13	7.5968e-14	2.1219e-13	2.4886e-14	8.1207e-14	4.1913e-14	1.205e-13	3.9294e-14	1.0478e-13	2.3052e-14	1.2312e-13	2.5934e-14	1.4932e-13	2.8815e-14	7.0729e-14	1.7027e-14	1.7551e-13	1.5718e-14	4.7153e-14	1.1264e-14	4.1913e-14	4.9772e-15	4.7153e-14	8.1207e-15	3.6674e-14	9.1686e-15	3.6674e-14	1.3884e-14	2.3052e-14	4.7153e-15	2.3314e-14	3.4055e-15	2.1219e-14	1.9123e-15	2.1219e-14	7.3348e-15	3.1435e-14	2.0695e-14	3.9294e-14	7.3348e-15	1.2836e-14	3.9294e-15	3.6674e-14	1.9123e-15	2.1219e-15	1.2836e-15
73812.8	9.6199e-05	5.077e-06	2.5022e-08	8.7684e-09	1.8157e-08	1.3925e-07	2.3955e-08	1.5651e-07	1.3413e-09	2.1386e-08	2.6435e-09	3.2843e-08	4.1171e-09	2.872e-08	5.0006e-10	5.0306e-09	4.5686e-10	1.2965e-09	7.0912e-10	3.7714e-09	4.1463e-10	1.1301e-09	6.3899e-10	1.5939e-09	1.6551e-09	2.5288e-08	1.0852e-10	1.2838e-09	1.7196e-11	2.2254e-11	1.6438e-12	3.5404e-12	2.2507e-13	1.315e-12	2.453e-13	6.8279e-13	2.2254e-13	7.3337e-13	1.6438e-13	4.0462e-13	7.3337e-14	2.0484e-13	2.4024e-14	7.8394e-14	4.0462e-14	1.1633e-13	3.7933e-14	1.0115e-13	2.2254e-14	1.1886e-13	2.5036e-14	1.4414e-13	2.7817e-14	6.8279e-14	1.6438e-14	1.6943e-13	1.5173e-14	4.5519e-14	1.0874e-14	4.0462e-14	4.8048e-15	4.5519e-14	7.8394e-15	3.5404e-14	8.851e-15	3.5404e-14	1.3403e-14	2.2254e-14	4.5519e-15	2.2507e-14	3.2875e-15	2.0484e-14	1.8461e-15	2.0484e-14	7.0808e-15	3.0346e-14	1.9978e-14	3.7933e-14	7.0808e-15	1.2391e-14	3.7933e-15	3.5404e-14	1.8461e-15	2.0484e-15	1.2391e-15
74838.6	9.2696e-05	4.8911e-06	2.4122e-08	8.43e-09	1.7433e-08	1.3416e-07	2.3031e-08	1.5088e-07	1.2878e-09	2.0603e-08	2.5415e-09	3.1662e-08	3.9637e-09	2.7706e-08	4.8044e-10	4.8497e-09	4.3864e-10	1.2464e-09	6.8084e-10	3.6334e-09	3.9863e-10	1.0858e-09	6.1433e-10	1.5334e-09	1.5956e-09	2.4412e-08	1.0455e-10	1.2393e-09	1.66e-11	2.1483e-11	1.5868e-12	3.4177e-12	2.1727e-13	1.2694e-12	2.368e-13	6.5913e-13	2.1483e-13	7.0796e-13	1.5868e-13	3.906e-13	7.0796e-14	1.9774e-13	2.3192e-14	7.5678e-14	3.906e-14	1.123e-13	3.6618e-14	9.7649e-14	2.1483e-14	1.1474e-13	2.4168e-14	1.3915e-13	2.6854e-14	6.5913e-14	1.5868e-14	1.6356e-13	1.4647e-14	4.3942e-14	1.0497e-14	3.906e-14	4.6383e-15	4.3942e-14	7.5678e-15	3.4177e-14	8.5443e-15	3.4177e-14	1.2939e-14	2.1483e-14	4.3942e-15	2.1727e-14	3.1736e-15	1.9774e-14	1.7821e-15	1.9774e-14	6.8355e-15	2.9295e-14	1.9286e-14	3.6618e-14	6.8355e-15	1.1962e-14	3.6618e-15	3.4177e-14	1.7821e-15	1.9774e-15	1.1962e-15
75878.7	8.9319e-05	4.712e-06	2.3254e-08	8.1046e-09	1.6737e-08	1.2924e-07	2.2142e-08	1.4546e-07	1.2364e-09	1.9848e-08	2.4434e-09	3.0524e-08	3.8159e-09	2.6728e-08	4.6158e-10	4.6753e-09	4.2114e-10	1.1983e-09	6.5367e-10	3.5003e-09	3.8325e-10	1.0432e-09	5.9061e-10	1.4752e-09	1.5382e-09	2.3566e-08	1.0072e-10	1.1964e-09	1.6025e-11	2.0738e-11	1.5318e-12	3.2993e-12	2.0974e-13	1.2254e-12	2.2859e-13	6.3629e-13	2.0738e-13	6.8342e-13	1.5318e-13	3.7706e-13	6.8342e-14	1.9089e-13	2.2388e-14	7.3056e-14	3.7706e-14	1.0841e-13	3.5349e-14	9.4265e-14	2.0738e-14	1.1076e-13	2.3331e-14	1.3433e-13	2.5923e-14	6.3629e-14	1.5318e-14	1.5789e-13	1.414e-14	4.2419e-14	1.0134e-14	3.7706e-14	4.4776e-15	4.2419e-14	7.3056e-15	3.2993e-14	8.2482e-15	3.2993e-14	1.249e-14	2.0738e-14	4.2419e-15	2.0974e-14	3.0636e-15	1.9089e-14	1.7203e-15	1.9089e-14	6.5986e-15	2.828e-14	1.8617e-14	3.5349e-14	6.5986e-15	1.1547e-14	3.5349e-15	3.2993e-14	1.7203e-15	1.9089e-15	1.1547e-15
76933.2	8.6064e-05	4.5395e-06	2.2417e-08	7.7917e-09	1.6069e-08	1.2451e-07	2.1288e-08	1.4023e-07	1.1871e-09	1.9121e-08	2.3491e-09	2.9426e-08	3.6736e-09	2.5784e-08	4.4347e-10	4.5072e-09	4.0433e-10	1.1521e-09	6.2759e-10	3.3721e-09	3.6845e-10	1.0022e-09	5.6781e-10	1.4193e-09	1.4828e-09	2.2749e-08	9.7031e-11	1.1549e-09	1.547e-11	2.002e-11	1.4787e-12	3.1849e-12	2.0247e-13	1.183e-12	2.2067e-13	6.1423e-13	2.002e-13	6.5973e-13	1.4787e-13	3.6399e-13	6.5973e-14	1.8427e-13	2.1612e-14	7.0523e-14	3.6399e-14	1.0465e-13	3.4124e-14	9.0998e-14	2.002e-14	1.0692e-13	2.2522e-14	1.2967e-13	2.5024e-14	6.1423e-14	1.4787e-14	1.5242e-13	1.365e-14	4.0949e-14	9.7823e-15	3.6399e-14	4.3224e-15	4.0949e-14	7.0523e-15	3.1849e-14	7.9623e-15	3.1849e-14	1.2057e-14	2.002e-14	4.0949e-15	2.0247e-14	2.9574e-15	1.8427e-14	1.6607e-15	1.8427e-14	6.3698e-15	2.7299e-14	1.7972e-14	3.4124e-14	6.3698e-15	1.1147e-14	3.4124e-15	3.1849e-14	1.6607e-15	1.8427e-15	1.1147e-15
78002.4	8.2926e-05	4.3732e-06	2.161e-08	7.4908e-09	1.5427e-08	1.1995e-07	2.0466e-08	1.3518e-07	1.1397e-09	1.8421e-08	2.2584e-09	2.8367e-08	3.5366e-09	2.4874e-08	4.2605e-10	4.345e-09	3.8819e-10	1.1076e-09	6.0254e-10	3.2486e-09	3.5423e-10	9.6284e-10	5.4588e-10	1.3654e-09	1.4295e-09	2.1961e-08	9.3475e-11	1.1149e-09	1.4933e-11	1.9325e-11	1.4274e-12	3.0745e-12	1.9545e-13	1.142e-12	2.1302e-13	5.9294e-13	1.9325e-13	6.3686e-13	1.4274e-13	3.5137e-13	6.3686e-14	1.7788e-13	2.0863e-14	6.8078e-14	3.5137e-14	1.0102e-13	3.2941e-14	8.7843e-14	1.9325e-14	1.0322e-13	2.1741e-14	1.2518e-13	2.4157e-14	5.9294e-14	1.4274e-14	1.4714e-13	1.3176e-14	3.9529e-14	9.4431e-15	3.5137e-14	4.1725e-15	3.9529e-14	6.8078e-15	3.0745e-14	7.6862e-15	3.0745e-14	1.1639e-14	1.9325e-14	3.9529e-15	1.9545e-14	2.8549e-15	1.7788e-14	1.6031e-15	1.7788e-14	6.149e-15	2.6353e-14	1.7349e-14	3.2941e-14	6.149e-15	1.0761e-14	3.2941e-15	3.0745e-14	1.6031e-15	1.7788e-15	1.0761e-15
79086.4	7.9902e-05	4.2129e-06	2.0832e-08	7.2014e-09	1.4811e-08	1.1555e-07	1.9676e-08	1.3032e-07	1.0942e-09	1.7746e-08	2.1712e-09	2.7346e-08	3.4047e-09	2.3995e-08	4.0932e-10	4.1887e-09	3.7269e-10	1.0648e-09	5.7849e-10	3.1296e-09	3.4055e-10	9.2502e-10	5.248e-10	1.3135e-09	1.378e-09	2.1199e-08	9.0049e-11	1.0762e-09	1.4415e-11	1.8655e-11	1.3779e-12	2.9679e-12	1.8867e-13	1.1024e-12	2.0563e-13	5.7238e-13	1.8655e-13	6.1477e-13	1.3779e-13	3.3919e-13	6.1477e-14	1.7171e-13	2.0139e-14	6.5717e-14	3.3919e-14	9.7516e-14	3.1799e-14	8.4797e-14	1.8655e-14	9.9636e-14	2.0987e-14	1.2084e-13	2.3319e-14	5.7238e-14	1.3779e-14	1.4203e-13	1.2719e-14	3.8158e-14	9.1156e-15	3.3919e-14	4.0278e-15	3.8158e-14	6.5717e-15	2.9679e-14	7.4197e-15	2.9679e-14	1.1236e-14	1.8655e-14	3.8158e-15	1.8867e-14	2.7559e-15	1.7171e-14	1.5475e-15	1.7171e-14	5.9358e-15	2.5439e-14	1.6747e-14	3.1799e-14	5.9358e-15	1.0388e-14	3.1799e-15	2.9679e-14	1.5475e-15	1.7171e-15	1.0388e-15
80185.5	7.6988e-05	4.0586e-06	2.0082e-08	6.9232e-09	1.422e-08	1.1132e-07	1.8916e-08	1.2563e-07	1.0505e-09	1.7096e-08	2.0873e-09	2.6362e-08	3.2777e-09	2.3147e-08	3.9325e-10	4.038e-09	3.5781e-10	1.0237e-09	5.5539e-10	3.0149e-09	3.2739e-10	8.8868e-10	5.0452e-10	1.2637e-09	1.3284e-09	2.0464e-08	8.6747e-11	1.0389e-09	1.3915e-11	1.8008e-11	1.3301e-12	2.8649e-12	1.8213e-13	1.0641e-12	1.985e-13	5.5252e-13	1.8008e-13	5.9345e-13	1.3301e-13	3.2742e-13	5.9345e-14	1.6576e-13	1.9441e-14	6.3438e-14	3.2742e-14	9.4134e-14	3.0696e-14	8.1855e-14	1.8008e-14	9.618e-14	2.0259e-14	1.1664e-13	2.251e-14	5.5252e-14	1.3301e-14	1.3711e-13	1.2278e-14	3.6835e-14	8.7994e-15	3.2742e-14	3.8881e-15	3.6835e-14	6.3438e-15	2.8649e-14	7.1623e-15	2.8649e-14	1.0846e-14	1.8008e-14	3.6835e-15	1.8213e-14	2.6603e-15	1.6576e-14	1.4939e-15	1.6576e-14	5.7299e-15	2.4557e-14	1.6166e-14	3.0696e-14	5.7299e-15	1.0027e-14	3.0696e-15	2.8649e-14	1.4939e-15	1.6576e-15	1.0027e-15
81299.9	7.4179e-05	3.9098e-06	1.9359e-08	6.6557e-09	1.3652e-08	1.0724e-07	1.8186e-08	1.2111e-07	1.0085e-09	1.6469e-08	2.0067e-09	2.5413e-08	3.1553e-09	2.2329e-08	3.778e-10	3.8926e-09	3.4352e-10	9.841e-10	5.332e-10	2.9044e-09	3.1474e-10	8.5376e-10	4.8503e-10	1.2157e-09	1.2806e-09	1.9754e-08	8.3567e-11	1.0029e-09	1.3433e-11	1.7383e-11	1.284e-12	2.7655e-12	1.7581e-13	1.0272e-12	1.9161e-13	5.3335e-13	1.7383e-13	5.7286e-13	1.284e-13	3.1606e-13	5.7286e-14	1.6001e-13	1.8766e-14	6.1237e-14	3.1606e-14	9.0868e-14	2.9631e-14	7.9015e-14	1.7383e-14	9.2843e-14	1.9556e-14	1.126e-13	2.1729e-14	5.3335e-14	1.284e-14	1.3235e-13	1.1852e-14	3.5557e-14	8.4942e-15	3.1606e-14	3.7532e-15	3.5557e-14	6.1237e-15	2.7655e-14	6.9138e-15	2.7655e-14	1.047e-14	1.7383e-14	3.5557e-15	1.7581e-14	2.568e-15	1.6001e-14	1.442e-15	1.6001e-14	5.5311e-15	2.3705e-14	1.5606e-14	2.9631e-14	5.5311e-15	9.6794e-15	2.9631e-15	2.7655e-14	1.442e-15	1.6001e-15	9.6794e-16
82429.7	7.1472e-05	3.7664e-06	1.8661e-08	6.3984e-09	1.3106e-08	1.0331e-07	1.7483e-08	1.1675e-07	9.6823e-10	1.5865e-08	1.9292e-09	2.4498e-08	3.0376e-09	2.154e-08	3.6295e-10	3.7524e-09	3.298e-10	9.4607e-10	5.119e-10	2.7979e-09	3.0258e-10	8.202e-10	4.6628e-10	1.1695e-09	1.2344e-09	1.9068e-08	8.0502e-11	9.6806e-10	1.2966e-11	1.678e-11	1.2394e-12	2.6696e-12	1.6971e-13	9.9155e-13	1.8496e-13	5.1485e-13	1.678e-13	5.5298e-13	1.2394e-13	3.0509e-13	5.5298e-14	1.5445e-13	1.8115e-14	5.9112e-14	3.0509e-14	8.7714e-14	2.8603e-14	7.6273e-14	1.678e-14	8.9621e-14	1.8878e-14	1.0869e-13	2.0975e-14	5.1485e-14	1.2394e-14	1.2776e-13	1.1441e-14	3.4323e-14	8.1994e-15	3.0509e-14	3.623e-15	3.4323e-14	5.9112e-15	2.6696e-14	6.6739e-15	2.6696e-14	1.0106e-14	1.678e-14	3.4323e-15	1.6971e-14	2.4789e-15	1.5445e-14	1.392e-15	1.5445e-14	5.3391e-15	2.2882e-14	1.5064e-14	2.8603e-14	5.3391e-15	9.3435e-15	2.8603e-15	2.6696e-14	1.392e-15	1.5445e-15	9.3435e-16
83575.3	6.8863e-05	3.6283e-06	1.7989e-08	6.1511e-09	1.2582e-08	9.9519e-08	1.6807e-08	1.1254e-07	9.2954e-10	1.5283e-08	1.8546e-09	2.3616e-08	2.9242e-09	2.0778e-08	3.4869e-10	3.6173e-09	3.1662e-10	9.095e-10	4.9145e-10	2.6953e-09	2.9088e-10	7.8796e-10	4.4826e-10	1.125e-09	1.19e-09	1.8407e-08	7.7548e-11	9.3446e-10	1.2516e-11	1.6198e-11	1.1964e-12	2.5769e-12	1.6382e-13	9.5714e-13	1.7854e-13	4.9698e-13	1.6198e-13	5.3379e-13	1.1964e-13	2.945e-13	5.3379e-14	1.4909e-13	1.7486e-14	5.706e-14	2.945e-14	8.467e-14	2.761e-14	7.3626e-14	1.6198e-14	8.6511e-14	1.8222e-14	1.0492e-13	2.0247e-14	4.9698e-14	1.1964e-14	1.2332e-13	1.1044e-14	3.3132e-14	7.9148e-15	2.945e-14	3.4972e-15	3.3132e-14	5.706e-15	2.5769e-14	6.4423e-15	2.5769e-14	9.7555e-15	1.6198e-14	3.3132e-15	1.6382e-14	2.3928e-15	1.4909e-14	1.3437e-15	1.4909e-14	5.1538e-15	2.2088e-14	1.4541e-14	2.761e-14	5.1538e-15	9.0192e-15	2.761e-15	2.5769e-14	1.3437e-15	1.4909e-15	9.0192e-16
84736.8	6.6348e-05	3.4952e-06	1.734e-08	5.9132e-09	1.208e-08	9.5868e-08	1.6158e-08	1.0849e-07	8.9239e-10	1.4723e-08	1.7829e-09	2.2765e-08	2.815e-09	2.0043e-08	3.3498e-10	3.487e-09	3.0396e-10	8.7433e-10	4.7181e-10	2.5964e-09	2.7964e-10	7.5698e-10	4.3092e-10	1.0823e-09	1.1471e-09	1.7768e-08	7.4703e-11	9.0203e-10	1.2082e-11	1.5635e-11	1.1549e-12	2.4875e-12	1.5813e-13	9.2391e-13	1.7235e-13	4.7972e-13	1.5635e-13	5.1526e-13	1.1549e-13	2.8428e-13	5.1526e-14	1.4392e-13	1.6879e-14	5.5079e-14	2.8428e-14	8.1731e-14	2.6651e-14	7.107e-14	1.5635e-14	8.3507e-14	1.759e-14	1.0127e-13	1.9544e-14	4.7972e-14	1.1549e-14	1.1904e-13	1.0661e-14	3.1982e-14	7.64e-15	2.8428e-14	3.3758e-15	3.1982e-14	5.5079e-15	2.4875e-14	6.2186e-15	2.4875e-14	9.4168e-15	1.5635e-14	3.1982e-15	1.5813e-14	2.3098e-15	1.4392e-14	1.297e-15	1.4392e-14	4.9749e-15	2.1321e-14	1.4036e-14	2.6651e-14	4.9749e-15	8.7061e-15	2.6651e-15	2.4875e-14	1.297e-15	1.4392e-15	8.7061e-16
85914.4	6.3925e-05	3.367e-06	1.6715e-08	5.6845e-09	1.1597e-08	9.2351e-08	1.5533e-08	1.0458e-07	8.5671e-10	1.4183e-08	1.714e-09	2.1945e-08	2.7098e-09	1.9334e-08	3.2181e-10	3.3614e-09	2.9181e-10	8.4052e-10	4.5295e-10	2.5012e-09	2.6882e-10	7.2721e-10	4.1426e-10	1.0411e-09	1.1057e-09	1.7151e-08	7.1961e-11	8.7071e-10	1.1662e-11	1.5093e-11	1.1148e-12	2.4011e-12	1.5264e-13	8.9183e-13	1.6636e-13	4.6307e-13	1.5093e-13	4.9737e-13	1.1148e-13	2.7441e-13	4.9737e-14	1.3892e-13	1.6293e-14	5.3167e-14	2.7441e-14	7.8893e-14	2.5726e-14	6.8602e-14	1.5093e-14	8.0608e-14	1.6979e-14	9.7758e-14	1.8866e-14	4.6307e-14	1.1148e-14	1.1491e-13	1.029e-14	3.0871e-14	7.3747e-15	2.7441e-14	3.2586e-15	3.0871e-14	5.3167e-15	2.4011e-14	6.0027e-15	2.4011e-14	9.0898e-15	1.5093e-14	3.0871e-15	1.5264e-14	2.2296e-15	1.3892e-14	1.252e-15	1.3892e-14	4.8022e-15	2.0581e-14	1.3549e-14	2.5726e-14	4.8022e-15	8.4038e-15	2.5726e-15	2.4011e-14	1.252e-15	1.3892e-15	8.4038e-16
87108.4	6.1589e-05	3.2434e-06	1.6113e-08	5.4647e-09	1.1133e-08	8.8962e-08	1.4933e-08	1.0081e-07	8.2246e-10	1.3662e-08	1.6477e-09	2.1154e-08	2.6086e-09	1.865e-08	3.0915e-10	3.2402e-09	2.8015e-10	8.0801e-10	4.3484e-10	2.4094e-09	2.5843e-10	6.9861e-10	3.9823e-10	1.0016e-09	1.0659e-09	1.6555e-08	6.932e-11	8.4047e-10	1.1257e-11	1.4568e-11	1.0761e-12	2.3177e-12	1.4734e-13	8.6086e-13	1.6058e-13	4.4698e-13	1.4568e-13	4.8009e-13	1.0761e-13	2.6488e-13	4.8009e-14	1.3409e-13	1.5727e-14	5.132e-14	2.6488e-14	7.6153e-14	2.4832e-14	6.622e-14	1.4568e-14	7.7808e-14	1.6389e-14	9.4363e-14	1.821e-14	4.4698e-14	1.0761e-14	1.1092e-13	9.933e-15	2.9799e-14	7.1186e-15	2.6488e-14	3.1454e-15	2.9799e-14	5.132e-15	2.3177e-14	5.7942e-15	2.3177e-14	8.7741e-15	1.4568e-14	2.9799e-15	1.4734e-14	2.1521e-15	1.3409e-14	1.2085e-15	1.3409e-14	4.6354e-15	1.9866e-14	1.3078e-14	2.4832e-14	4.6354e-15	8.1119e-15	2.4832e-15	2.3177e-14	1.2085e-15	1.3409e-15	8.1119e-16
88319	5.9339e-05	3.1244e-06	1.5531e-08	5.2532e-09	1.0688e-08	8.5697e-08	1.4355e-08	9.7176e-08	7.8956e-10	1.3161e-08	1.5839e-09	2.0391e-08	2.5111e-09	1.799e-08	2.9699e-10	3.1234e-09	2.6894e-10	7.7675e-10	4.1745e-10	2.321e-09	2.4843e-10	6.7112e-10	3.8283e-10	9.6347e-10	1.0274e-09	1.598e-08	6.6775e-11	8.1128e-10	1.0866e-11	1.4062e-11	1.0387e-12	2.2372e-12	1.4222e-13	8.3095e-13	1.55e-13	4.3146e-13	1.4062e-13	4.6342e-13	1.0387e-13	2.5568e-13	4.6342e-14	1.2944e-13	1.5181e-14	4.9538e-14	2.5568e-14	7.3507e-14	2.397e-14	6.3919e-14	1.4062e-14	7.5105e-14	1.582e-14	9.1085e-14	1.7578e-14	4.3146e-14	1.0387e-14	1.0707e-13	9.5879e-15	2.8764e-14	6.8713e-15	2.5568e-14	3.0362e-15	2.8764e-14	4.9538e-15	2.2372e-14	5.593e-15	2.2372e-14	8.4693e-15	1.4062e-14	2.8764e-15	1.4222e-14	2.0774e-15	1.2944e-14	1.1665e-15	1.2944e-14	4.4744e-15	1.9176e-14	1.2624e-14	2.397e-14	4.4744e-15	7.8301e-15	2.397e-15	2.2372e-14	1.1665e-15	1.2944e-15	7.8301e-16
89546.4	5.717e-05	3.0097e-06	1.4971e-08	5.05e-09	1.026e-08	8.2552e-08	1.38e-08	9.3673e-08	7.5798e-10	1.2677e-08	1.5227e-09	1.9656e-08	2.4173e-09	1.7354e-08	2.8531e-10	3.0108e-09	2.5818e-10	7.4669e-10	4.0076e-10	2.2358e-09	2.3882e-10	6.4471e-10	3.6801e-10	9.2682e-10	9.9038e-10	1.5425e-08	6.4323e-11	7.8309e-10	1.0489e-11	1.3574e-11	1.0026e-12	2.1595e-12	1.3728e-13	8.0208e-13	1.4962e-13	4.1647e-13	1.3574e-13	4.4731e-13	1.0026e-13	2.4679e-13	4.4731e-14	1.2494e-13	1.4653e-14	4.7816e-14	2.4679e-14	7.0953e-14	2.3137e-14	6.1699e-14	1.3574e-14	7.2496e-14	1.527e-14	8.7921e-14	1.6967e-14	4.1647e-14	1.0026e-14	1.0335e-13	9.2548e-15	2.7764e-14	6.6326e-15	2.4679e-14	2.9307e-15	2.7764e-14	4.7816e-15	2.1595e-14	5.3986e-15	2.1595e-14	8.1751e-15	1.3574e-14	2.7764e-15	1.3728e-14	2.0052e-15	1.2494e-14	1.126e-15	1.2494e-14	4.3189e-15	1.851e-14	1.2185e-14	2.3137e-14	4.3189e-15	7.5581e-15	2.3137e-15	2.1595e-14	1.126e-15	1.2494e-15	7.5581e-16
90790.8	5.5079e-05	2.8992e-06	1.4431e-08	4.8545e-09	9.8495e-09	7.9521e-08	1.3266e-08	9.0295e-08	7.2766e-10	1.2212e-08	1.4637e-09	1.8947e-08	2.3269e-09	1.6739e-08	2.7408e-10	2.9023e-09	2.4786e-10	7.178e-10	3.8472e-10	2.1537e-09	2.2958e-10	6.1934e-10	3.5377e-10	8.9156e-10	9.5465e-10	1.4889e-08	6.1961e-11	7.5588e-10	1.0124e-11	1.3102e-11	9.6776e-13	2.0844e-12	1.3251e-13	7.7421e-13	1.4442e-13	4.0199e-13	1.3102e-13	4.3177e-13	9.6776e-14	2.3822e-13	4.3177e-14	1.206e-13	1.4144e-14	4.6155e-14	2.3822e-14	6.8488e-14	2.2333e-14	5.9555e-14	1.3102e-14	6.9977e-14	1.474e-14	8.4865e-14	1.6377e-14	4.0199e-14	9.6776e-15	9.9754e-14	8.9332e-15	2.68e-14	6.4021e-15	2.3822e-14	2.8288e-15	2.68e-14	4.6155e-15	2.0844e-14	5.211e-15	2.0844e-14	7.891e-15	1.3102e-14	2.68e-15	1.3251e-14	1.9355e-15	1.206e-14	1.0869e-15	1.206e-14	4.1688e-15	1.7866e-14	1.1762e-14	2.2333e-14	4.1688e-15	7.2954e-15	2.2333e-15	2.0844e-14	1.0869e-15	1.206e-15	7.2954e-16
92052.6	5.3065e-05	2.7927e-06	1.391e-08	4.6666e-09	9.4553e-09	7.66e-08	1.2753e-08	8.7039e-08	6.9854e-10	1.1764e-08	1.4071e-09	1.8264e-08	2.2399e-09	1.6147e-08	2.633e-10	2.7976e-09	2.3794e-10	6.9001e-10	3.6933e-10	2.0746e-09	2.2069e-10	5.9496e-10	3.4008e-10	8.5764e-10	9.2021e-10	1.4371e-08	5.9684e-11	7.2961e-10	9.7724e-12	1.2647e-11	9.3412e-13	2.012e-12	1.279e-13	7.473e-13	1.394e-13	3.8802e-13	1.2647e-13	4.1676e-13	9.3412e-14	2.2994e-13	4.1676e-14	1.1641e-13	1.3653e-14	4.4551e-14	2.2994e-14	6.6107e-14	2.1557e-14	5.7485e-14	1.2647e-14	6.7544e-14	1.4227e-14	8.1916e-14	1.5808e-14	3.8802e-14	9.3412e-15	9.6287e-14	8.6227e-15	2.5868e-14	6.1796e-15	2.2994e-14	2.7305e-15	2.5868e-14	4.4551e-15	2.012e-14	5.0299e-15	2.012e-14	7.6167e-15	1.2647e-14	2.5868e-15	1.279e-14	1.8682e-15	1.1641e-14	1.0491e-15	1.1641e-14	4.0239e-15	1.7245e-14	1.1353e-14	2.1557e-14	4.0239e-15	7.0419e-15	2.1557e-15	2.012e-14	1.0491e-15	1.1641e-15	7.0419e-16
93331.9	5.1124e-05	2.6902e-06	1.3408e-08	4.4859e-09	9.0769e-09	7.3787e-08	1.2259e-08	8.3899e-08	6.7058e-10	1.1331e-08	1.3526e-09	1.7605e-08	2.1562e-09	1.5575e-08	2.5293e-10	2.6967e-09	2.2842e-10	6.633e-10	3.5455e-10	1.9984e-09	2.1215e-10	5.7154e-10	3.2691e-10	8.25e-10	8.87e-10	1.3872e-08	5.7491e-11	7.0425e-10	9.4326e-12	1.2207e-11	9.0165e-13	1.942e-12	1.2346e-13	7.2132e-13	1.3455e-13	3.7453e-13	1.2207e-13	4.0227e-13	9.0165e-14	2.2194e-13	4.0227e-14	1.1236e-13	1.3178e-14	4.3002e-14	2.2194e-14	6.3809e-14	2.0807e-14	5.5486e-14	1.2207e-14	6.5196e-14	1.3733e-14	7.9068e-14	1.5259e-14	3.7453e-14	9.0165e-15	9.2939e-14	8.3229e-15	2.4969e-14	5.9648e-15	2.2194e-14	2.6356e-15	2.4969e-14	4.3002e-15	1.942e-14	4.855e-15	1.942e-14	7.3519e-15	1.2207e-14	2.4969e-15	1.2346e-14	1.8033e-15	1.1236e-14	1.0126e-15	1.1236e-14	3.884e-15	1.6646e-14	1.0959e-14	2.0807e-14	3.884e-15	6.7971e-15	2.0807e-15	1.942e-14	1.0126e-15	1.1236e-15	6.7971e-16
94628.9	4.9253e-05	2.5913e-06	1.2924e-08	4.3122e-09	8.7135e-09	7.1076e-08	1.1785e-08	8.0872e-08	6.4374e-10	1.0915e-08	1.3003e-09	1.697e-08	2.0755e-09	1.5023e-08	2.4297e-10	2.5994e-09	2.1927e-10	6.3761e-10	3.4036e-10	1.925e-09	2.0393e-10	5.4903e-10	3.1425e-10	7.936e-10	8.5499e-10	1.3389e-08	5.5379e-11	6.7977e-10	9.1047e-12	1.1783e-11	8.703e-13	1.8745e-12	1.1916e-13	6.9624e-13	1.2988e-13	3.6151e-13	1.1783e-13	3.8829e-13	8.703e-14	2.1423e-13	3.8829e-14	1.0845e-13	1.272e-14	4.1507e-14	2.1423e-14	6.159e-14	2.0084e-14	5.3557e-14	1.1783e-14	6.2929e-14	1.3255e-14	7.6319e-14	1.4728e-14	3.6151e-14	8.703e-15	8.9708e-14	8.0335e-15	2.4101e-14	5.7574e-15	2.1423e-14	2.544e-15	2.4101e-14	4.1507e-15	1.8745e-14	4.6862e-15	1.8745e-14	7.0963e-15	1.1783e-14	2.4101e-15	1.1916e-14	1.7406e-15	1.0845e-14	9.7741e-16	1.0845e-14	3.749e-15	1.6067e-14	1.0577e-14	2.0084e-14	3.749e-15	6.5607e-15	2.0084e-15	1.8745e-14	9.7741e-16	1.0845e-15	6.5607e-16
95944	4.7451e-05	2.4961e-06	1.2458e-08	4.1452e-09	8.3646e-09	6.8464e-08	1.1328e-08	7.7954e-08	6.1796e-10	1.0514e-08	1.2499e-09	1.6357e-08	1.9979e-09	1.4491e-08	2.3341e-10	2.5056e-09	2.1049e-10	6.1292e-10	3.2673e-10	1.8542e-09	1.9604e-10	5.2741e-10	3.0208e-10	7.6338e-10	8.2413e-10	1.2924e-08	5.3343e-11	6.5613e-10	8.788e-12	1.1373e-11	8.4003e-13	1.8093e-12	1.1502e-13	6.7203e-13	1.2536e-13	3.4894e-13	1.1373e-13	3.7478e-13	8.4003e-14	2.0678e-13	3.7478e-14	1.0468e-13	1.2277e-14	4.0063e-14	2.0678e-14	5.9448e-14	1.9385e-14	5.1694e-14	1.1373e-14	6.0741e-14	1.2794e-14	7.3664e-14	1.4216e-14	3.4894e-14	8.4003e-15	8.6588e-14	7.7541e-15	2.3262e-14	5.5571e-15	2.0678e-14	2.4555e-15	2.3262e-14	4.0063e-15	1.8093e-14	4.5233e-15	1.8093e-14	6.8495e-15	1.1373e-14	2.3262e-15	1.1502e-14	1.6801e-15	1.0468e-14	9.4342e-16	1.0468e-14	3.6186e-15	1.5508e-14	1.021e-14	1.9385e-14	3.6186e-15	6.3326e-15	1.9385e-15	1.8093e-14	9.4342e-16	1.0468e-15	6.3326e-16
97277.4	4.5714e-05	2.4044e-06	1.2008e-08	3.9846e-09	8.0296e-09	6.5948e-08	1.089e-08	7.514e-08	5.9322e-10	1.0128e-08	1.2015e-09	1.5767e-08	1.9231e-09	1.3978e-08	2.2421e-10	2.4152e-09	2.0207e-10	5.8917e-10	3.1365e-10	1.7861e-09	1.8844e-10	5.0663e-10	2.9038e-10	7.3432e-10	7.9437e-10	1.2474e-08	5.1382e-11	6.3331e-10	8.4824e-12	1.0977e-11	8.1081e-13	1.7464e-12	1.1102e-13	6.4865e-13	1.21e-13	3.368e-13	1.0977e-13	3.6175e-13	8.1081e-14	1.9958e-13	3.6175e-14	1.0104e-13	1.185e-14	3.867e-14	1.9958e-14	5.7381e-14	1.8711e-14	4.9896e-14	1.0977e-14	5.8628e-14	1.2349e-14	7.1102e-14	1.3721e-14	3.368e-14	8.1081e-15	8.3576e-14	7.4844e-15	2.2453e-14	5.3638e-15	1.9958e-14	2.3701e-15	2.2453e-14	3.867e-15	1.7464e-14	4.3659e-15	1.7464e-14	6.6112e-15	1.0977e-14	2.2453e-15	1.1102e-14	1.6216e-15	1.0104e-14	9.1061e-16	1.0104e-14	3.4927e-15	1.4969e-14	9.8545e-15	1.8711e-14	3.4927e-15	6.1123e-15	1.8711e-15	1.7464e-14	9.1061e-16	1.0104e-15	6.1123e-16
98629.3	4.404e-05	2.316e-06	1.1574e-08	3.8302e-09	7.708e-09	6.3524e-08	1.0468e-08	7.2427e-08	5.6946e-10	9.7553e-09	1.155e-09	1.5198e-08	1.8512e-09	1.3482e-08	2.1538e-10	2.328e-09	1.9397e-10	5.6635e-10	3.0109e-10	1.7204e-09	1.8114e-10	4.8667e-10	2.7913e-10	7.0635e-10	7.6568e-10	1.204e-08	4.9493e-11	6.1128e-10	8.1873e-12	1.0595e-11	7.8261e-13	1.6856e-12	1.0716e-13	6.2608e-13	1.1679e-13	3.2508e-13	1.0595e-13	3.4916e-13	7.8261e-14	1.9264e-13	3.4916e-14	9.7525e-14	1.1438e-14	3.7324e-14	1.9264e-14	5.5384e-14	1.806e-14	4.816e-14	1.0595e-14	5.6588e-14	1.192e-14	6.8628e-14	1.3244e-14	3.2508e-14	7.8261e-15	8.0669e-14	7.224e-15	2.1672e-14	5.1772e-15	1.9264e-14	2.2876e-15	2.1672e-14	3.7324e-15	1.6856e-14	4.214e-15	1.6856e-14	6.3812e-15	1.0595e-14	2.1672e-15	1.0716e-14	1.5652e-15	9.7525e-15	8.7893e-16	9.7525e-15	3.3712e-15	1.4448e-14	9.5117e-15	1.806e-14	3.3712e-15	5.8996e-15	1.806e-15	1.6856e-14	8.7893e-16	9.7525e-16	5.8996e-16
100000	4.243e-05	2.231e-06	1.1157e-08	3.6821e-09	7.3998e-09	6.1193e-08	1.0063e-08	6.9817e-08	5.4669e-10	9.3973e-09	1.1103e-09	1.465e-08	1.782e-09	1.3005e-08	2.0691e-10	2.2441e-09	1.8622e-10	5.4444e-10	2.8905e-10	1.6573e-09	1.7414e-10	4.6753e-10	2.6833e-10	6.795e-10	7.3808e-10	1.1622e-08	4.7676e-11	5.9005e-10	7.9029e-12	1.0227e-11	7.5542e-13	1.6271e-12	1.0344e-13	6.0434e-13	1.1273e-13	3.1379e-13	1.0227e-13	3.3704e-13	7.5542e-14	1.8595e-13	3.3704e-14	9.4138e-14	1.1041e-14	3.6028e-14	1.8595e-14	5.3461e-14	1.7433e-14	4.6488e-14	1.0227e-14	5.4623e-14	1.1506e-14	6.6245e-14	1.2784e-14	3.1379e-14	7.5542e-15	7.7867e-14	6.9732e-15	2.0919e-14	4.9974e-15	1.8595e-14	2.2082e-15	2.0919e-14	3.6028e-15	1.6271e-14	4.0677e-15	1.6271e-14	6.1596e-15	1.0227e-14	2.0919e-15	1.0344e-14	1.5108e-15	9.4138e-15	8.484e-16	9.4138e-15	3.2541e-15	1.3946e-14	9.1813e-15	1.7433e-14	3.2541e-15	5.6947e-15	1.7433e-15	1.6271e-14	8.484e-16	9.4138e-16	5.6947e-16
